"RefID","source_ID","source_class","target_ID","target_class","Quote","Location","Author","Title","Journal","Year","PMID/ISBN","pmid_isbn_page","UID","Unknown","Figure","HcoRefID"
1000003,2000,"CA3 Pyr",4036,"CA1 AA","All neurons [pyramidal neurons; chandelier/axo-axonic, basket, O/A, and L-M interneurons] in CA1 receive inputs from both Schaffer and commissural pathways (Frotscher and Zimmer, 1983; Frotscher et al., 1984; Schwartzkroin and Kunkel, 1985: Nitsch et al., 1990) and synapses are usually located in the stratum radiatum and oriens (Frotscher et al., 1984).","p499, right upper","Bernard C, Wheal HV","Model of local connectivity patterns in CA3 and CA1 areas of the hippocampus","Hippocampus",1994,7889123,0,NULL,NULL,NULL,NULL
1000003,2000,"CA3 Pyr",4078,"CA1 basket","All neurons [pyramidal neurons; chandelier/axo-axonic, basket, O/A, and L-M interneurons] in CA1 receive inputs from both Schaffer and commissural pathways (Frotscher and Zimmer, 1983; Frotscher et al., 1984; Schwartzkroin and Kunkel, 1985: Nitsch et al., 1990) and synapses are usually located in the stratum radiatum and oriens (Frotscher et al., 1984).","p499, right upper","Bernard C, Wheal HV","Model of local connectivity patterns in CA3 and CA1 areas of the hippocampus","Hippocampus",1994,7889123,0,NULL,NULL,NULL,NULL
1000003,2000,"CA3 Pyr",4055,"CA1 O/A","All neurons [pyramidal neurons; chandelier/axo-axonic, basket, O/A, and L-M interneurons] in CA1 receive inputs from both Schaffer and commissural pathways (Frotscher and Zimmer, 1983; Frotscher et al., 1984; Schwartzkroin and Kunkel, 1985: Nitsch et al., 1990) and synapses are usually located in the stratum radiatum and oriens (Frotscher et al., 1984).","p499, right upper","Bernard C, Wheal HV","Model of local connectivity patterns in CA3 and CA1 areas of the hippocampus","Hippocampus",1994,7889123,0,NULL,NULL,NULL,NULL
1000003,2000,"CA3 Pyr",4069,"CA1 O-LM","All neurons [pyramidal neurons; chandelier/axo-axonic, basket, O/A, and L-M interneurons] in CA1 receive inputs from both Schaffer and commissural pathways (Frotscher and Zimmer, 1983; Frotscher et al., 1984; Schwartzkroin and Kunkel, 1985: Nitsch et al., 1990) and synapses are usually located in the stratum radiatum and oriens (Frotscher et al., 1984).","p499, right upper","Bernard C, Wheal HV","Model of local connectivity patterns in CA3 and CA1 areas of the hippocampus","Hippocampus",1994,7889123,0,NULL,NULL,NULL,NULL
1000003,2000,"CA3 Pyr",4000,"CA1 Pyr","All neurons [pyramidal neurons; chandelier/axo-axonic, basket, O/A, and L-M interneurons] in CA1 receive inputs from both Schaffer and commissural pathways (Frotscher and Zimmer, 1983; Frotscher et al., 1984; Schwartzkroin and Kunkel, 1985: Nitsch et al., 1990) and synapses are usually located in the stratum radiatum and oriens (Frotscher et al., 1984).","p499, right upper","Bernard C, Wheal HV","Model of local connectivity patterns in CA3 and CA1 areas of the hippocampus","Hippocampus",1994,7889123,0,NULL,NULL,NULL,NULL
1000012,2000,"CA3 Pyr",4000,"CA1 Pyr","It is also known that CA3 pyramidal cells have multiple axonal branchings seen as a bundle of parallel axons (Finch and Babb, 1981). Apart from the Schaffer collateral (Sayer et al., 1989) at least three sister collaterals can be found vertically in the stratum radiatum (Andersen, 1990). This gives a minimum of 4 X 1.3 = 5.2 synaptic contacts from a single CA3 pyramidal cell onto a single CA1 pyramidal cell. Moreover, single radiatum fibres have been reported to produce multiple synapses with single CA1 pyramidal cells (Sorra and Harris, 1993).","p499, right lower","Bernard C, Wheal HV","Model of local connectivity patterns in CA3 and CA1 areas of the hippocampus","Hippocampus",1994,7889123,0,NULL,NULL,NULL,NULL
1000120,2028,"CA3 AA",2000,"CA3 Pyr","the number of synapses made on the initial segment, i.e., 100-200 (Kosaka, 1980) for five [CA3] chandelier [axo-axonic] cells contacting one [CA3] pyramidal cell (Best et al., 1993a","p505, left lower","Bernard C, Wheal HV","Model of local connectivity patterns in CA3 and CA1 areas of the hippocampus","Hippocampus",1994,7889123,0,NULL,NULL,NULL,NULL
1000366,1000,"GC",1035,"DG Basket","The most distinctive of these are the pyramidal basket cells, which have large triangular somata located at or beneath the hilar margin of the GL [granular layer] and an axon originating from an apical dendrite. Seress and his collaborators recognized four additional types with somata in the GL and inner ML [molecular layer] (Ribak and Seress, 1983; Seress and Pokorny, 1981). All described basket cell types possess an apical dendritic arbor ascending into the ML, receiving perforant path (see Extrinsic input: The retrohippocampal region) and commissural associational input (see Intrinsic connections: Excitatory polymorphic cells), and a basal dendritic arbor, usually descending into the hilus and receiving input from granule cell axons (see Intrinsic connections: Granule cells). Basket cells with somata in the ML are located furthest from the hilus and possess only one or two dendrites penetrating the GL.","p249, left middle","Patton PE, McNaughton B","Connection matrix of the hippocampal formation: I The dentate gyrus","Hippocampus",1995,8589792,0,NULL,NULL,NULL,NULL
1000480,1000,"GC",2000,"CA3 Pyr","[Dentate gyrus granule neuron] MFs [mossy fibers] form two major types of synapse in the stratum lucidum of the CA3, and these two types display a high degree of target selectivity and functional specialization. Namely, the unusually large (3-6 microm; so-called giant) MF terminals innervate primarily pyramidal cells, whereas small filopodia emanating from the giant terminals and small en passant boutons contact GABAergic cells (Acsady et al., 1998).","p4239, left lower","Szabadics J, Soltesz I","Functional specificity of mossy fiber innervation of GABAergic cells in the hippocampus","The Journal of Neuroscience",2009,19339618,0,NULL,NULL,NULL,NULL
1000486,1000,"GC",2043,"CA3 Basket","Figure 2. MFs [mossy fibers] are monosynaptically connected to FSBCs [fast-spiking basket cells] in CA3. A, Dendritic (gray) and axonal (black) arborizations, firing pattern, and immunoreactivities of a representative FSBC that received monosynaptic MF inputs. Circle graph indicates the relative proportion of the FSBCs (shaded black in the circle graph) that received monosynaptic inputs from MFs of the 14 MF-FSBC pairs (BIO, biocytin; ori, stratum oriens; pyr, stratum pyramidale; luc, stratum lucidum) (calibration for the firing pattern: 20 mV, 200 ms). ? C, An example FSBC in the CA3 that received MF-EPSC and had significant axonal innervations of the DG granule cell layer (black, axon; gray, dendrite).","p4242, Figure 2A,C","Szabadics J, Soltesz I","Functional specificity of mossy fiber innervation of GABAergic cells in the hippocampus","The Journal of Neuroscience",2009,19339618,0,NULL,NULL,NULL,NULL
1000489,1000,"GC",2044,"CA3 Basket CCK+","Figure 3. MFs [mossy fibers] are monosynaptically connected to RSBCs [regular-spiking basket cells] in CA3. A, Dendritic (gray) and axonal (black) arborizations, firing pattern, and immunoreactivities of a representative RSBC that received monosynaptic MF inputs. Circle graph indicates the relative proportion of the RSBCs (shaded black in the circle graph) that were monosynaptically connected to presynaptic MFs from the 29 tested MF-RSBC pairs (BIO, biocytin; ori, stratum oriens; pyr, stratum pyramidale; luc, stratum lucidum) (calibration for the firingpattern: 20 mV, 200 ms).","p4243, Figure 3A","Szabadics J, Soltesz I","Functional specificity of mossy fiber innervation of GABAergic cells in the hippocampus","The Journal of Neuroscience",2009,19339618,0,NULL,NULL,NULL,NULL
1000498,2046,"CA3 Ivy",2000,"CA3 Pyr","However, in contrast to hippocampal neurogliaform cells (Price et al., 2005), [CA3] IvyCs [ivy cells] release GABA onto the proximal dendritic region of pyramidal cells as they innervate the inner portion of stratum radiatum and stratum oriens (Fuentealba et al., 2008). The most characteristic property of IvyCs was their dense axonal arborization in strata radiatum and oriens forming small and frequent boutons (all IvyCs showed the latter property) (supplemental Fig. 5A,C,D, available at www.jneurosci.org as supplemental material) (note that the present data comprise the first description of IvyCs out side of the CA1 region).","p4243, right lower","Szabadics J, Soltesz I","Functional specificity of mossy fiber innervation of GABAergic cells in the hippocampus","The Journal of Neuroscience",2009,19339618,0,NULL,NULL,NULL,NULL
1000504,1000,"GC",4081,"CA3 Ivy","Figure 4. MFs [mossy fibers] are monosynaptically connected to IvyCs [ivy cells] in CA3. A, Axonal arborization, firing pattern, and immunoreactivities of a representative IvyC. Circle graph indicates the relative proportion of the IvyCs (shaded black in the circle graph) that received monosynaptic inputs from MFs of the 30 MF-IvyC pairs (BIO, biocytin; ori, stratum oriens; pyr, stratum pyramidale; luc, stratum lucidum; rad, stratum radiatum) (calibration for the firing pattern: 20 mV, 200 ms).","p4244, Figure 4A","Szabadics J, Soltesz I","Functional specificity of mossy fiber innervation of GABAergic cells in the hippocampus","The Journal of Neuroscience",2009,19339618,0,NULL,NULL,NULL,NULL
1000507,1000,"GC",2019,"CA3 Spiny lucidum cell","Figure 5. MFs [mossy fibers] are monosynaptically connected to SLCs [spiny lucidum cells] in CA3. A, Dendritic (gray) and axonal (black arborizations firing pattern, the spiny dendritic surface, and immunoreactivities of a representative SLC that received monosynaptic MF inputs. Note that the SLC dendrites aligned with the stratum lucidum. Asterisk marks the severed main (presumably long distance-projecting) axon of the SLC on the surface of the slice. Circle graph indicates the relative proportion of the SLCs (shaded black in the circle graph) that received monosynaptic input from MFs of the 46 MF?SLC pairs (BIO, biocytin; ori, stratum oriens; pyr, stratum pyramidale; luc, stratum lucidum) (calibration for the firing pattern: 20 mV, 200 ms). B, Top (gray), Average action potential trace from a MF that was monosynaptically connected to a SLC. Middle traces (black), Representative single traces from three SLCs that received monosynaptic inputs from MFs. Bottom (black), Average MF-evoked responses from all SLCs that received monosynaptic MF inputs (see C) (the average of the average responses from all 15 connected pairs is shown). Dashed lines indicate the peak of presynaptic action potentials and asterisks mark monosynaptic events in SLCs. Note the relatively frequent spontaneous events on the single traces. C, Synaptic connections from MFs could be observed in SLCs, mostly only during long trains of presynaptic stimulation because of low initial transmission probabilities. C1, Postsynaptic trace in a SLC in response to stimulation of presynaptic MF with 50 action potentials at 50 Hz. C2, Probability of monosynaptic EPSCs in SLCs (n = 15) during long presynaptic MF trains (plot aligned with presynaptic action potentials on the top in C1; same frequency and number of action potentials as in sample trace). Asterisks mark significant differences (paired Wilcoxon test; p < 0.05 or smaller). C3, Superimposed presynaptic action potentials (top) and postsynaptic responses (bottom). Note the change in the width of the action potentials characteristic for MFs and the variability of the amplitude of the evoked events. D, An example SLC that projected from the CA3 to the DG. Note that the main axon exited the surface of the slice (asterisk).","p4245, Figure 5A,D","Szabadics J, Soltesz I","Functional specificity of mossy fiber innervation of GABAergic cells in the hippocampus","The Journal of Neuroscience",2009,19339618,0,NULL,NULL,NULL,NULL
1000519,1000,"GC",2019,"CA3 Spiny lucidum cell","Similar to FSBCs [fast-spiking basket cells], SLCs [spiny lucidum cells] also receive numerous MF [mossy fiber] inputs. The unique dendritic orientation of SLCs along the strata lucidum suggests that MFs may be a primary source of synaptic excitation in this septum-projecting GABAergic cell type (Wittner et al., 2006).","p4249, right upper","Szabadics J, Soltesz I","Functional specificity of mossy fiber innervation of GABAergic cells in the hippocampus","The Journal of Neuroscience",2009,19339618,0,NULL,NULL,NULL,NULL
1000519,1000,"GC",2043,"CA3 Basket PV","Similar to FSBCs [fast-spiking basket cells], SLCs [spiny lucidum cells] also receive numerous MF [mossy fiber] inputs. The unique dendritic orientation of SLCs along the strata lucidum suggests that MFs may be a primary source of synaptic excitation in this septum-projecting GABAergic cell type (Wittner et al., 2006).","p4249, right upper","Szabadics J, Soltesz I","Functional specificity of mossy fiber innervation of GABAergic cells in the hippocampus","The Journal of Neuroscience",2009,19339618,0,NULL,NULL,NULL,NULL
1000543,4081,"CA1 Ivy",4000,"CA1 Pyr","The randomly sampled [CA1 ivy neuron] synapses (n = 11 for P2a; n = 13 for T134b; n = 10 for T140b) had small synaptic junctions targeting mainly dendritic shafts (81%, Figures 3E and 3H) of pyramidal cells, including basal dendrites in stratum oriens and oblique dendritic shafts in stratum radiatum.","p918, right lower","Fuentealba P, Begum R, Capogna M, Jinno S, MÂrton LF, Csicsvari J, Thomson A, Somogyi P, Klausberger T","Ivy cells: a population of nitric-oxide-producing, slow-spiking GABAergic neurons and their involvement in hippocampal network activity","Neuron",2008,18367092,0,NULL,NULL,NULL,NULL
1000544,4000,"CA1 Pyr",4000,"CA1 Pyr","Figure 6. Synaptic Transmission and Reconstruction of a Reciprocally Connected Ivy and Pyramidal Cell Pair in the CA1 Region of the Hippocampus (A) Reconstruction (from a 450-[micro]m-thick slice) of the Ivy cell {CA1 CA1 Ivy} (soma/dendrites in orange, axon in yellow) and the pyramidal cell (soma/dendrites in light blue, axon in white). A large portion of the interneuron's axonal arbor is located in stratum pyramidale and stratum oriens, with very few collaterals extending into stratum radiatum and alveus. (B) Responses of the Ivy cell to injected current pulses, demonstrating the frequency adaptation seen in these interneurons. (C) Action potentials elicited by just suprathreshold current pulses in the pyramidal cell (mauve trace), the Ivy cell (orange trace), and a bistratified cell recorded in another experiment (gray trace) are superimposed. The Ivy cell action potential is similar in width to that of the pyramidal cell and is considerably broader than the action potential in the bistratified cell. (D) Composite averages of the excitatory postsynaptic potentials (EPSPs) elicited by the pyramidal cell in the Ivy cell, demonstrating the strong paired pulse and brief train depression typical of these inputs. (E) Composite averages of the inhibitory postsynaptic potentials (IPSPs) elicited by the Ivy cell in the pyramidal cell, demonstrating the typically slow time course and paired pulse depression of the IPSPs. (F) Photomicrographs of the Ivy cell at two different magnifications to illustrate a putative synaptic input from the pyramidal cell to the interneuron (red arrows). Two such putative contacts were identified. The lower bouton and contact site is directly above the dendrite and not visible on this micrograph. Vertical scale bars: (B), 20 mV; (C), 20 mV; (D) EPSPs, 2 mV; spike, 20 mV; (E) spike, 20 mV; IPSP, 1 mV. Horizontal scale bars: (A), 100 _m; (B), 40 ms; (C), 2 ms; (D), 20 ms; (E), 50 ms; (F) left, 5 _m; right, 2.5 _m.","p925, Fig. 6","Fuentealba P, Begum R, Capogna M, Jinno S, MÂrton LF, Csicsvari J, Thomson A, Somogyi P, Klausberger T","Ivy cells: a population of nitric-oxide-producing, slow-spiking GABAergic neurons and their involvement in hippocampal network activity","Neuron",2008,18367092,0,NULL,NULL,NULL,NULL
1000544,4081,"CA1 Ivy",4000,"CA1 Pyr","Figure 6. Synaptic Transmission and Reconstruction of a Reciprocally Connected Ivy and Pyramidal Cell Pair in the CA1 Region of the Hippocampus (A) Reconstruction (from a 450-[micro]m-thick slice) of the Ivy cell {CA1 CA1 Ivy} (soma/dendrites in orange, axon in yellow) and the pyramidal cell (soma/dendrites in light blue, axon in white). A large portion of the interneuron's axonal arbor is located in stratum pyramidale and stratum oriens, with very few collaterals extending into stratum radiatum and alveus. (B) Responses of the Ivy cell to injected current pulses, demonstrating the frequency adaptation seen in these interneurons. (C) Action potentials elicited by just suprathreshold current pulses in the pyramidal cell (mauve trace), the Ivy cell (orange trace), and a bistratified cell recorded in another experiment (gray trace) are superimposed. The Ivy cell action potential is similar in width to that of the pyramidal cell and is considerably broader than the action potential in the bistratified cell. (D) Composite averages of the excitatory postsynaptic potentials (EPSPs) elicited by the pyramidal cell in the Ivy cell, demonstrating the strong paired pulse and brief train depression typical of these inputs. (E) Composite averages of the inhibitory postsynaptic potentials (IPSPs) elicited by the Ivy cell in the pyramidal cell, demonstrating the typically slow time course and paired pulse depression of the IPSPs. (F) Photomicrographs of the Ivy cell at two different magnifications to illustrate a putative synaptic input from the pyramidal cell to the interneuron (red arrows). Two such putative contacts were identified. The lower bouton and contact site is directly above the dendrite and not visible on this micrograph. Vertical scale bars: (B), 20 mV; (C), 20 mV; (D) EPSPs, 2 mV; spike, 20 mV; (E) spike, 20 mV; IPSP, 1 mV. Horizontal scale bars: (A), 100 _m; (B), 40 ms; (C), 2 ms; (D), 20 ms; (E), 50 ms; (F) left, 5 _m; right, 2.5 _m.","p925, Fig. 6","Fuentealba P, Begum R, Capogna M, Jinno S, MÂrton LF, Csicsvari J, Thomson A, Somogyi P, Klausberger T","Ivy cells: a population of nitric-oxide-producing, slow-spiking GABAergic neurons and their involvement in hippocampal network activity","Neuron",2008,18367092,0,NULL,NULL,NULL,NULL
1000547,4069,"CA1 O-LM",4000,"CA1 Pyr","O-LM cells {CA1 CA1 O-LM} (no. 1, Fig. 1) In the CA1 area, O-LM [oriens--lacunosum-moleculare] cells {CA1 CA1 O-LM} are located in stratum oriens and have horizontally extending dendrites with hairy spines on distal segments. The axons of O-LM cells give few collaterals in stratum oriens but project mainly through the strata pyramidale and radiatum to branch heavily in stratum lacunosum-moleculare (Ramon y Cajal, 1893; McBain et al.,1994; Sik et al., 1995; Maccaferri & McBain, 1996), matching the glutamatergic input from the entorhinal cortex and thalamus. The axons give some collaterals also in the deep stratum radiatum but do not cross the fissure to the dentate gyrus (Fig. 2F). The main glutamatergic input to O-LM cells {CA1 CA1 O-LM} arises from local CA1 pyramidal cells {CA1 CA1 Pyramidal} (Blasco-Ibanez & Freund, 1995) and O-LM cells in turn project to the apical tuft of CA1 pyramidal cells and other interneurons (Katona et al., 1999a; Maccaferri et al., 2000).","p948, left middle","Klausberger T","GABAergic interneurons targeting dendrites of pyramidal cells in the CA1 area of the hippocampus","European Journal of Neuroscience",2009,19735288,0,NULL,NULL,NULL,NULL
1000548,4000,"CA1 Pyr",4069,"CA1 O-LM","O-LM cells {CA1 CA1 O-LM} (no. 1, Fig. 1) In the CA1 area, O-LM [oriens--lacunosum-moleculare] cells {CA1 CA1 O-LM} are located in stratum oriens and have horizontally extending dendrites with hairy spines on distal segments. The axons of O-LM cells give few collaterals in stratum oriens but project mainly through the strata pyramidale and radiatum to branch heavily in stratum lacunosum-moleculare (Ramon y Cajal, 1893; McBain et al.,1994; Sik et al., 1995; Maccaferri & McBain, 1996), matching the glutamatergic input from the entorhinal cortex and thalamus. The axons give some collaterals also in the deep stratum radiatum but do not cross the fissure to the dentate gyrus (Fig. 2F). The main glutamatergic input to O-LM cells {CA1 CA1 O-LM} arises from local CA1 pyramidal cells {CA1 CA1 Pyramidal} (Blasco-Ibanez & Freund, 1995) and O-LM cells in turn project to the apical tuft of CA1 pyramidal cells and other interneurons (Katona et al., 1999a; Maccaferri et al., 2000).","p948, left middle","Klausberger T","GABAergic interneurons targeting dendrites of pyramidal cells in the CA1 area of the hippocampus","European Journal of Neuroscience",2009,19735288,0,NULL,NULL,NULL,NULL
1000549,4080,"CA1 Bistratified",4000,"CA1 Pyr","Fig. 2. Distinct spike timing of a [CA1] bistratified {CA1 CA1 Bistratified} and an O-LM[oriens--lacunosum-moleculare] {CA1 CA1 O-LM} interneuron during gamma oscillations. (A) Reconstruction of the neurobiotin-labelled soma and dendrites (red; shown complete) and axons (yellow; shown from only five 70-[micro]m-thick sections). A pyramidal cell is superimposed in blue for orientation (different scale and animal). (B) Light micrograph of putative dendritic self-innervation sites (red arrow in A). Black and red arrowheads mark axon and dendrite, respectively. (C) Electron micrograph showing a terminal of the same bistratified cell (black) making a type 2 synapse (arrow) with an oblique pyramidal dendrite (dend). (D) Extracellularly recorded action potentials (APs, top) and local field potentials (LFP, bottom, recorded extracellularly with a second electrode in SP) with filtered gamma oscillations (bandpass 30-80 Hz; middle). The bistratified cell fires preferentially at the ascending gamma phase. (E) Average discharge rates as a function of gamma phase (per 36 bin; two cycles are shown with troughs at 0 [degrees], 360 [degrees] and 720 [degrees]). (F) Reconstructions of the neurobiotin-labelled somata and dendrites (red; shown complete) and axons (yellow; shown from only 12 70-[micro]m-thick sections). (G) The neurobiotin-labelled O-LM cell {CA1 CA1 O-LM} is immunopositive for PV[parvalbumin], somatostatin and mGluR1a. (H) Extracellularly recorded action potentials (APs, top) and local field potentials (LFP, bottom, recorded extracellularly with a second electrode in SP) with filtered gamma oscillations (bandpass 30-80 Hz; middle). The O-LM cell firing is not coupled to any particular gamma phase. (I) Average discharge rates as a function of gamma phase (per 36 bin; two cycles are shown). SLM, stratum lacunosum moleculare; SR, stratum radiatum; SP, stratum pyramidale; SO, stratum oriens. Scale bars: A, 100 [micro]m; B, 10 [micro]m; C, 0.2 [micro]m; D, horizontal 0.05 s; vertical from top to bottom 2 mV, 0.2 mV, 0.2 mV; F, 100 [micro]m; G,10 [micro]m; H, horizontal 0.1 s; vertical from top to bottom 0.2 mV, 0.1 mV, 0.4 mV. Reproduced, with permission, from Tukker et al. (2007).","p949, Fig. 2","Klausberger T","GABAergic interneurons targeting dendrites of pyramidal cells in the CA1 area of the hippocampus","European Journal of Neuroscience",2009,19735288,0,NULL,NULL,NULL,NULL
1000550,4080,"CA1 Bistratified",4000,"CA1 Pyr","The axonal arborization of bistratified cells {CA1 CA1 Bistratified} [CA1] (Buhl et al., 1994; Pawelzik et al., 1997) overlaps with the glutamatergic input from CA3 pyramidal cells in stratum radiatum and oriens (Fig. 2A). This two-layered axonal arrangement gives the cell its name. Bistratified cells make GABA[gamma aminobutyric-acid]ergic synapses with basal and oblique dendrites of CA1 pyramidal cells (Buhl et al., 1994; Maccaferri et al., 2000; Pawelzik et al., 2002; Klausberger et al., 2004). Their somata are mainly located in stratum pyramidale, but oriens-bistratified cells with somata and horizontally running dendrites in stratum oriens have also been reported (Maccaferri et al., 2000). The dendrites of bistratified cells in stratum pyramidale extend widely in the strata oriens and radiatum and form connexin36-containing gap junctions with other interneurons (Baude et al., 2007). In contrast to basket and axo-axonic cells, the dendrites of bistratified cells do not enter stratum lacunosum-moleculare but often bend back at the radiatum/lacunosum-moleculare border (Fig. 2A).","p949, left top","Klausberger T","GABAergic interneurons targeting dendrites of pyramidal cells in the CA1 area of the hippocampus","European Journal of Neuroscience",2009,19735288,0,NULL,NULL,NULL,NULL
1000573,4023,"CA1 Back Proj",4000,"CA1 Pyr","Fig. 1. At least 12 types of GABAergic interneuron divided into four cell groups innervate dendrites of CA1 pyramidal cells. The main termination of five glutamatergic inputs are indicated on the left. The somata and dendrites of interneurons innervating pyramidal cell (orange) dendrites are coloured according to four cell groups. Axons and the main synaptic terminations are yellow. Note the association of the output synapses of different interneuron types with either the Schaffer collateral/commissural or the entorhinal pathway termination zones. Abbreviations: str., stratum; lac. mol., lacunosum moleculare; pyr., pyramidale; or., oriens; g., gyrus; O-LM, oriens lacunosum-moleculare; PP, perforant path; retrohippoc., retrohippocampal projecting.","p948, Figure 1","Klausberger T","GABAergic interneurons targeting dendrites of pyramidal cells in the CA1 area of the hippocampus","European Journal of Neuroscience",2009,19735288,0,NULL,NULL,NULL,NULL
1000573,4080,"CA1 Bistratified",4000,"CA1 Pyr","Fig. 1. At least 12 types of GABAergic interneuron divided into four cell groups innervate dendrites of CA1 pyramidal cells. The main termination of five glutamatergic inputs are indicated on the left. The somata and dendrites of interneurons innervating pyramidal cell (orange) dendrites are coloured according to four cell groups. Axons and the main synaptic terminations are yellow. Note the association of the output synapses of different interneuron types with either the Schaffer collateral/commissural or the entorhinal pathway termination zones. Abbreviations: str., stratum; lac. mol., lacunosum moleculare; pyr., pyramidale; or., oriens; g., gyrus; O-LM, oriens lacunosum-moleculare; PP, perforant path; retrohippoc., retrohippocampal projecting.","p948, Figure 1","Klausberger T","GABAergic interneurons targeting dendrites of pyramidal cells in the CA1 area of the hippocampus","European Journal of Neuroscience",2009,19735288,0,NULL,NULL,NULL,NULL
1000573,4081,"CA1 Ivy",4000,"CA1 Pyr","Fig. 1. At least 12 types of GABAergic interneuron divided into four cell groups innervate dendrites of CA1 pyramidal cells. The main termination of five glutamatergic inputs are indicated on the left. The somata and dendrites of interneurons innervating pyramidal cell (orange) dendrites are coloured according to four cell groups. Axons and the main synaptic terminations are yellow. Note the association of the output synapses of different interneuron types with either the Schaffer collateral/commissural or the entorhinal pathway termination zones. Abbreviations: str., stratum; lac. mol., lacunosum moleculare; pyr., pyramidale; or., oriens; g., gyrus; O-LM, oriens lacunosum-moleculare; PP, perforant path; retrohippoc., retrohippocampal projecting.","p948, Figure 1","Klausberger T","GABAergic interneurons targeting dendrites of pyramidal cells in the CA1 area of the hippocampus","European Journal of Neuroscience",2009,19735288,0,NULL,NULL,NULL,NULL
1000573,4012,"CA1 NG 3000",4000,"CA1 Pyr","Fig. 1. At least 12 types of GABAergic interneuron divided into four cell groups innervate dendrites of CA1 pyramidal cells. The main termination of five glutamatergic inputs are indicated on the left. The somata and dendrites of interneurons innervating pyramidal cell (orange) dendrites are coloured according to four cell groups. Axons and the main synaptic terminations are yellow. Note the association of the output synapses of different interneuron types with either the Schaffer collateral/commissural or the entorhinal pathway termination zones. Abbreviations: str., stratum; lac. mol., lacunosum moleculare; pyr., pyramidale; or., oriens; g., gyrus; O-LM, oriens lacunosum-moleculare; PP, perforant path; retrohippoc., retrohippocampal projecting.","p948, Figure 1","Klausberger T","GABAergic interneurons targeting dendrites of pyramidal cells in the CA1 area of the hippocampus","European Journal of Neuroscience",2009,19735288,0,NULL,NULL,NULL,NULL
1000573,4069,"CA1 O-LM",4000,"CA1 Pyr","Fig. 1. At least 12 types of GABAergic interneuron divided into four cell groups innervate dendrites of CA1 pyramidal cells. The main termination of five glutamatergic inputs are indicated on the left. The somata and dendrites of interneurons innervating pyramidal cell (orange) dendrites are coloured according to four cell groups. Axons and the main synaptic terminations are yellow. Note the association of the output synapses of different interneuron types with either the Schaffer collateral/commissural or the entorhinal pathway termination zones. Abbreviations: str., stratum; lac. mol., lacunosum moleculare; pyr., pyramidale; or., oriens; g., gyrus; O-LM, oriens lacunosum-moleculare; PP, perforant path; retrohippoc., retrohippocampal projecting.","p948, Figure 1","Klausberger T","GABAergic interneurons targeting dendrites of pyramidal cells in the CA1 area of the hippocampus","European Journal of Neuroscience",2009,19735288,0,NULL,NULL,NULL,NULL
1000573,4006,"CA1 PPA 3200p",4000,"CA1 Pyr","Fig. 1. At least 12 types of GABAergic interneuron divided into four cell groups innervate dendrites of CA1 pyramidal cells. The main termination of five glutamatergic inputs are indicated on the left. The somata and dendrites of interneurons innervating pyramidal cell (orange) dendrites are coloured according to four cell groups. Axons and the main synaptic terminations are yellow. Note the association of the output synapses of different interneuron types with either the Schaffer collateral/commissural or the entorhinal pathway termination zones. Abbreviations: str., stratum; lac. mol., lacunosum moleculare; pyr., pyramidale; or., oriens; g., gyrus; O-LM, oriens lacunosum-moleculare; PP, perforant path; retrohippoc., retrohippocampal projecting.","p948, Figure 1","Klausberger T","GABAergic interneurons targeting dendrites of pyramidal cells in the CA1 area of the hippocampus","European Journal of Neuroscience",2009,19735288,0,NULL,NULL,NULL,NULL
1000573,4015,"CA1 SCA 2311",4000,"CA1 Pyr","Fig. 1. At least 12 types of GABAergic interneuron divided into four cell groups innervate dendrites of CA1 pyramidal cells. The main termination of five glutamatergic inputs are indicated on the left. The somata and dendrites of interneurons innervating pyramidal cell (orange) dendrites are coloured according to four cell groups. Axons and the main synaptic terminations are yellow. Note the association of the output synapses of different interneuron types with either the Schaffer collateral/commissural or the entorhinal pathway termination zones. Abbreviations: str., stratum; lac. mol., lacunosum moleculare; pyr., pyramidale; or., oriens; g., gyrus; O-LM, oriens lacunosum-moleculare; PP, perforant path; retrohippoc., retrohippocampal projecting.","p948, Figure 1","Klausberger T","GABAergic interneurons targeting dendrites of pyramidal cells in the CA1 area of the hippocampus","European Journal of Neuroscience",2009,19735288,0,NULL,NULL,NULL,NULL
1000573,4035,"CA1 Trilam 0113p",4000,"CA1 Pyr","Fig. 1. At least 12 types of GABAergic interneuron divided into four cell groups innervate dendrites of CA1 pyramidal cells. The main termination of five glutamatergic inputs are indicated on the left. The somata and dendrites of interneurons innervating pyramidal cell (orange) dendrites are coloured according to four cell groups. Axons and the main synaptic terminations are yellow. Note the association of the output synapses of different interneuron types with either the Schaffer collateral/commissural or the entorhinal pathway termination zones. Abbreviations: str., stratum; lac. mol., lacunosum moleculare; pyr., pyramidale; or., oriens; g., gyrus; O-LM, oriens lacunosum-moleculare; PP, perforant path; retrohippoc., retrohippocampal projecting.","p948, Figure 1","Klausberger T","GABAergic interneurons targeting dendrites of pyramidal cells in the CA1 area of the hippocampus","European Journal of Neuroscience",2009,19735288,0,NULL,NULL,NULL,NULL
1000579,4080,"CA1 Bistratified",4000,"CA1 Pyr","Bistratified cells (no. 2, Fig. 1) The axonal arborization of bistratified cells (Buhl et al., 1994; Pawelzik et al., 1997) overlaps with the glutamatergic input from CA3 pyramidal cells in stratum radiatum and oriens (Fig. 2A). This two-layered axonal arrangement gives the cell its name. Bistratified cells make GABAergic synapses with basal and oblique dendrites of CA1 pyramidal cells (Buhl et al., 1994; Maccaferri et al., 2000; Pawelzik et al., 2002; Klausberger et al., 2004). Their somata are mainly located in stratum pyramidale, but oriens-bistratified cells with somata and horizontally running dendrites in stratum oriens have also been reported (Maccaferri et al., 2000). The dendrites of bistratified cells in stratum pyramidale extend widely in the strata oriens and radiatum and form connexin36-containing gap junctions with other interneurons (Baude et al., 2007). In contrast to basket and axo-axonic cells, the dendrites of bistratified cells do not enter stratum lacunosum-moleculare but often bend back at the radiatum/lacunosum-moleculare border (Fig. 2A).","p949, left upper","Klausberger T","GABAergic interneurons targeting dendrites of pyramidal cells in the CA1 area of the hippocampus","European Journal of Neuroscience",2009,19735288,0,NULL,NULL,NULL,NULL
1000582,4015,"CA1 SCA 2311",4000,"CA1 Pyr","Schaffer collateral-associated cells (no. 3, Fig. 1) The somata of Schaffer collateral-associated cells are located mainly in stratum radiatum with dendrites spanning all layers. The axons of these cells innervate the oblique and to a lesser extent basal dendrites of CA1 pyramidal cells and interneurons in stratum radiatum and oriens, matching the excitatory input from CA3 pyramidal cells, giving the cell its name. In contrast to bistratified cells, the axons of Schaffer collateral associated cells are concentrated more in stratum radiatum than in stratum oriens (Cossart et al., 1998; Vida et al., 1998; Cope et al., 2002; Pawelzik et al., 2002).","p949, right middle","Klausberger T","GABAergic interneurons targeting dendrites of pyramidal cells in the CA1 area of the hippocampus","European Journal of Neuroscience",2009,19735288,0,NULL,NULL,NULL,NULL
1000591,4069,"CA1 O-LM",4000,"CA1 Pyr","Perforant path-associated cells (no. 5, Fig. 1) The cell bodies of perforant path-associated cells (Fig. 3) are often located at the stratum radiatum/lacunosum moleculare border and their dendrites can either cover all layers or remain in stratum lacunosum moleculare and adjacent stratum radiatum. The axons of this cell type are concentrated in stratum lacunosum moleculare, overlapping with the excitatory perforant path input from the entorhinal cortex, giving the cell its name (Hajos & Mody, 1997; Cossart et al., 1998; Vida et al., 1998; Pawelzik et al., 2002; Klausberger et al., 2005). Thus, the axons of both O-LM and perforant path-associated cells innervate the apical tuft of CA1 pyramidal cells.","p950, right middle","Klausberger T","GABAergic interneurons targeting dendrites of pyramidal cells in the CA1 area of the hippocampus","European Journal of Neuroscience",2009,19735288,0,NULL,NULL,NULL,NULL
1000592,4069,"CA1 O-LM",4000,"CA1 Pyr","Perforant path-associated cells (no. 5, Fig. 1) The cell bodies of perforant path-associated cells (Fig. 3) are often located at the stratum radiatum/lacunosum moleculare border and their dendrites can either cover all layers or remain in stratum lacunosum moleculare and adjacent stratum radiatum. The axons of this cell type are concentrated in stratum lacunosum moleculare, overlapping with the excitatory perforant path input from the entorhinal cortex, giving the cell its name (Hajos & Mody, 1997; Cossart et al., 1998; Vida et al., 1998; Pawelzik et al., 2002; Klausberger et al., 2005). Thus, the axons of both O-LM and perforant path-associated cells innervate the apical tuft of CA1 pyramidal cells.","p950, right middle","Klausberger T","GABAergic interneurons targeting dendrites of pyramidal cells in the CA1 area of the hippocampus","European Journal of Neuroscience",2009,19735288,0,NULL,NULL,NULL,NULL
1000592,4006,"CA1 PPA 3200p",4000,"CA1 Pyr","Perforant path-associated cells (no. 5, Fig. 1) The cell bodies of perforant path-associated cells (Fig. 3) are often located at the stratum radiatum/lacunosum moleculare border and their dendrites can either cover all layers or remain in stratum lacunosum moleculare and adjacent stratum radiatum. The axons of this cell type are concentrated in stratum lacunosum moleculare, overlapping with the excitatory perforant path input from the entorhinal cortex, giving the cell its name (Hajos & Mody, 1997; Cossart et al., 1998; Vida et al., 1998; Pawelzik et al., 2002; Klausberger et al., 2005). Thus, the axons of both O-LM and perforant path-associated cells innervate the apical tuft of CA1 pyramidal cells.","p950, right middle","Klausberger T","GABAergic interneurons targeting dendrites of pyramidal cells in the CA1 area of the hippocampus","European Journal of Neuroscience",2009,19735288,0,NULL,NULL,NULL,NULL
1000605,4081,"CA1 Ivy",4000,"CA1 Pyr","In contrast to neurogliaform cells innervating the apical tuft of pyramidal cells, the very dense axons of ivy cells {CA1 CA1 Ivy} (Fig. 4), resembling the thick branching of this plant, cover stratum oriens and radiatum [CA1], making synapses onto the basal and oblique dendrites of pyramidal cells (Fuentealba et al., 2008; Szabadics & Soltesz, 2009). The cell bodies of ivy cells {CA1 CA1 Ivy} are located in stratum pyramidale and radiatum and the usually short dendrites can cover all layers.","p951, left middle","Klausberger T","GABAergic interneurons targeting dendrites of pyramidal cells in the CA1 area of the hippocampus","European Journal of Neuroscience",2009,19735288,0,NULL,NULL,NULL,NULL
1000606,4035,"CA1 Trilam 0113p",4000,"CA1 Pyr","Trilaminar cells (no. 9, Fig. 1) Trilaminar cell (Sik et al., 1995; Ferraguti et al., 2005) somata are located in the stratum oriens with horizontally running dendrites. It should be noted that this distinct cell type is not simply defined by axonal arborizations in three layers (strata oriens, pyramidale and radiatum), because many other distinct interneurons innervate the same layers. Trilaminar cells not only innervate the dendrites but also to a lesser extent the somata of CA1 pyramidal cells.","p952, left middle","Klausberger T","GABAergic interneurons targeting dendrites of pyramidal cells in the CA1 area of the hippocampus","European Journal of Neuroscience",2009,19735288,0,NULL,NULL,NULL,NULL
1000618,4023,"CA1 Back Proj",4000,"CA1 Pyr","All types of interneuron innervating apical tufts of pyramidal cells in lacunosum-moleculare reduce firing during ripple oscillations ... O-LM (Klausberger et al., 2003), CCK-expressing perforant path-associated (Klausberger et al., 2005) and radiatum retrohippocampal projecting cells (Jinno et al., 2007) all reduce their firing during ripple oscillations (for the neurogliaform cells no published data are available at this time). This is remarkable because the apical tuft of pyramidal cells in stratum lacunosum-moleculare, receiving excitatory input from the entorhinal cortex and thalamus, has not been a major subject of investigation in connection to sharp wave-associated ripples. Ripples in the CA1 area are generated by strong excitatory input from CA3 pyramidal cells innervating the basal and oblique CA1 pyramidal cell dendrites in strata oriens and radiatum (Csicsvari et al., 2000). The activity of layer 3 principal cells in the entorhinal cortex projecting to CA1 stratum lacunosum-moleculare during ripple oscillations in the CA1 hippocampus has not yet been determined.","p953, left lower","Klausberger T","GABAergic interneurons targeting dendrites of pyramidal cells in the CA1 area of the hippocampus","European Journal of Neuroscience",2009,19735288,0,NULL,NULL,NULL,NULL
1000618,4069,"CA1 O-LM",4000,"CA1 Pyr","All types of interneuron innervating apical tufts of pyramidal cells in lacunosum-moleculare reduce firing during ripple oscillations ... O-LM (Klausberger et al., 2003), CCK-expressing perforant path-associated (Klausberger et al., 2005) and radiatum retrohippocampal projecting cells (Jinno et al., 2007) all reduce their firing during ripple oscillations (for the neurogliaform cells no published data are available at this time). This is remarkable because the apical tuft of pyramidal cells in stratum lacunosum-moleculare, receiving excitatory input from the entorhinal cortex and thalamus, has not been a major subject of investigation in connection to sharp wave-associated ripples. Ripples in the CA1 area are generated by strong excitatory input from CA3 pyramidal cells innervating the basal and oblique CA1 pyramidal cell dendrites in strata oriens and radiatum (Csicsvari et al., 2000). The activity of layer 3 principal cells in the entorhinal cortex projecting to CA1 stratum lacunosum-moleculare during ripple oscillations in the CA1 hippocampus has not yet been determined.","p953, left lower","Klausberger T","GABAergic interneurons targeting dendrites of pyramidal cells in the CA1 area of the hippocampus","European Journal of Neuroscience",2009,19735288,0,NULL,NULL,NULL,NULL
1000618,4006,"CA1 PPA 3200p",4000,"CA1 Pyr","All types of interneuron innervating apical tufts of pyramidal cells in lacunosum-moleculare reduce firing during ripple oscillations ... O-LM (Klausberger et al., 2003), CCK-expressing perforant path-associated (Klausberger et al., 2005) and radiatum retrohippocampal projecting cells (Jinno et al., 2007) all reduce their firing during ripple oscillations (for the neurogliaform cells no published data are available at this time). This is remarkable because the apical tuft of pyramidal cells in stratum lacunosum-moleculare, receiving excitatory input from the entorhinal cortex and thalamus, has not been a major subject of investigation in connection to sharp wave-associated ripples. Ripples in the CA1 area are generated by strong excitatory input from CA3 pyramidal cells innervating the basal and oblique CA1 pyramidal cell dendrites in strata oriens and radiatum (Csicsvari et al., 2000). The activity of layer 3 principal cells in the entorhinal cortex projecting to CA1 stratum lacunosum-moleculare during ripple oscillations in the CA1 hippocampus has not yet been determined.","p953, left lower","Klausberger T","GABAergic interneurons targeting dendrites of pyramidal cells in the CA1 area of the hippocampus","European Journal of Neuroscience",2009,19735288,0,NULL,NULL,NULL,NULL
1000621,4023,"CA1 Back Proj",4000,"CA1 Pyr","The long-range projecting neurons (Fig. 5) that also innervate the basal and oblique dendrites of pyramidal cells in strata oriens and radiatum (trilaminar cell, oriens retrohippocampal projecting cell, double projecting cell) discharge with firing patterns similar to bistratified cells during ripple oscillations (Jinno et al., 2007).","p953, right middle","Klausberger T","GABAergic interneurons targeting dendrites of pyramidal cells in the CA1 area of the hippocampus","European Journal of Neuroscience",2009,19735288,0,NULL,NULL,NULL,NULL
1000621,4035,"CA1 Trilam 0113p",4000,"CA1 Pyr","The long-range projecting neurons (Fig. 5) that also innervate the basal and oblique dendrites of pyramidal cells in strata oriens and radiatum (trilaminar cell, oriens retrohippocampal projecting cell, double projecting cell) discharge with firing patterns similar to bistratified cells during ripple oscillations (Jinno et al., 2007).","p953, right middle","Klausberger T","GABAergic interneurons targeting dendrites of pyramidal cells in the CA1 area of the hippocampus","European Journal of Neuroscience",2009,19735288,0,NULL,NULL,NULL,NULL
1000630,4036,"CA1 AA",4000,"CA1 Pyr","Fig. 1. Three types of pyramidal cell are accompanied by at least 21 classes of interneuron in the hippocampal CA1 area. The main termination of five glutamatergic inputs are indicated on the left. The somata and dendrites of interneurons innervating pyramidal cells (blue) are orange, and those innervating mainly other interneurons are pink. Axons are purple; the main synaptic terminations are yellow. Note the association of the output synapses of different interneuron types with the perisomatic region (left) and either the Schaffer collateral/commissural or the entorhinal pathway termination zones (right), respectively. VIP, vasoactive intestinal polypeptide; VGLUT, vesicular glutamate transporter; O-LM, oriens lacunosum moleculare.","p54, Figure 1","Klausberger T, Somogyi P","Neuronal diversity and temporal dynamics: the unity of hippocampal circuit operations","Science",2008,18599766,0,NULL,NULL,NULL,NULL
1000630,4023,"CA1 Back Proj",4000,"CA1 Pyr","Fig. 1. Three types of pyramidal cell are accompanied by at least 21 classes of interneuron in the hippocampal CA1 area. The main termination of five glutamatergic inputs are indicated on the left. The somata and dendrites of interneurons innervating pyramidal cells (blue) are orange, and those innervating mainly other interneurons are pink. Axons are purple; the main synaptic terminations are yellow. Note the association of the output synapses of different interneuron types with the perisomatic region (left) and either the Schaffer collateral/commissural or the entorhinal pathway termination zones (right), respectively. VIP, vasoactive intestinal polypeptide; VGLUT, vesicular glutamate transporter; O-LM, oriens lacunosum moleculare.","p54, Figure 1","Klausberger T, Somogyi P","Neuronal diversity and temporal dynamics: the unity of hippocampal circuit operations","Science",2008,18599766,0,NULL,NULL,NULL,NULL
1000630,4078,"CA1 BC",4000,"CA1 Pyr","Fig. 1. Three types of pyramidal cell are accompanied by at least 21 classes of interneuron in the hippocampal CA1 area. The main termination of five glutamatergic inputs are indicated on the left. The somata and dendrites of interneurons innervating pyramidal cells (blue) are orange, and those innervating mainly other interneurons are pink. Axons are purple; the main synaptic terminations are yellow. Note the association of the output synapses of different interneuron types with the perisomatic region (left) and either the Schaffer collateral/commissural or the entorhinal pathway termination zones (right), respectively. VIP, vasoactive intestinal polypeptide; VGLUT, vesicular glutamate transporter; O-LM, oriens lacunosum moleculare.","p54, Figure 1","Klausberger T, Somogyi P","Neuronal diversity and temporal dynamics: the unity of hippocampal circuit operations","Science",2008,18599766,0,NULL,NULL,NULL,NULL
1000630,4079,"CA1 BC-CCK",4000,"CA1 Pyr","Fig. 1. Three types of pyramidal cell are accompanied by at least 21 classes of interneuron in the hippocampal CA1 area. The main termination of five glutamatergic inputs are indicated on the left. The somata and dendrites of interneurons innervating pyramidal cells (blue) are orange, and those innervating mainly other interneurons are pink. Axons are purple; the main synaptic terminations are yellow. Note the association of the output synapses of different interneuron types with the perisomatic region (left) and either the Schaffer collateral/commissural or the entorhinal pathway termination zones (right), respectively. VIP, vasoactive intestinal polypeptide; VGLUT, vesicular glutamate transporter; O-LM, oriens lacunosum moleculare.","p54, Figure 1","Klausberger T, Somogyi P","Neuronal diversity and temporal dynamics: the unity of hippocampal circuit operations","Science",2008,18599766,0,NULL,NULL,NULL,NULL
1000630,4080,"CA1 Bistratified",4000,"CA1 Pyr","Fig. 1. Three types of pyramidal cell are accompanied by at least 21 classes of interneuron in the hippocampal CA1 area. The main termination of five glutamatergic inputs are indicated on the left. The somata and dendrites of interneurons innervating pyramidal cells (blue) are orange, and those innervating mainly other interneurons are pink. Axons are purple; the main synaptic terminations are yellow. Note the association of the output synapses of different interneuron types with the perisomatic region (left) and either the Schaffer collateral/commissural or the entorhinal pathway termination zones (right), respectively. VIP, vasoactive intestinal polypeptide; VGLUT, vesicular glutamate transporter; O-LM, oriens lacunosum moleculare.","p54, Figure 1","Klausberger T, Somogyi P","Neuronal diversity and temporal dynamics: the unity of hippocampal circuit operations","Science",2008,18599766,0,NULL,NULL,NULL,NULL
1000630,NULL,"CA1 IS I (no type)",4000,"CA1 Pyr","Fig. 1. Three types of pyramidal cell are accompanied by at least 21 classes of interneuron in the hippocampal CA1 area. The main termination of five glutamatergic inputs are indicated on the left. The somata and dendrites of interneurons innervating pyramidal cells (blue) are orange, and those innervating mainly other interneurons are pink. Axons are purple; the main synaptic terminations are yellow. Note the association of the output synapses of different interneuron types with the perisomatic region (left) and either the Schaffer collateral/commissural or the entorhinal pathway termination zones (right), respectively. VIP, vasoactive intestinal polypeptide; VGLUT, vesicular glutamate transporter; O-LM, oriens lacunosum moleculare.","p54, Figure 1","Klausberger T, Somogyi P","Neuronal diversity and temporal dynamics: the unity of hippocampal circuit operations","Science",2008,18599766,0,NULL,NULL,NULL,NULL
1000630,4021,"CA1 IS II",4000,"CA1 Pyr","Fig. 1. Three types of pyramidal cell are accompanied by at least 21 classes of interneuron in the hippocampal CA1 area. The main termination of five glutamatergic inputs are indicated on the left. The somata and dendrites of interneurons innervating pyramidal cells (blue) are orange, and those innervating mainly other interneurons are pink. Axons are purple; the main synaptic terminations are yellow. Note the association of the output synapses of different interneuron types with the perisomatic region (left) and either the Schaffer collateral/commissural or the entorhinal pathway termination zones (right), respectively. VIP, vasoactive intestinal polypeptide; VGLUT, vesicular glutamate transporter; O-LM, oriens lacunosum moleculare.","p54, Figure 1","Klausberger T, Somogyi P","Neuronal diversity and temporal dynamics: the unity of hippocampal circuit operations","Science",2008,18599766,0,NULL,NULL,NULL,NULL
1000630,4020,"CA1 IS III",4000,"CA1 Pyr","Fig. 1. Three types of pyramidal cell are accompanied by at least 21 classes of interneuron in the hippocampal CA1 area. The main termination of five glutamatergic inputs are indicated on the left. The somata and dendrites of interneurons innervating pyramidal cells (blue) are orange, and those innervating mainly other interneurons are pink. Axons are purple; the main synaptic terminations are yellow. Note the association of the output synapses of different interneuron types with the perisomatic region (left) and either the Schaffer collateral/commissural or the entorhinal pathway termination zones (right), respectively. VIP, vasoactive intestinal polypeptide; VGLUT, vesicular glutamate transporter; O-LM, oriens lacunosum moleculare.","p54, Figure 1","Klausberger T, Somogyi P","Neuronal diversity and temporal dynamics: the unity of hippocampal circuit operations","Science",2008,18599766,0,NULL,NULL,NULL,NULL
1000630,4081,"CA1 Ivy",4000,"CA1 Pyr","Fig. 1. Three types of pyramidal cell are accompanied by at least 21 classes of interneuron in the hippocampal CA1 area. The main termination of five glutamatergic inputs are indicated on the left. The somata and dendrites of interneurons innervating pyramidal cells (blue) are orange, and those innervating mainly other interneurons are pink. Axons are purple; the main synaptic terminations are yellow. Note the association of the output synapses of different interneuron types with the perisomatic region (left) and either the Schaffer collateral/commissural or the entorhinal pathway termination zones (right), respectively. VIP, vasoactive intestinal polypeptide; VGLUT, vesicular glutamate transporter; O-LM, oriens lacunosum moleculare.","p54, Figure 1","Klausberger T, Somogyi P","Neuronal diversity and temporal dynamics: the unity of hippocampal circuit operations","Science",2008,18599766,0,NULL,NULL,NULL,NULL
1000630,4012,"CA1 NG 3000",4000,"CA1 Pyr","Fig. 1. Three types of pyramidal cell are accompanied by at least 21 classes of interneuron in the hippocampal CA1 area. The main termination of five glutamatergic inputs are indicated on the left. The somata and dendrites of interneurons innervating pyramidal cells (blue) are orange, and those innervating mainly other interneurons are pink. Axons are purple; the main synaptic terminations are yellow. Note the association of the output synapses of different interneuron types with the perisomatic region (left) and either the Schaffer collateral/commissural or the entorhinal pathway termination zones (right), respectively. VIP, vasoactive intestinal polypeptide; VGLUT, vesicular glutamate transporter; O-LM, oriens lacunosum moleculare.","p54, Figure 1","Klausberger T, Somogyi P","Neuronal diversity and temporal dynamics: the unity of hippocampal circuit operations","Science",2008,18599766,0,NULL,NULL,NULL,NULL
1000630,4069,"CA1 O-LM",4000,"CA1 Pyr","Fig. 1. Three types of pyramidal cell are accompanied by at least 21 classes of interneuron in the hippocampal CA1 area. The main termination of five glutamatergic inputs are indicated on the left. The somata and dendrites of interneurons innervating pyramidal cells (blue) are orange, and those innervating mainly other interneurons are pink. Axons are purple; the main synaptic terminations are yellow. Note the association of the output synapses of different interneuron types with the perisomatic region (left) and either the Schaffer collateral/commissural or the entorhinal pathway termination zones (right), respectively. VIP, vasoactive intestinal polypeptide; VGLUT, vesicular glutamate transporter; O-LM, oriens lacunosum moleculare.","p54, Figure 1","Klausberger T, Somogyi P","Neuronal diversity and temporal dynamics: the unity of hippocampal circuit operations","Science",2008,18599766,0,NULL,NULL,NULL,NULL
1000630,4006,"CA1 PPA 3200p",4000,"CA1 Pyr","Fig. 1. Three types of pyramidal cell are accompanied by at least 21 classes of interneuron in the hippocampal CA1 area. The main termination of five glutamatergic inputs are indicated on the left. The somata and dendrites of interneurons innervating pyramidal cells (blue) are orange, and those innervating mainly other interneurons are pink. Axons are purple; the main synaptic terminations are yellow. Note the association of the output synapses of different interneuron types with the perisomatic region (left) and either the Schaffer collateral/commissural or the entorhinal pathway termination zones (right), respectively. VIP, vasoactive intestinal polypeptide; VGLUT, vesicular glutamate transporter; O-LM, oriens lacunosum moleculare.","p54, Figure 1","Klausberger T, Somogyi P","Neuronal diversity and temporal dynamics: the unity of hippocampal circuit operations","Science",2008,18599766,0,NULL,NULL,NULL,NULL
1000630,4015,"CA1 SCA 2311",4000,"CA1 Pyr","Fig. 1. Three types of pyramidal cell are accompanied by at least 21 classes of interneuron in the hippocampal CA1 area. The main termination of five glutamatergic inputs are indicated on the left. The somata and dendrites of interneurons innervating pyramidal cells (blue) are orange, and those innervating mainly other interneurons are pink. Axons are purple; the main synaptic terminations are yellow. Note the association of the output synapses of different interneuron types with the perisomatic region (left) and either the Schaffer collateral/commissural or the entorhinal pathway termination zones (right), respectively. VIP, vasoactive intestinal polypeptide; VGLUT, vesicular glutamate transporter; O-LM, oriens lacunosum moleculare.","p54, Figure 1","Klausberger T, Somogyi P","Neuronal diversity and temporal dynamics: the unity of hippocampal circuit operations","Science",2008,18599766,0,NULL,NULL,NULL,NULL
1000630,4035,"CA1 Trilam 0113p",4000,"CA1 Pyr","Fig. 1. Three types of pyramidal cell are accompanied by at least 21 classes of interneuron in the hippocampal CA1 area. The main termination of five glutamatergic inputs are indicated on the left. The somata and dendrites of interneurons innervating pyramidal cells (blue) are orange, and those innervating mainly other interneurons are pink. Axons are purple; the main synaptic terminations are yellow. Note the association of the output synapses of different interneuron types with the perisomatic region (left) and either the Schaffer collateral/commissural or the entorhinal pathway termination zones (right), respectively. VIP, vasoactive intestinal polypeptide; VGLUT, vesicular glutamate transporter; O-LM, oriens lacunosum moleculare.","p54, Figure 1","Klausberger T, Somogyi P","Neuronal diversity and temporal dynamics: the unity of hippocampal circuit operations","Science",2008,18599766,0,NULL,NULL,NULL,NULL
1000632,4036,"CA1 AA",4000,"CA1 Pyr","Interestingly, different types of parvalbumin[PV]-expressing, GABA[gamma aminobutyric acid]ergic interneuron also innervate distinct subcellular domains: Axo-axonic cells {CA1 CA1 Axo-Axonic} (Fig. 1, type 1) innervate exclusively the axon-initial segment of pyramidal cells; basket cells {CA1 CA1 Basket} (Fig. 1, type 2) innervate the cell bodies and proximal dendrites; bistratified cells {CA1 CA1 Bistratified} (Fig. 1, type 5) innervate the basal and oblique dendrites co-aligned with the CA3 glutamatergic input; and oriens-lacunosum moleculare (O-LM) interneurons {CA1 CA1 O-LM} (Fig. 1, type 7) target the apical dendritic tuft aligned with the entorhinal cortical input.","p53, right top","Klausberger T, Somogyi P","Neuronal diversity and temporal dynamics: the unity of hippocampal circuit operations","Science",2008,18599766,0,NULL,NULL,NULL,NULL
1000645,4036,"CA1 AA",4000,"CA1 Pyr","Figure 1. Innervation of pyramidal cells by 12 types of GABAergic interneuron and interneurons by 4 types of interneuron specific cell in the CA1 area of the hippocampus The main lamina specific glutamatergic inputs are indicated on the left. The somata and dendrites of interneurons innervating pyramidal cells are shown in orange, those innervating mainly or exclusively other interneurons are shown in pink. Axons are shown in light green and the main termination zone of GABAergic synapses are shown by yellow symbols.","p11, Figure 1","Somogyi P, Klausberger T","Defined types of cortical interneurone structure space and spike timing in the hippocampus","The Journal of Physiology",2005,15539390,0,NULL,NULL,NULL,NULL
1000645,4023,"CA1 Back Proj",4000,"CA1 Pyr","Figure 1. Innervation of pyramidal cells by 12 types of GABAergic interneuron and interneurons by 4 types of interneuron specific cell in the CA1 area of the hippocampus The main lamina specific glutamatergic inputs are indicated on the left. The somata and dendrites of interneurons innervating pyramidal cells are shown in orange, those innervating mainly or exclusively other interneurons are shown in pink. Axons are shown in light green and the main termination zone of GABAergic synapses are shown by yellow symbols.","p11, Figure 1","Somogyi P, Klausberger T","Defined types of cortical interneurone structure space and spike timing in the hippocampus","The Journal of Physiology",2005,15539390,0,NULL,NULL,NULL,NULL
1000645,4078,"CA1 BC",4000,"CA1 Pyr","Figure 1. Innervation of pyramidal cells by 12 types of GABAergic interneuron and interneurons by 4 types of interneuron specific cell in the CA1 area of the hippocampus The main lamina specific glutamatergic inputs are indicated on the left. The somata and dendrites of interneurons innervating pyramidal cells are shown in orange, those innervating mainly or exclusively other interneurons are shown in pink. Axons are shown in light green and the main termination zone of GABAergic synapses are shown by yellow symbols.","p11, Figure 1","Somogyi P, Klausberger T","Defined types of cortical interneurone structure space and spike timing in the hippocampus","The Journal of Physiology",2005,15539390,0,NULL,NULL,NULL,NULL
1000645,4079,"CA1 BC-CCK",4000,"CA1 Pyr","Figure 1. Innervation of pyramidal cells by 12 types of GABAergic interneuron and interneurons by 4 types of interneuron specific cell in the CA1 area of the hippocampus The main lamina specific glutamatergic inputs are indicated on the left. The somata and dendrites of interneurons innervating pyramidal cells are shown in orange, those innervating mainly or exclusively other interneurons are shown in pink. Axons are shown in light green and the main termination zone of GABAergic synapses are shown by yellow symbols.","p11, Figure 1","Somogyi P, Klausberger T","Defined types of cortical interneurone structure space and spike timing in the hippocampus","The Journal of Physiology",2005,15539390,0,NULL,NULL,NULL,NULL
1000645,4080,"CA1 Bistratified",4000,"CA1 Pyr","Figure 1. Innervation of pyramidal cells by 12 types of GABAergic interneuron and interneurons by 4 types of interneuron specific cell in the CA1 area of the hippocampus The main lamina specific glutamatergic inputs are indicated on the left. The somata and dendrites of interneurons innervating pyramidal cells are shown in orange, those innervating mainly or exclusively other interneurons are shown in pink. Axons are shown in light green and the main termination zone of GABAergic synapses are shown by yellow symbols.","p11, Figure 1","Somogyi P, Klausberger T","Defined types of cortical interneurone structure space and spike timing in the hippocampus","The Journal of Physiology",2005,15539390,0,NULL,NULL,NULL,NULL
1000645,NULL,"CA1 IS I (no type)",4000,"CA1 Pyr","Figure 1. Innervation of pyramidal cells by 12 types of GABAergic interneuron and interneurons by 4 types of interneuron specific cell in the CA1 area of the hippocampus The main lamina specific glutamatergic inputs are indicated on the left. The somata and dendrites of interneurons innervating pyramidal cells are shown in orange, those innervating mainly or exclusively other interneurons are shown in pink. Axons are shown in light green and the main termination zone of GABAergic synapses are shown by yellow symbols.","p11, Figure 1","Somogyi P, Klausberger T","Defined types of cortical interneurone structure space and spike timing in the hippocampus","The Journal of Physiology",2005,15539390,0,NULL,NULL,NULL,NULL
1000645,4021,"CA1 IS II",4000,"CA1 Pyr","Figure 1. Innervation of pyramidal cells by 12 types of GABAergic interneuron and interneurons by 4 types of interneuron specific cell in the CA1 area of the hippocampus The main lamina specific glutamatergic inputs are indicated on the left. The somata and dendrites of interneurons innervating pyramidal cells are shown in orange, those innervating mainly or exclusively other interneurons are shown in pink. Axons are shown in light green and the main termination zone of GABAergic synapses are shown by yellow symbols.","p11, Figure 1","Somogyi P, Klausberger T","Defined types of cortical interneurone structure space and spike timing in the hippocampus","The Journal of Physiology",2005,15539390,0,NULL,NULL,NULL,NULL
1000645,4020,"CA1 IS III",4000,"CA1 Pyr","Figure 1. Innervation of pyramidal cells by 12 types of GABAergic interneuron and interneurons by 4 types of interneuron specific cell in the CA1 area of the hippocampus The main lamina specific glutamatergic inputs are indicated on the left. The somata and dendrites of interneurons innervating pyramidal cells are shown in orange, those innervating mainly or exclusively other interneurons are shown in pink. Axons are shown in light green and the main termination zone of GABAergic synapses are shown by yellow symbols.","p11, Figure 1","Somogyi P, Klausberger T","Defined types of cortical interneurone structure space and spike timing in the hippocampus","The Journal of Physiology",2005,15539390,0,NULL,NULL,NULL,NULL
1000645,4012,"CA1 NG 3000",4000,"CA1 Pyr","Figure 1. Innervation of pyramidal cells by 12 types of GABAergic interneuron and interneurons by 4 types of interneuron specific cell in the CA1 area of the hippocampus The main lamina specific glutamatergic inputs are indicated on the left. The somata and dendrites of interneurons innervating pyramidal cells are shown in orange, those innervating mainly or exclusively other interneurons are shown in pink. Axons are shown in light green and the main termination zone of GABAergic synapses are shown by yellow symbols.","p11, Figure 1","Somogyi P, Klausberger T","Defined types of cortical interneurone structure space and spike timing in the hippocampus","The Journal of Physiology",2005,15539390,0,NULL,NULL,NULL,NULL
1000645,4069,"CA1 O-LM",4000,"CA1 Pyr","Figure 1. Innervation of pyramidal cells by 12 types of GABAergic interneuron and interneurons by 4 types of interneuron specific cell in the CA1 area of the hippocampus The main lamina specific glutamatergic inputs are indicated on the left. The somata and dendrites of interneurons innervating pyramidal cells are shown in orange, those innervating mainly or exclusively other interneurons are shown in pink. Axons are shown in light green and the main termination zone of GABAergic synapses are shown by yellow symbols.","p11, Figure 1","Somogyi P, Klausberger T","Defined types of cortical interneurone structure space and spike timing in the hippocampus","The Journal of Physiology",2005,15539390,0,NULL,NULL,NULL,NULL
1000645,4006,"CA1 PPA 3200p",4000,"CA1 Pyr","Figure 1. Innervation of pyramidal cells by 12 types of GABAergic interneuron and interneurons by 4 types of interneuron specific cell in the CA1 area of the hippocampus The main lamina specific glutamatergic inputs are indicated on the left. The somata and dendrites of interneurons innervating pyramidal cells are shown in orange, those innervating mainly or exclusively other interneurons are shown in pink. Axons are shown in light green and the main termination zone of GABAergic synapses are shown by yellow symbols.","p11, Figure 1","Somogyi P, Klausberger T","Defined types of cortical interneurone structure space and spike timing in the hippocampus","The Journal of Physiology",2005,15539390,0,NULL,NULL,NULL,NULL
1000645,4005,"CA1 LMR 3300",4000,"CA1 Pyr","Figure 1. Innervation of pyramidal cells by 12 types of GABAergic interneuron and interneurons by 4 types of interneuron specific cell in the CA1 area of the hippocampus The main lamina specific glutamatergic inputs are indicated on the left. The somata and dendrites of interneurons innervating pyramidal cells are shown in orange, those innervating mainly or exclusively other interneurons are shown in pink. Axons are shown in light green and the main termination zone of GABAergic synapses are shown by yellow symbols.","p11, Figure 1","Somogyi P, Klausberger T","Defined types of cortical interneurone structure space and spike timing in the hippocampus","The Journal of Physiology",2005,15539390,0,NULL,NULL,NULL,NULL
1000645,4015,"CA1 SCA 2311",4000,"CA1 Pyr","Figure 1. Innervation of pyramidal cells by 12 types of GABAergic interneuron and interneurons by 4 types of interneuron specific cell in the CA1 area of the hippocampus The main lamina specific glutamatergic inputs are indicated on the left. The somata and dendrites of interneurons innervating pyramidal cells are shown in orange, those innervating mainly or exclusively other interneurons are shown in pink. Axons are shown in light green and the main termination zone of GABAergic synapses are shown by yellow symbols.","p11, Figure 1","Somogyi P, Klausberger T","Defined types of cortical interneurone structure space and spike timing in the hippocampus","The Journal of Physiology",2005,15539390,0,NULL,NULL,NULL,NULL
1000645,4035,"CA1 Trilam 0113p",4000,"CA1 Pyr","Figure 1. Innervation of pyramidal cells by 12 types of GABAergic interneuron and interneurons by 4 types of interneuron specific cell in the CA1 area of the hippocampus The main lamina specific glutamatergic inputs are indicated on the left. The somata and dendrites of interneurons innervating pyramidal cells are shown in orange, those innervating mainly or exclusively other interneurons are shown in pink. Axons are shown in light green and the main termination zone of GABAergic synapses are shown by yellow symbols.","p11, Figure 1","Somogyi P, Klausberger T","Defined types of cortical interneurone structure space and spike timing in the hippocampus","The Journal of Physiology",2005,15539390,0,NULL,NULL,NULL,NULL
1000654,4000,"CA1 Pyr",4000,"CA1 Pyr","The fourth glutamatergic input comes from the local axon collaterals of CA1 pyramidal cells, mostly forming boutons in stratum oriens and innervating both pyramidal basal dendrites (Deuchars & Thomson, 1996) and interneurones (Buhl et al. 1994).","p12, left middle","Somogyi P, Klausberger T","Defined types of cortical interneurone structure space and spike timing in the hippocampus","The Journal of Physiology",2005,15539390,0,NULL,NULL,NULL,NULL
1000660,4000,"CA1 Pyr",4069,"CA1 O-LM","The so called O-LM GABAergic interneurone with dendrites restricted to stratum oriens (Fig. 1) receives at least 70% of its glutamatergic input from CA1 pyramidal cells (Blasco-Ibanez & Freund, 1995), although CA3 pyramidal boutons probably form a much larger fraction of synapses in this layer.","p12, right upper","Somogyi P, Klausberger T","Defined types of cortical interneurone structure space and spike timing in the hippocampus","The Journal of Physiology",2005,15539390,0,NULL,NULL,NULL,NULL
1000662,4036,"CA1 AA",4000,"CA1 Pyr","(1) Axo-axonic cell {CA1 CA1 Axo-Axonic} (parvalbumin (PV)+). It provides GABAergic [gamma aminobutyric acid] synapses exclusively to the axon initial segments of up to 1200 pyramidal cells (Somogyi et al.1983; Li et al. 1992) acting on GABA [gamma aminobutyric acid] A receptors (Buhl et al. 1994a) that include the a1 [alpha 1], alpha2 [alpha], B2/3 [beta 2/3] and y2 [gamma2] subunits (Nusser et al. 1996; Somogyi et al. 1996).","p13, left middle","Somogyi P, Klausberger T","Defined types of cortical interneurone structure space and spike timing in the hippocampus","The Journal of Physiology",2005,15539390,0,NULL,NULL,NULL,NULL
1000684,4015,"CA1 SCA 2311",4000,"CA1 Pyr","(7) Schaffer collateral associated cell (CCK+, calbindin+, somatostatin-, NPY-) . The name was given to cells with cell body in stratum radiatum and at the border with lacunosum-moleculare, innervating pyramidal cell apical and, to a lesser extent, basal dendrites in conjunction with the Schaffer collateral and commissural pathways (Vida et al. 1998). ... The dendrites are mainly in str. radiatum but can enter all layers including the alveus (Cossart et al. 1998; Vida et al. 1998; Pawelzik et al. 2002).","p14, right upper","Somogyi P, Klausberger T","Defined types of cortical interneurone structure space and spike timing in the hippocampus","The Journal of Physiology",2005,15539390,0,NULL,NULL,NULL,NULL
1000708,4021,"CA1 IS II",4079,"CA1 Basket CCK","(15) Interneurone specific cell II (IS-II), (VIP+). The soma was reported mainly in str. radiatum and the border with lacunosum-moleculare and the dendrites biased to the latter layer (Acsady et al. 1996a,b). The axon innervates mainly CCK/VIP positive basket cells (Acsady et al. 1996b; Gulyas et al. 1996).","p15, right lower","Somogyi P, Klausberger T","Defined types of cortical interneurone structure space and spike timing in the hippocampus","The Journal of Physiology",2005,15539390,0,NULL,NULL,NULL,NULL
1000711,4020,"CA1 IS III",4069,"CA1 O-LM","(16) Interneurone specific cell III (IS-III), (VIP+, calretinin+, terminals mGluR7a+) . The soma was located mainly in str. pyramidale and radiatum with radial dendrites crossing most layers (Acsady et al. 1996a,b). The axon innervates mainly O-LM cells (Acsady et al. 1996A; Ferraguti et al. 2004)","p15, right lower","Somogyi P, Klausberger T","Defined types of cortical interneurone structure space and spike timing in the hippocampus","The Journal of Physiology",2005,15539390,0,NULL,NULL,NULL,NULL
1000720,6017,"LIII Pyramidal (+)223111",4000,"CA1 Pyr","The stratum lacunosum moleculare (SLM) of the hippocampus is the main site of termination of axons from layer III of the entorhinal cortex that forms the direct excitatory perforant path input to the CA1 region (Witter et al., 1988; Gloveli et al., 1997). In this layer, type I synapses have been observed between axons from the entorhinal cortex terminating on dendritic spines of pyramidal cells and also on parvalbumin-immunoreactive dendrites of GABAergic interneurons (Desmond et al., 1994; Kiss et al., 1996).","p6775, right upper","Price CJ, Cauli B, Kovacs ER, Kulik A, Lambolez B, Shigemoto R, Capogna M","Neurogliaform neurons form a novel inhibitory network in the hippocampal CA1 area","The Journal of Neuroscience",2005,16033887,0,NULL,NULL,NULL,NULL
1000720,6092,"LIII Pyramidal-Stellate (+)223200",4000,"CA1 Pyr","The stratum lacunosum moleculare (SLM) of the hippocampus is the main site of termination of axons from layer III of the entorhinal cortex that forms the direct excitatory perforant path input to the CA1 region (Witter et al., 1988; Gloveli et al., 1997). In this layer, type I synapses have been observed between axons from the entorhinal cortex terminating on dendritic spines of pyramidal cells and also on parvalbumin-immunoreactive dendrites of GABAergic interneurons (Desmond et al., 1994; Kiss et al., 1996).","p6775, right upper","Price CJ, Cauli B, Kovacs ER, Kulik A, Lambolez B, Shigemoto R, Capogna M","Neurogliaform neurons form a novel inhibitory network in the hippocampal CA1 area","The Journal of Neuroscience",2005,16033887,0,NULL,NULL,NULL,NULL
1000753,1000,"GC",2000,"CA3 Pyr","The axons of granule cells, called mossy fibers, originate at the opposite pole of the soma and enter the hilus, where they give rise to several local collaterals that largely remain in the hilar region (Claiborne et al., 1986). Recurrent collaterals periodically enter the granule cell layer, climb along the cell bodies and dendrites of presumed basket cells, and form multiple synapses only on these interneurons in normal animals (Ribak and Peterson, 1991). Occasional mossy fiber collaterals may also contact granule cell dendrites, particularly in stratum moleculare of the ventral dentate gyrus, but the physiological role of mono synaptic recurrent excitation among granule cells is likely to be negligible. The main axon of the granule cells leaves the hilar region and courses adjacent to the pyramidal cell layer (in stratum lucidum, see below) of the CA3 subfield, where they form giant en passant boutons, the characteristic mossy terminals, on the proximal dendrites of pyramidal cells.","p349, right upper","Freund TF, BuzsÂki G","Interneurons of the hippocampus","Hippocampus",1996,8915675,0,NULL,NULL,NULL,NULL
1000762,2000,"CA3 Pyr",2000,"CA3 Pyr","In addition to the mossy fiber projection in stratum lucidum, the commissural and associational collateral input from other CA3 pyramidal cells terminate in strata radiatum and oriens. CA3 pyramidal cells also receive a direct projection from the entorhinal cortex, which innervates the most distal dendrites in stratum lacunosum moleculare (Nafstad, 1967; for review, see Amaral and Witter, 1989, 1995; Lopes da Silva et al., 1990; Tamamaki and Nojyo, 1993, 1995).","p351, left middle","Freund TF, BuzsÂki G","Interneurons of the hippocampus","Hippocampus",1996,8915675,0,NULL,NULL,NULL,NULL
1000762,1000,"GC",2000,"CA3 Pyr","In addition to the mossy fiber projection in stratum lucidum, the commissural and associational collateral input from other CA3 pyramidal cells terminate in strata radiatum and oriens. CA3 pyramidal cells also receive a direct projection from the entorhinal cortex, which innervates the most distal dendrites in stratum lacunosum moleculare (Nafstad, 1967; for review, see Amaral and Witter, 1989, 1995; Lopes da Silva et al., 1990; Tamamaki and Nojyo, 1993, 1995).","p351, left middle","Freund TF, BuzsÂki G","Interneurons of the hippocampus","Hippocampus",1996,8915675,0,NULL,NULL,NULL,NULL
1000843,1008,"MOPP",1000,"GC","[Dentate gyrus] Neurons with axons and dendrites in stratum moleculare (MOPP cells). The axonal and dendritic trees of this cell type are largely limited to the outer two-thirds of the dentate molecular layer, and thus was named molecular layer perforant path-associated cell (MOPP cell) by Han et al. (1993). Smooth dendrites that originate from a soma in deep stratum moleculare ascend to reach the hippocampal fissure and span an area over 800 microm in transverse length. The axon of the MOPP cell is even more extensive. The majority of collaterals run perpendicular to granule cell dendrites and arborize profusely in a terminal cloud that extends beyond the upper blade of the dentate gyrus (Fig. 9). ... Electron microscopy demonstrated that axon terminals of this cell type form symmetrical synapses mostly with spiny distal dendrites of granule cells (Fig 10; Halasy and Somogyi, 1993b).","p365, left middle","Freund TF, BuzsÂki G","Interneurons of the hippocampus","Hippocampus",1996,8915675,0,NULL,NULL,NULL,NULL
1000924,1000,"GC",1013,"HIPP","Spiny CR-immunoreactive neurons. The spiny variety is present mostly in regions where mossy fibers have high density, i.e., in the hilus of the dentate gyrus and in stratum lucidum of the CA3 subfield. Their dendrites and frequently the somata possess numerous long hairlike spines that penetrate into bundles of mossy fibers. These thin preterminal mossy fibers establish numerous (3-6) synaptic contacts on these dendrites. In the dentate gyrus, the dendrites are restricted to the hilus and never enter stratum granulosum. The CA3 stratum lucidum, the dendrites run parallel with the pyramidal cell layer, precisely follow its curve, and rarely enter strata pyramidale or radiatum.","p387, right middle","Freund TF, BuzsÂki G","Interneurons of the hippocampus","Hippocampus",1996,8915675,0,NULL,NULL,NULL,NULL
1001009,1000,"GC",2000,"CA3 Pyr","As they approach the part of the hippocampal pyramidal cell layer is closest to the hilus (CA3c), the MFs form, in classical terms, a suprapyramidal band, passing along the most proximal parts of the apical dendrites of CA3 pyramidal cells, and an infrapyramidal band, contacting corresponding proximal parts of the basal dendrites (Figs. 4A). Due to its homogeneous transparency in unstained sections, the suprapyramidal MF layer is also referred to as stratum lucidum (Ganser, 1882).","p87, left upper","Blaabjerg M, Zimmer J","The dentate mossy fibers: structural organization, development and plasticity","Progress in Brain Research",2007,17765713,0,NULL,NULL,NULL,NULL
1001009,1000,"GC",2004,"CA3 Pyr c","As they approach the part of the hippocampal pyramidal cell layer is closest to the hilus (CA3c), the MFs form, in classical terms, a suprapyramidal band, passing along the most proximal parts of the apical dendrites of CA3 pyramidal cells, and an infrapyramidal band, contacting corresponding proximal parts of the basal dendrites (Figs. 4A). Due to its homogeneous transparency in unstained sections, the suprapyramidal MF layer is also referred to as stratum lucidum (Ganser, 1882).","p87, left upper","Blaabjerg M, Zimmer J","The dentate mossy fibers: structural organization, development and plasticity","Progress in Brain Research",2007,17765713,0,NULL,NULL,NULL,NULL
1001042,1000,"GC",1002,"Mossy","As outlined by RamÂn y Cajal (1911), refined by Lorente de NÂ (1934) and demonstrated by EM (Blackstad and Kjaerheim, 1961), typical MF synapses are made by the large boutons en passant in contact with the complex spines (thorny excrescences) found on the proximal dendrites of the CA3 pyramidal cells ( Fig. 1AB) and hilar mossy cells, as well as by MF collateral terminals contacting different types of neurons in the dentate hilus. Claiborne et al. (1986) and AcsÂdy et al. (1998) extended the historical perspective by showing that each MF makes approx. 120Ã150 excitatory synaptic connections with predominantly inhibitory interneurons via axon collaterals in the dentate hilus, 7Ã12 excitatory, large terminal synaptic contacts with hilar mossy cells and 11Ã18 corresponding contacts with proximal pyramidal cell dendrites during the transverse MF trajectory in CA3, plus an additional number of terminal contacts made by the more distal and longitudinally running parts of the MFs.","p95, left lower","Blaabjerg M, Zimmer J","The dentate mossy fibers: structural organization, development and plasticity","Progress in Brain Research",2007,17765713,0,NULL,NULL,NULL,NULL
1001045,1000,"GC",1002,"Mossy","Based on the data provided by AcsÂdy et al., 1998, the synaptic contacts made by a single MF can accordingly be grouped into contacts with hilar mossy cells (made by as few as 7Ã12 large terminals), CA3 pyramidal cells (11Ã18 large terminals), hilar interneurons (as many as 120Ã150 small terminal contacts) and interneurons in CA3 (40Ã50 filopodial contacts).","p96, left upper","Blaabjerg M, Zimmer J","The dentate mossy fibers: structural organization, development and plasticity","Progress in Brain Research",2007,17765713,0,NULL,NULL,NULL,NULL
1001200,1000,"GC",2000,"CA3 Pyr","Another important anatomical aspect of the MF pathway is that they are generally restricted to a narrow band running within stratum lucidum where the large terminals make contacts onto the most proximal portions of pyramidal neuron apical dendrites (Brown and Johnston, 1983). Additionally, there is a less extensive infrapyramidal MF projection onto the proximal basal dendrites of pyramidal neurons in CA3b and CA3c.","p110, right lower","Jaffe DB, GutiÂrrez R","Mossy fiber synaptic transmission: communication from the dentate gyrus to area CA3","Progress in Brain Research",2007,17765714,0,NULL,NULL,NULL,NULL
1001200,1000,"GC",2004,"CA3 Pyr c","Another important anatomical aspect of the MF pathway is that they are generally restricted to a narrow band running within stratum lucidum where the large terminals make contacts onto the most proximal portions of pyramidal neuron apical dendrites (Brown and Johnston, 1983). Additionally, there is a less extensive infrapyramidal MF projection onto the proximal basal dendrites of pyramidal neurons in CA3b and CA3c.","p110, right lower","Jaffe DB, GutiÂrrez R","Mossy fiber synaptic transmission: communication from the dentate gyrus to area CA3","Progress in Brain Research",2007,17765714,0,NULL,NULL,NULL,NULL
1001203,1000,"GC",1002,"Mossy","Fig. 1. Interneurons are the primary target of DG granule cells. Diagram representing the multiple types of excitatory contacts made by granule cells. Within the dentate/hilar region collaterals of the mossy fibers (MFs) innervate both mossy cells and inhibitory basket cells. In area CA3, the MFs contact pyramidal neurons via large expansions, but also excite interneurons through either filopodial extensions from the large boutons or smaller en passant expansions along MF axons. (See Color Plate 6.1 in color plate section.)","p110, Figure 1","Jaffe DB, GutiÂrrez R","Mossy fiber synaptic transmission: communication from the dentate gyrus to area CA4","Progress in Brain Research",2007,17765714,0,NULL,NULL,NULL,NULL
1001250,1000,"GC",2000,"CA3 Pyr","The small cell bodies of the granule cells (8-12 mm) form the granule cell layer. Granule cells have two main, radially oriented, spiny dendrites emitting several fine branches, which reach the hippocampal fissure. The axons of the granule cells, the mossy fiber axons, originate from the opposite pole of the soma relative to the dendrites, and enter the dentate hilus, where they give rise to several collaterals (Claiborne et al., 1986). Recurrent collaterals periodically enter the granule cell layer, climb along the cell bodies and dendrites of presumed basket cells, and form synapses (Ribak and Peterson, 1991). The main axonal projection of the granule cells leaves the hilar region and courses through the stratum lucidum of the CA3 subfield, where it forms the giant mossy terminals synapsing on the proximal dendrites of pyramidal cells.","p64, right upper","Leranth C, Hajszan T","Extrinsic afferent systems to the dentate gyrus","Progress in Brain Research",2007,17765712,0,NULL,NULL,NULL,NULL
1001300,1000,"GC",1002,"Mossy","Mossy fibers (GC [granule cell] axons) in a healthy rat dentate gyrus are primarily restricted to the hilus (97%), with few collaterals (3%) in the GC layer (Buckmaster and Dudek, 1999). In addition to MCs [mossy cells] (Acsady et al., 1998), mossy fibers have also been shown to contact BCs [basket cells] (Buckmaster and Schwartzkroin, 1994; Geiger et al., 1997) and PV [parvalbumin] interneurons (Blasco-Ibanez et al., 2000). With a total of 400-500 synaptic contacts made by a single mossy fiber (Acsady et al., 1998), the 3% of each axon located in the GC layer (Buckmaster and Dudek, 1999) is estimated to contact 15 BCs and 3 axo-axonic cells. In the hilus, a single GC forms large, complex mossy fiber boutons that innervate 7-12 MCs (Acsady et al., 1998), while an estimated 100-150 mossy fiber terminals target hilar interneurons with approximately one synapse per postsynaptic interneuron (Acsady et al., 1998).","p643, left lower","Morgan RJ, Santhakumar V, Soltesz I","Modeling the dentate gyrus","Progress in Brain Research",2007,17765743,0,NULL,NULL,NULL,NULL
1001303,1000,"GC",1009,"HICAP","Gulyas et al. (1992) estimated that a single spiny calretinin-positive cell (presumed HIPP [hilar perforant path-associated] cell) is contacted by approximately 9,000 GCs [granule cells]. With 12,000 HIPP cells and 1,000,000 GCs, each GC can be estimated to contact approximately 110 HIPP cells and 40 HICAP [hilar commissural-associational pathway related] cells. Additionally, in agreement with the presence of mossy fiber terminals on aspiny calretinin-positive interneurons (Acsady et al., 1998), 15 mossy fibers are expected to synapse onto IS [interneuron specific] cells. Since mossy fibers avoid the molecular layer (Buckmaster and Dudek, 1999) in the healthy dentate gyrus, it is assumed that they do not contact MOPP [molecular layer perforant path-associated] cells.","p644, left upper","Morgan RJ, Santhakumar V, Soltesz I","Modeling the dentate gyrus","Progress in Brain Research",2007,17765743,0,NULL,NULL,NULL,NULL
1001303,1000,"GC",1013,"HIPP","Gulyas et al. (1992) estimated that a single spiny calretinin-positive cell (presumed HIPP [hilar perforant path-associated] cell) is contacted by approximately 9,000 GCs [granule cells]. With 12,000 HIPP cells and 1,000,000 GCs, each GC can be estimated to contact approximately 110 HIPP cells and 40 HICAP [hilar commissural-associational pathway related] cells. Additionally, in agreement with the presence of mossy fiber terminals on aspiny calretinin-positive interneurons (Acsady et al., 1998), 15 mossy fibers are expected to synapse onto IS [interneuron specific] cells. Since mossy fibers avoid the molecular layer (Buckmaster and Dudek, 1999) in the healthy dentate gyrus, it is assumed that they do not contact MOPP [molecular layer perforant path-associated] cells.","p644, left upper","Morgan RJ, Santhakumar V, Soltesz I","Modeling the dentate gyrus","Progress in Brain Research",2007,17765743,0,NULL,NULL,NULL,NULL
1001306,1002,"Mossy",1000,"GC","A single filled mossy cell axon has been reported to make 35,000 synapses in the inner molecular layer (Buckmaster et al., 1996; Wenzel et al., 1997). Assuming a single synapse per postsynaptic cell, a single mossy cell is estimated to contact 30,000-35,000 GCs [granule cell]. Of the 2700 synapses made by a single MC [mossy cell] axon in the hilus, approximately 40% target GABA-negative [gamma-aminobutyric acid] neurons (Wenzel et al., 1997). As each mossy cell is estimated to make 1-5 synaptic contacts on a single postsynaptic mossy cell (Buckmaster et al., 1996), it is estimated that each mossy cell contacts approximately 350 other MCs (this is likely to be a generous estimate since it is based on the assumption that all GAD negative somata in the hilus represent MCs).","p644, left middle","Morgan RJ, Santhakumar V, Soltesz I","Modeling the dentate gyrus","Progress in Brain Research",2007,17765743,0,NULL,NULL,NULL,NULL
1001306,1002,"Mossy",1002,"Mossy","A single filled mossy cell axon has been reported to make 35,000 synapses in the inner molecular layer (Buckmaster et al., 1996; Wenzel et al., 1997). Assuming a single synapse per postsynaptic cell, a single mossy cell is estimated to contact 30,000-35,000 GCs [granule cell]. Of the 2700 synapses made by a single MC [mossy cell] axon in the hilus, approximately 40% target GABA-negative [gamma-aminobutyric acid] neurons (Wenzel et al., 1997). As each mossy cell is estimated to make 1-5 synaptic contacts on a single postsynaptic mossy cell (Buckmaster et al., 1996), it is estimated that each mossy cell contacts approximately 350 other MCs (this is likely to be a generous estimate since it is based on the assumption that all GAD negative somata in the hilus represent MCs).","p644, left middle","Morgan RJ, Santhakumar V, Soltesz I","Modeling the dentate gyrus","Progress in Brain Research",2007,17765743,0,NULL,NULL,NULL,NULL
1001309,1002,"Mossy",1009,"HICAP","The remaining 60% of the hilar mossy cell axons target GABA-positive cells (Buckmaster et al., 1996; Wenzel et al., 1997), with no reports demonstrating mossy cell synapses onto IS cells. Assuming that there is no preferential target selectivity between HIPP [hilar perforant path-associated] and HICAP [hilar commissural-associational pathway related] cells and that each postsynaptic hilar interneuron receives two synaptic contacts from a single mossy cell axon (Buckmaster et al., 1996), each mossy cell is estimated to contact 600 HIPP and 200 HICAP cells. There is very low mossy cell to interneuron connectivity in the inner molecular layer (Wenzel et al., 1997); MCs [mossy cells] could contact 5-10 basket and axo-axonic cells and approximately 5 MOPP [molecular layer perforant path-associated] cells with somata in the inner molecular layer (Han et al., 1993).","p644, left lower","Morgan RJ, Santhakumar V, Soltesz I","Modeling the dentate gyrus","Progress in Brain Research",2007,17765743,0,NULL,NULL,NULL,NULL
1001309,1002,"Mossy",1013,"HIPP","The remaining 60% of the hilar mossy cell axons target GABA-positive cells (Buckmaster et al., 1996; Wenzel et al., 1997), with no reports demonstrating mossy cell synapses onto IS cells. Assuming that there is no preferential target selectivity between HIPP [hilar perforant path-associated] and HICAP [hilar commissural-associational pathway related] cells and that each postsynaptic hilar interneuron receives two synaptic contacts from a single mossy cell axon (Buckmaster et al., 1996), each mossy cell is estimated to contact 600 HIPP and 200 HICAP cells. There is very low mossy cell to interneuron connectivity in the inner molecular layer (Wenzel et al., 1997); MCs [mossy cells] could contact 5-10 basket and axo-axonic cells and approximately 5 MOPP [molecular layer perforant path-associated] cells with somata in the inner molecular layer (Han et al., 1993).","p644, left lower","Morgan RJ, Santhakumar V, Soltesz I","Modeling the dentate gyrus","Progress in Brain Research",2007,17765743,0,NULL,NULL,NULL,NULL
1001324,1013,"HIPP",1000,"GC","HIPP [hilar perforant path-associated] cells have been estimated to contact about 1,600 GCs [granule cells] and 450 BCs [basket cells] with 5 synapses per postsynaptic cell (Sik et al., 1997). MCs [mossy cells] can have one dendrite in the molecular layer (Amaral, 1978; Ribak et al., 1985; Scharfman, 1991) which can be targeted by HIPP cell axons, whereas GCs have two primary dendrites (Claiborne et al., 1990; Lubke et al., 1998).","p645, left middle","Morgan RJ, Santhakumar V, Soltesz I","Modeling the dentate gyrus","Progress in Brain Research",2007,17765743,0,NULL,NULL,NULL,NULL
1001324,1013,"HIPP",1035,"Basket","HIPP [hilar perforant path-associated] cells have been estimated to contact about 1,600 GCs [granule cells] and 450 BCs [basket cells] with 5 synapses per postsynaptic cell (Sik et al., 1997). MCs [mossy cells] can have one dendrite in the molecular layer (Amaral, 1978; Ribak et al., 1985; Scharfman, 1991) which can be targeted by HIPP cell axons, whereas GCs have two primary dendrites (Claiborne et al., 1990; Lubke et al., 1998).","p645, left middle","Morgan RJ, Santhakumar V, Soltesz I","Modeling the dentate gyrus","Progress in Brain Research",2007,17765743,0,NULL,NULL,NULL,NULL
1001330,1008,"MOPP",1000,"GC","MOPP [molecular layer perforant path-associated] cells target an estimated 7,500 GCs [granule cells] in the rat dentate gyrus. While MOPP cell axons project in the horizontal axis to a similar extent as HIPP [hilar perforant path-associated] cells, they show considerably less collateralization (Han et al., 1993), resulting in an estimate of half as many synapses onto MOPP and HICAP [hilar commissural-associational pathway related] cells as HIPP cells make. As MOPP cell axons are restricted to the molecular layer (Han et al., 1993) and do not target the basal dendrites of BCs [basket cells] , they are assumed to contact less than 1/10 the number of BCs targeted by HIPP cells.","p645, right upper","Morgan RJ, Santhakumar V, Soltesz I","Modeling the dentate gyrus","Progress in Brain Research",2007,17765743,0,NULL,NULL,NULL,NULL
1001330,1008,"MOPP",1008,"MOPP","MOPP [molecular layer perforant path-associated] cells target an estimated 7,500 GCs [granule cells] in the rat dentate gyrus. While MOPP cell axons project in the horizontal axis to a similar extent as HIPP [hilar perforant path-associated] cells, they show considerably less collateralization (Han et al., 1993), resulting in an estimate of half as many synapses onto MOPP and HICAP [hilar commissural-associational pathway related] cells as HIPP cells make. As MOPP cell axons are restricted to the molecular layer (Han et al., 1993) and do not target the basal dendrites of BCs [basket cells] , they are assumed to contact less than 1/10 the number of BCs targeted by HIPP cells.","p645, right upper","Morgan RJ, Santhakumar V, Soltesz I","Modeling the dentate gyrus","Progress in Brain Research",2007,17765743,0,NULL,NULL,NULL,NULL
1001330,1008,"MOPP",1009,"HICAP","MOPP [molecular layer perforant path-associated] cells target an estimated 7,500 GCs [granule cells] in the rat dentate gyrus. While MOPP cell axons project in the horizontal axis to a similar extent as HIPP [hilar perforant path-associated] cells, they show considerably less collateralization (Han et al., 1993), resulting in an estimate of half as many synapses onto MOPP and HICAP [hilar commissural-associational pathway related] cells as HIPP cells make. As MOPP cell axons are restricted to the molecular layer (Han et al., 1993) and do not target the basal dendrites of BCs [basket cells] , they are assumed to contact less than 1/10 the number of BCs targeted by HIPP cells.","p645, right upper","Morgan RJ, Santhakumar V, Soltesz I","Modeling the dentate gyrus","Progress in Brain Research",2007,17765743,0,NULL,NULL,NULL,NULL
1001336,1009,"HICAP",1000,"GC","Sik et al. (1997) estimated that the septo-temporal extent and bouton density of HICAP [hilar commissural-associational pathway related] cell axons is similar to the HIPP [hilar perforant path-associated] cell axons, whereas the estimated axonal length of HICAP cells is approximately half of the HIPP cell axonal length. Thus, it is estimated that HICAP cells contact about half the number of GCs [granule cells] contacted by HIPP cells.","p645, right lower","Morgan RJ, Santhakumar V, Soltesz I","Modeling the dentate gyrus","Progress in Brain Research",2007,17765743,0,NULL,NULL,NULL,NULL
1001336,1013,"HIPP",1000,"GC","Sik et al. (1997) estimated that the septo-temporal extent and bouton density of HICAP [hilar commissural-associational pathway related] cell axons is similar to the HIPP [hilar perforant path-associated] cell axons, whereas the estimated axonal length of HICAP cells is approximately half of the HIPP cell axonal length. Thus, it is estimated that HICAP cells contact about half the number of GCs [granule cells] contacted by HIPP cells.","p645, right lower","Morgan RJ, Santhakumar V, Soltesz I","Modeling the dentate gyrus","Progress in Brain Research",2007,17765743,0,NULL,NULL,NULL,NULL
1001400,1000,"GC",1002,"Mossy","Mossy fibers (GC [granule cell] axons) in the healthy rat dentate gyrus are primarily restricted to the hilus (97%), with few collaterals (3%) in the GC layer (Buckmaster and Dudek 1999). In addition to MCs [mossy cells] (Acsady et al. 1998), mossy fibers have also been shown to contact BCs [basket cells] (Buckmaster and Schwartzkroin 1994; Geiger et al. 1997) and PV [parvalbumin] interneurons (Blasco-Ibanez et al. 2000). With a total of 400-500 synaptic contacts made by a single mossy fiber (Acsady et al. 1998), the 3% of each axon located in the GC [granule cell] layer (Buckmaster and Dudek 1999) is estimated to contact 15 BCs [basket cells] and 3 axo-axonic cells.","p510 lower","Morgan RJ, Soltesz I","Microcircuit Model of the Dentate Gyrus in Epilepsy","Hippocampal Microcircuits",2010,"978-1-4419-0995-4",495,NULL,NULL,NULL,NULL
1001403,1000,"GC",1009,"HICAP","In the [Dentate gyrus] hilus, a single GC [granule cell] forms large, complex mossy fiber boutons that innervate 7-12 MCs [mossy cells] (Acsady et al. 1998), while an estimated 100-150 mossy fiber terminals target hilar interneurons with approximately one synapse per postsynaptic interneuron (Acsady et al. 1998). Gulyas et al. (1992) estimated that a single spiny calretinin-positive cell (presumed HIPP [hilar perforant path-associated] cell) is contacted by about 9,000 GCs. With 12,000 HIPP cells and 1,000,000 GCs, each GC can be estimated to contact about 110 HIPP cells and 40 HICAP [hilar commissural-associational pathway related] cells.","p511 upper","Morgan RJ, Soltesz I","Microcircuit Model of the Dentate Gyrus in Epilepsy","Hippocampal Microcircuits",2010,"978-1-4419-0995-4",495,NULL,NULL,NULL,NULL
1001403,1000,"GC",1013,"HIPP","In the [Dentate gyrus] hilus, a single GC [granule cell] forms large, complex mossy fiber boutons that innervate 7-12 MCs [mossy cells] (Acsady et al. 1998), while an estimated 100-150 mossy fiber terminals target hilar interneurons with approximately one synapse per postsynaptic interneuron (Acsady et al. 1998). Gulyas et al. (1992) estimated that a single spiny calretinin-positive cell (presumed HIPP [hilar perforant path-associated] cell) is contacted by about 9,000 GCs. With 12,000 HIPP cells and 1,000,000 GCs, each GC can be estimated to contact about 110 HIPP cells and 40 HICAP [hilar commissural-associational pathway related] cells.","p511 upper","Morgan RJ, Soltesz I","Microcircuit Model of the Dentate Gyrus in Epilepsy","Hippocampal Microcircuits",2010,"978-1-4419-0995-4",495,NULL,NULL,NULL,NULL
1001403,1000,"GC",1002,"Mossy","In the [Dentate gyrus] hilus, a single GC [granule cell] forms large, complex mossy fiber boutons that innervate 7-12 MCs [mossy cells] (Acsady et al. 1998), while an estimated 100-150 mossy fiber terminals target hilar interneurons with approximately one synapse per postsynaptic interneuron (Acsady et al. 1998). Gulyas et al. (1992) estimated that a single spiny calretinin-positive cell (presumed HIPP [hilar perforant path-associated] cell) is contacted by about 9,000 GCs. With 12,000 HIPP cells and 1,000,000 GCs, each GC can be estimated to contact about 110 HIPP cells and 40 HICAP [hilar commissural-associational pathway related] cells.","p511 upper","Morgan RJ, Soltesz I","Microcircuit Model of the Dentate Gyrus in Epilepsy","Hippocampal Microcircuits",2010,"978-1-4419-0995-4",495,NULL,NULL,NULL,NULL
1001409,1002,"Mossy",1000,"GC","A single filled [Dentate gyrus] MC [mossy cell] axon has been reported to make 35,000 synapses in the inner molecular layer (Buckmaster et al. 1996; Wenzel et al. 1997). Assuming a single synapse per postsynaptic cell, a single MC is estimated to contact 30,000-35,000 GCs [granule cells]. Of the 2,700 synapses made by a single MC axon in the hilus, about 40% target GABA-negative [gamma-aminobutyric acid] neurons (Wenzel et al. 1997). As each MC is estimated to make 1-5 synaptic contacts on a single postsynaptic MC (Buckmaster et al. 1996), it is estimated that each MC contacts about 350 other MCs. (This is likely to be a generous estimate since it is based on the assumption that all GAD [glutamic acid decarboxylase] negative somata in the hilus represent MCs.)","p511 middle","Morgan RJ, Soltesz I","Microcircuit Model of the Dentate Gyrus in Epilepsy","Hippocampal Microcircuits",2010,"978-1-4419-0995-4",495,NULL,NULL,NULL,NULL
1001427,1013,"HIPP",1000,"GC","HIPP [hilar perforant path-associated] cells have been estimated to contact about 1,600 GCs [granule cells] and 450 BCs [basket cells] with 1-5 synapses per postsynaptic cell (Sik et al. 1997). MCs [mossy cells] can have one dendrite in the molecular layer (Buckmaster et al. 1996) which can be targeted by HIPP [hilar perforant path-associated] cell axons, whereas GCs have two primary dendrites (Claiborne et al. 1990; Lubke et al. 1998). Since the MC to GC ratio is approximately 1:30, the MC dendrites constitute only about 1/60 of the targets for HIPP cells. Increasing this fraction to about 1/45 to account for the presence of a few HIPP cell contacts on MCs in the hilus (Buckmaster et al. 2002a) results in an estimate that each HIPP cell contacts about 35 MCs.","p512 lower","Morgan RJ, Soltesz I","Microcircuit Model of the Dentate Gyrus in Epilepsy","Hippocampal Microcircuits",2010,"978-1-4419-0995-4",495,NULL,NULL,NULL,NULL
1001427,1013,"HIPP",1035,"Basket","HIPP [hilar perforant path-associated] cells have been estimated to contact about 1,600 GCs [granule cells] and 450 BCs [basket cells] with 1-5 synapses per postsynaptic cell (Sik et al. 1997). MCs [mossy cells] can have one dendrite in the molecular layer (Buckmaster et al. 1996) which can be targeted by HIPP [hilar perforant path-associated] cell axons, whereas GCs have two primary dendrites (Claiborne et al. 1990; Lubke et al. 1998). Since the MC to GC ratio is approximately 1:30, the MC dendrites constitute only about 1/60 of the targets for HIPP cells. Increasing this fraction to about 1/45 to account for the presence of a few HIPP cell contacts on MCs in the hilus (Buckmaster et al. 2002a) results in an estimate that each HIPP cell contacts about 35 MCs.","p512 lower","Morgan RJ, Soltesz I","Microcircuit Model of the Dentate Gyrus in Epilepsy","Hippocampal Microcircuits",2010,"978-1-4419-0995-4",495,NULL,NULL,NULL,NULL
1001433,1008,"MOPP",1000,"GC","MOPP [molecular layer perforant path-associated] cells target an estimated 7,500 GCs [granule cells] in the rat dentate gyrus. While MOPP cell axons project in the horizontal axis to a similar extent as HIPP [hilar perforant path-associated] cells, they show considerably less collateralization (Han et al. 1993), resulting in an estimate of half as many synapses onto MOPP and HICAP [hilar commissural-associational pathway related] cells as HIPP cells make. As MOPP cell axons are restricted to the molecular layer (Han et al. 1993) and do not target the basal dendrites of BCs [basket cells], they are assumed to contact less than 1/10 the number of BCs targeted by HIPP cells.","p513 upper","Morgan RJ, Soltesz I","Microcircuit Model of the Dentate Gyrus in Epilepsy","Hippocampal Microcircuits",2010,"978-1-4419-0995-4",495,NULL,NULL,NULL,NULL
1001433,1008,"MOPP",1008,"MOPP","MOPP [molecular layer perforant path-associated] cells target an estimated 7,500 GCs [granule cells] in the rat dentate gyrus. While MOPP cell axons project in the horizontal axis to a similar extent as HIPP [hilar perforant path-associated] cells, they show considerably less collateralization (Han et al. 1993), resulting in an estimate of half as many synapses onto MOPP and HICAP [hilar commissural-associational pathway related] cells as HIPP cells make. As MOPP cell axons are restricted to the molecular layer (Han et al. 1993) and do not target the basal dendrites of BCs [basket cells], they are assumed to contact less than 1/10 the number of BCs targeted by HIPP cells.","p513 upper","Morgan RJ, Soltesz I","Microcircuit Model of the Dentate Gyrus in Epilepsy","Hippocampal Microcircuits",2010,"978-1-4419-0995-4",495,NULL,NULL,NULL,NULL
1001433,1008,"MOPP",1009,"HICAP","MOPP [molecular layer perforant path-associated] cells target an estimated 7,500 GCs [granule cells] in the rat dentate gyrus. While MOPP cell axons project in the horizontal axis to a similar extent as HIPP [hilar perforant path-associated] cells, they show considerably less collateralization (Han et al. 1993), resulting in an estimate of half as many synapses onto MOPP and HICAP [hilar commissural-associational pathway related] cells as HIPP cells make. As MOPP cell axons are restricted to the molecular layer (Han et al. 1993) and do not target the basal dendrites of BCs [basket cells], they are assumed to contact less than 1/10 the number of BCs targeted by HIPP cells.","p513 upper","Morgan RJ, Soltesz I","Microcircuit Model of the Dentate Gyrus in Epilepsy","Hippocampal Microcircuits",2010,"978-1-4419-0995-4",495,NULL,NULL,NULL,NULL
1001721,1000,"GC",1002,"Mossy","Fig. 4. The dentate granule cell. The characteristic features of the dentate granule cell are illustrated, including its axonal arbor. A collateral plexus gives rise to numerous (~200) typical synapses on cells located within the polymorphic layer. Most of these synapses are onto the dendrites of inhibitory interneurons. Some of the large mossy fiber expansions are also distributed in the polymorphic layer. Many of these terminate on the proximal dendrites of mossy cells. The mossy fiber axons ultimately enter the CA3 field where they travel through the full transverse extent of the field. On their course, they terminate with mossy fiber expansions on a small number (15-20) of CA3 pyramidal cells.","p8, Figure 4","Amaral DG, Scharfman HE, Lavenex P","The dentate gyrus: fundamental neuroanatomical organization (dentate gyrus for dummies)","Progress in Brain Research",2007,17765709,0,NULL,NULL,NULL,NULL
1001727,1000,"GC",1002,"Mossy","The granule cells give rise to distinctive unmyelinated axons which Ramon y Cajal called mossy fibers. The mossy fibers have unusually large boutons that form en passant synapses with the mossy cells of the polymorphic layer and with the CA3 pyramidal cells of the hippocampus. Less appreciated is the fact that the mossy fiber axons give rise to a distinctive set of collaterals that heavily innervate cells within the polymorphic layer of the dentate gyrus. ... Within the polymorphic layer, the mossy fiber collaterals branch extensively and the daughter branches bear two types of synaptic varicosities.","p9, left lower","Amaral DG, Scharfman HE, Lavenex P","The dentate gyrus: fundamental neuroanatomical organization (dentate gyrus for dummies)","Progress in Brain Research",2007,17765709,0,NULL,NULL,NULL,NULL
1001730,1000,"GC",1035,"Basket","The mossy fiber terminals in the polymorphic layer establish contacts with the proximal dendrites of the mossy cells (Ribak et al., 1985), the basal dendrites of the pyramidal basket cells as well as with other, unidentified cells. Acsady et al. (1998) reported that the vast majority of mossy fiber collaterals in the polymorphic cell layer terminate on GABAergic interneurons.","p9, right lower","Amaral DG, Scharfman HE, Lavenex P","The dentate gyrus: fundamental neuroanatomical organization (dentate gyrus for dummies)","Progress in Brain Research",2007,17765709,0,NULL,NULL,NULL,NULL
1001730,1000,"GC",1002,"Mossy","The mossy fiber terminals in the polymorphic layer establish contacts with the proximal dendrites of the mossy cells (Ribak et al., 1985), the basal dendrites of the pyramidal basket cells as well as with other, unidentified cells. Acsady et al. (1998) reported that the vast majority of mossy fiber collaterals in the polymorphic cell layer terminate on GABAergic interneurons.","p9, right lower","Amaral DG, Scharfman HE, Lavenex P","The dentate gyrus: fundamental neuroanatomical organization (dentate gyrus for dummies)","Progress in Brain Research",2007,17765709,0,NULL,NULL,NULL,NULL
1001742,1000,"GC",2000,"CA3 Pyr","In the proximal portion of CA3 (closer to the dentate gyrus), mossy fibers are distributed below, within and above the pyramidal cell layer. The fibers located below the layer, i.e., those that are in the area occupied primarily by basal dendrites, are generally called the infrapyramidal bundle (Fig. 2). The fibers located within the pyramidal cell layer are called the intrapyramidal bundle and those located above the pyramidal cell layer (in the area occupied mainly by proximal apical dendrites) the suprapyramidal bundle. The suprapyramidal bundle occupies the stratum lucidum. At mid and distal portions of CA3, the intra- and infrapyramidal bundles are largely eliminated and those fibers that were in these regions cross the pyramidal cell layer and join the other mossy fibers within stratum lucidum.","p10, right upper","Amaral DG, Scharfman HE, Lavenex P","The dentate gyrus: fundamental neuroanatomical organization (dentate gyrus for dummies)","Progress in Brain Research",2007,17765709,0,NULL,NULL,NULL,NULL
1001778,1000,"GC",1002,"Mossy","The most distinctive feature of the mossy cell is that all of its proximal dendrites are covered by very large and complex spines, the so-called thorny excrescences (Fig. 9). These are the distinctive sites of termination of the mossy fiber axons. While thorny excrescences are also observed on the proximal dendrites of CA3 pyramidal cells, they are never as dense or as complex as the ones on the mossy cells.","p14, left middle","Amaral DG, Scharfman HE, Lavenex P","The dentate gyrus: fundamental neuroanatomical organization (dentate gyrus for dummies)","Progress in Brain Research",2007,17765709,0,NULL,NULL,NULL,NULL
1001796,1013,"HIPP",1000,"GC","Besides the mossy cell, there are a number of fusiform cells in the polymorphic layer. The main difference between the fusiform cell types is whether they have spines or not and the characteristic shapes and sizes of the spines. One type, the long-spined multipolar cell first described by Amaral (1978) has recently been called the HIPP cell (hilar perforant path-associated cell) (Fig. 10; Han et al., 1993). The conspicuous feature of this cell is the distribution of copious, long and often branched spines over its cell body and dendrites. Intracellular staining techniques demonstrate that these cells have axons that ascend into the outer two-thirds of the molecular layer (i.e., the perforant path zone) and terminate with symmetrical and presumably inhibitory synapses on the dendrites of granule cells.","p15, right lower","Amaral DG, Scharfman HE, Lavenex P","The dentate gyrus: fundamental neuroanatomical organization (dentate gyrus for dummies)","Progress in Brain Research",2007,17765709,0,NULL,NULL,NULL,NULL
1001802,1013,"HIPP",1000,"GC","Antibodies directed against the peptide somatostatin have revealed that neurons such as the HIPP cells scattered throughout the polymorphic layer are immunoreactive for this peptide, and account for approximately 16% of the GABAergic cells in the dentate gyrus (Morrison et al., 1982; Bakst et al., 1986; Freund and Buzsaki, 1996; Sik et al., 1997; Boyett and Buckmaster, 2001). The somatostatin-positive cells all colocalize with GABA, and are the source of the somatostatin immunoreactive fibers and terminals in the outer two-thirds of the molecular layer. This system of fibers, which forms contacts on the distal dendrites of the granule cells, provides a third means for inhibitory control of granule cell activity, in addition to the GABAergic basket cell plexus and axo-axonic terminals of the chandelier cells.","p16, left lower","Amaral DG, Scharfman HE, Lavenex P","The dentate gyrus: fundamental neuroanatomical organization (dentate gyrus for dummies)","Progress in Brain Research",2007,17765709,0,NULL,NULL,NULL,NULL
1001811,6005,"[PP various]",1000,"GC","The dentate gyrus receives its major input from the entorhinal cortex, via the so-called perforant pathway (Ramon y Cajal, 1893). The projection to the dentate gyrus arises mainly from cells located in layer II of the entorhinal cortex (Fig. 1), although a minor component of the projection also comes from layers V and VI (Steward and Scoville, 1976; Deller et al., 1996). The entorhinal terminals are strictly confined to the outer two-thirds of the molecular layer where they form asymmetric synapses that account for nearly 85% of the total axospinous terminations (Nafstad, 1967; Hjorth-Simonsen and Jeune, 1972). These contacts occur primarily on the dendritic spines of granule cells, although a small number of perforant path fibers also form asymmetric synapses on the shafts of GABA-positive interneurons.","p17, right lower","Amaral DG, Scharfman HE, Lavenex P","The dentate gyrus: fundamental neuroanatomical organization (dentate gyrus for dummies)","Progress in Brain Research",2007,17765709,0,NULL,NULL,NULL,NULL
1001811,6003,"[PP various]",1000,"GC","The dentate gyrus receives its major input from the entorhinal cortex, via the so-called perforant pathway (Ramon y Cajal, 1893). The projection to the dentate gyrus arises mainly from cells located in layer II of the entorhinal cortex (Fig. 1), although a minor component of the projection also comes from layers V and VI (Steward and Scoville, 1976; Deller et al., 1996). The entorhinal terminals are strictly confined to the outer two-thirds of the molecular layer where they form asymmetric synapses that account for nearly 85% of the total axospinous terminations (Nafstad, 1967; Hjorth-Simonsen and Jeune, 1972). These contacts occur primarily on the dendritic spines of granule cells, although a small number of perforant path fibers also form asymmetric synapses on the shafts of GABA-positive interneurons.","p17, right lower","Amaral DG, Scharfman HE, Lavenex P","The dentate gyrus: fundamental neuroanatomical organization (dentate gyrus for dummies)","Progress in Brain Research",2007,17765709,0,NULL,NULL,NULL,NULL
1001811,6082,"[PP various]",1000,"GC","The dentate gyrus receives its major input from the entorhinal cortex, via the so-called perforant pathway (Ramon y Cajal, 1893). The projection to the dentate gyrus arises mainly from cells located in layer II of the entorhinal cortex (Fig. 1), although a minor component of the projection also comes from layers V and VI (Steward and Scoville, 1976; Deller et al., 1996). The entorhinal terminals are strictly confined to the outer two-thirds of the molecular layer where they form asymmetric synapses that account for nearly 85% of the total axospinous terminations (Nafstad, 1967; Hjorth-Simonsen and Jeune, 1972). These contacts occur primarily on the dendritic spines of granule cells, although a small number of perforant path fibers also form asymmetric synapses on the shafts of GABA-positive interneurons.","p17, right lower","Amaral DG, Scharfman HE, Lavenex P","The dentate gyrus: fundamental neuroanatomical organization (dentate gyrus for dummies)","Progress in Brain Research",2007,17765709,0,NULL,NULL,NULL,NULL
1001811,6085,"[PP various]",1000,"GC","The dentate gyrus receives its major input from the entorhinal cortex, via the so-called perforant pathway (Ramon y Cajal, 1893). The projection to the dentate gyrus arises mainly from cells located in layer II of the entorhinal cortex (Fig. 1), although a minor component of the projection also comes from layers V and VI (Steward and Scoville, 1976; Deller et al., 1996). The entorhinal terminals are strictly confined to the outer two-thirds of the molecular layer where they form asymmetric synapses that account for nearly 85% of the total axospinous terminations (Nafstad, 1967; Hjorth-Simonsen and Jeune, 1972). These contacts occur primarily on the dendritic spines of granule cells, although a small number of perforant path fibers also form asymmetric synapses on the shafts of GABA-positive interneurons.","p17, right lower","Amaral DG, Scharfman HE, Lavenex P","The dentate gyrus: fundamental neuroanatomical organization (dentate gyrus for dummies)","Progress in Brain Research",2007,17765709,0,NULL,NULL,NULL,NULL
1001811,6002,"[PP various]",1000,"GC","The dentate gyrus receives its major input from the entorhinal cortex, via the so-called perforant pathway (Ramon y Cajal, 1893). The projection to the dentate gyrus arises mainly from cells located in layer II of the entorhinal cortex (Fig. 1), although a minor component of the projection also comes from layers V and VI (Steward and Scoville, 1976; Deller et al., 1996). The entorhinal terminals are strictly confined to the outer two-thirds of the molecular layer where they form asymmetric synapses that account for nearly 85% of the total axospinous terminations (Nafstad, 1967; Hjorth-Simonsen and Jeune, 1972). These contacts occur primarily on the dendritic spines of granule cells, although a small number of perforant path fibers also form asymmetric synapses on the shafts of GABA-positive interneurons.","p17, right lower","Amaral DG, Scharfman HE, Lavenex P","The dentate gyrus: fundamental neuroanatomical organization (dentate gyrus for dummies)","Progress in Brain Research",2007,17765709,0,NULL,NULL,NULL,NULL
1001921,1002,"Mossy",1000,"GC","The mossy cells are immunoreactive for glutamate and give rise to axons that project to the inner third of the molecular layer of the ipsilateral and contralateral dentate gyrus, making asymmetrical terminations on the dendrites of granule cells.","p58, right middle","Amaral D, Lavenex P","Hippocampal Neuroanatomy","The Hippocampus Book",2010,"978-0-19-510027-3",37,NULL,NULL,NULL,NULL
1001924,1013,"HIPP",1000,"GC","One type, the long-spined multipolar cell first described by Amaral (1978), has recently been called the HIPP cell (hilar perforant path-associated cell). This cell type has two or three principal dendrites that originate from the poles of the cell, run mainly parallel to the granule cell layer, and can extend for nearly the entire transverse length of one blade of the granule cell layer. The conspicuous feature of this cell is the distribution of copious, long, often branched spines over its cell body and dendrites. Intracellular staining techniques demonstrate that these cells have axons that ascend into the outer two-thirds of the molecular layer (i.e., the perforant path zone) and terminate with symmetrical and presumably inhibitory synapses on the dendrites of granule cells.","p58, right lower","Amaral D, Lavenex P","Hippocampal Neuroanatomy","The Hippocampus Book",2011,"978-0-19-510027-3",37,NULL,NULL,NULL,NULL
1001933,6005,"[PP various]",1000,"GC","The dentate gyrus receives its major input from the entorhinal cortex via the so-called perforant pathway (Ramon y Cajal, 1893). The projection to the dentate gyrus arises mainly from cells located in layer II of the entorhinal cortex, although a minor component of the projection also comes from layers V and VI (Steward and Scoville, 1976). In the molecular layer of the dentate gyrus, the entorhinal terminals are strictly confined to the superficial (outer) two-thirds, where they form asymmetrical synapses that account for nearly 85% of the total axospinous terminations (Nafstad, 1967; Hjorth-Simonsen and Jeune, 1972). These contacts occur primarily on the dendritic spines of granule cells, although a small number of perforant path fibers also form asymmetrical synapses on the shafts of GABA-positive interneurons.","p59, left middle","Amaral D, Lavenex P","Hippocampal Neuroanatomy","The Hippocampus Book",2014,"978-0-19-510027-3",37,NULL,NULL,NULL,NULL
1001933,6003,"[PP various]",1000,"GC","The dentate gyrus receives its major input from the entorhinal cortex via the so-called perforant pathway (Ramon y Cajal, 1893). The projection to the dentate gyrus arises mainly from cells located in layer II of the entorhinal cortex, although a minor component of the projection also comes from layers V and VI (Steward and Scoville, 1976). In the molecular layer of the dentate gyrus, the entorhinal terminals are strictly confined to the superficial (outer) two-thirds, where they form asymmetrical synapses that account for nearly 85% of the total axospinous terminations (Nafstad, 1967; Hjorth-Simonsen and Jeune, 1972). These contacts occur primarily on the dendritic spines of granule cells, although a small number of perforant path fibers also form asymmetrical synapses on the shafts of GABA-positive interneurons.","p59, left middle","Amaral D, Lavenex P","Hippocampal Neuroanatomy","The Hippocampus Book",2014,"978-0-19-510027-3",37,NULL,NULL,NULL,NULL
1001933,6082,"[PP various]",1000,"GC","The dentate gyrus receives its major input from the entorhinal cortex via the so-called perforant pathway (Ramon y Cajal, 1893). The projection to the dentate gyrus arises mainly from cells located in layer II of the entorhinal cortex, although a minor component of the projection also comes from layers V and VI (Steward and Scoville, 1976). In the molecular layer of the dentate gyrus, the entorhinal terminals are strictly confined to the superficial (outer) two-thirds, where they form asymmetrical synapses that account for nearly 85% of the total axospinous terminations (Nafstad, 1967; Hjorth-Simonsen and Jeune, 1972). These contacts occur primarily on the dendritic spines of granule cells, although a small number of perforant path fibers also form asymmetrical synapses on the shafts of GABA-positive interneurons.","p59, left middle","Amaral D, Lavenex P","Hippocampal Neuroanatomy","The Hippocampus Book",2014,"978-0-19-510027-3",37,NULL,NULL,NULL,NULL
1001933,6085,"[PP various]",1000,"GC","The dentate gyrus receives its major input from the entorhinal cortex via the so-called perforant pathway (Ramon y Cajal, 1893). The projection to the dentate gyrus arises mainly from cells located in layer II of the entorhinal cortex, although a minor component of the projection also comes from layers V and VI (Steward and Scoville, 1976). In the molecular layer of the dentate gyrus, the entorhinal terminals are strictly confined to the superficial (outer) two-thirds, where they form asymmetrical synapses that account for nearly 85% of the total axospinous terminations (Nafstad, 1967; Hjorth-Simonsen and Jeune, 1972). These contacts occur primarily on the dendritic spines of granule cells, although a small number of perforant path fibers also form asymmetrical synapses on the shafts of GABA-positive interneurons.","p59, left middle","Amaral D, Lavenex P","Hippocampal Neuroanatomy","The Hippocampus Book",2014,"978-0-19-510027-3",37,NULL,NULL,NULL,NULL
1001933,6002,"[PP various]",1000,"GC","The dentate gyrus receives its major input from the entorhinal cortex via the so-called perforant pathway (Ramon y Cajal, 1893). The projection to the dentate gyrus arises mainly from cells located in layer II of the entorhinal cortex, although a minor component of the projection also comes from layers V and VI (Steward and Scoville, 1976). In the molecular layer of the dentate gyrus, the entorhinal terminals are strictly confined to the superficial (outer) two-thirds, where they form asymmetrical synapses that account for nearly 85% of the total axospinous terminations (Nafstad, 1967; Hjorth-Simonsen and Jeune, 1972). These contacts occur primarily on the dendritic spines of granule cells, although a small number of perforant path fibers also form asymmetrical synapses on the shafts of GABA-positive interneurons.","p59, left middle","Amaral D, Lavenex P","Hippocampal Neuroanatomy","The Hippocampus Book",2014,"978-0-19-510027-3",37,NULL,NULL,NULL,NULL
1001957,1000,"GC",1035,"Basket","The mossy fiber terminals in the [Dentate gyrus] polymorphic layer establish contacts with the proximal dendrites of the mossy cells (Ribak et al., 1985), the basal dendrites of the pyramidal basket cells, and other, unidentified cells.","p63, left upper","Amaral D, Lavenex P","Hippocampal Neuroanatomy","The Hippocampus Book",2022,"978-0-19-510027-3",37,NULL,NULL,NULL,NULL
1001963,1002,"Mossy",1000,"GC","The inner third of the [Dentate gyrus] molecular layer receives a projection that originates exclusively from neurons in the polymorphic layer (Laurberg and Sorensen, 1981; Buckmaster et al., 1992, 1996; Frotscher, 1992). Because in the rat this projection originates in both the ipsilateral and contralateral sides of the hippocampus, it has been called the associational/commissural projection. ... It is now clear, however, that the associational/commissural projection arises exclusively from cells in the polymorphic layer, and CA3 cells do not project to the molecular layer. Most of the synaptic terminals of the associational/commissural pathway form asymmetrical, presumably excitatory synaptic terminals on the spines of proximal dendrites of granule cells. Many, perhaps all, of the axons contributing to these synaptic terminals originate from the mossy cells of the polymorphic layer, and individual mossy cells contribute a projection to both the ipsilateral associational and commissural projections.","p63, left middle","Amaral D, Lavenex P","Hippocampal Neuroanatomy","The Hippocampus Book",2024,"978-0-19-510027-3",37,NULL,NULL,NULL,NULL
1001969,1000,"GC",1002,"Mossy","First, the projection from mossy cells located at any particular level of the dentate gyrus is distributed widely along the longitudinal axis, both septally and temporally from the point of origin. Axons from any particular septotemporal point in the dentate gyrus may innervate as much as 75% of the long axis of the dentate gyrus (Amaral and Witter, 1989). Second, the projection to the molecular layer at the septotemporal level of origin is extremely weak but becomes increasingly stronger at levels that are progressively more distant from the cells of origin. Remembering that mossy cells are the recipients of massive innervation from the granule cells at their same level (via the mossy fiber collaterals into the polymorphic layer), it appears that the mossy cells pass on the collective output of granule cells from one septotemporal level to granule cells located at distant levels of the dentate gyrus.","p63, right middle","Amaral D, Lavenex P","Hippocampal Neuroanatomy","The Hippocampus Book",2026,"978-0-19-510027-3",37,NULL,NULL,NULL,NULL
1001984,1000,"GC",2000,"CA3 Pyr","The mossy fiber expansions form highly irregular, complex, interdigitated attachments with the intricately branched spines called thorny excrescences that are located on the proximal dendrites of the CA3 pyramidal cells. The thorny excresences are so distinctive they clearly mark the location of mossy fiber synaptic termination. In the proximal portion of CA3, for example, thorny excrescences are located on both the basal and apical proximal dendrites of pyramidal cells, which are therefore in contact with both the infra- and suprapyramidal mossy fiber bundles. In the mid and distal portions of CA3, however, thorny excresences are almost entirely restricted to the apical dendritic processes that traverse the stratum lucidum (Fig. 3-24). The CA2 pyramidal cells, which do not receive any mossy fiber input, are devoid of thorny excrescences (Fig. 3-25).","p64, right middle","Amaral D, Lavenex P","Hippocampal Neuroanatomy","The Hippocampus Book",2031,"978-0-19-510027-3",37,NULL,NULL,NULL,NULL
1001984,1000,"GC",3000,"!!!NO!!! CA2 Pyr","The mossy fiber expansions form highly irregular, complex, interdigitated attachments with the intricately branched spines called thorny excrescences that are located on the proximal dendrites of the CA3 pyramidal cells. The thorny excresences are so distinctive they clearly mark the location of mossy fiber synaptic termination. In the proximal portion of CA3, for example, thorny excrescences are located on both the basal and apical proximal dendrites of pyramidal cells, which are therefore in contact with both the infra- and suprapyramidal mossy fiber bundles. In the mid and distal portions of CA3, however, thorny excresences are almost entirely restricted to the apical dendritic processes that traverse the stratum lucidum (Fig. 3-24). The CA2 pyramidal cells, which do not receive any mossy fiber input, are devoid of thorny excrescences (Fig. 3-25).","p64, right middle","Amaral D, Lavenex P","Hippocampal Neuroanatomy","The Hippocampus Book",2031,"978-0-19-510027-3",37,NULL,NULL,NULL,NULL
1001999,1000,"GC",2000,"CA3 Pyr","[CA3 pyramidal] Cells located in the limbs of the dentate gyrus, for example, have few or none of their dendrites extending into the stratum lacunosum-moleculare, and thus these cells receive little or no direct input from the entorhinal cortex. The cells, however, receive a larger number of mossy fiber terminals on their apical and basal dendritic trees and are thus under greater influence of the granule cells than distally located CA3 cells, which receive only apical mossy fiber input.","p68, left middle","Amaral D, Lavenex P","Hippocampal Neuroanatomy","The Hippocampus Book",2036,"978-0-19-510027-3",37,NULL,NULL,NULL,NULL
1002000,4036,"CA1 AA",4000,"CA1 Pyr","A second type of hippocampal interneuron is the chandelier, or axo-axonic, cell {CA1 CA1 Axo-Axonic}. The axo-axonic cells found in the [CA1 and CA3 regions of the] hippocampus are similar to the ones described in the dentate gyrus. Their cell bodies, like those of the basket cells, are located in or adjacent to the pyramidal cell layer [of CA1], and their dendrites span all the hippocampal strata. The axons of the chandelier cells have a transverse spread of approximately 1 mm. They travel just superficial to the pyramidal cell layer and periodically give rise to collaterals that enter the pyramidal cell layer and terminate on the proximal axons of the pyramidal neurons. Each axo-axonic cell terminates on approximately 1200 pyramidal cell axon initial segments,and each initial segment is innervated by 4 to 10 axo-axonic cells.","p70, left middle","Amaral D, Lavenex P","Hippocampal Neuroanatomy","The Hippocampus Book",2036,"978-0-19-510027-3",37,NULL,NULL,NULL,NULL
1002017,4069,"CA1 O-LM",4000,"CA1 Pyr","One class of cells (Lacaille et al., 1987) has been called the O-LM cell (oriens lacunosum-moleclare(associated cell) and has as its defining feature a dense axonal arbor that is confined to the stratum lacunosum-moleclare (also known as cells terminating in conjunction with entorhinal afferents). The location of the cell body of this class of interneuron varies depending on which hippocampal field it inhabits. The principle seems to be that the cell body and dendritic tree are located in the zones occupied by recurrent pyramidal cell collaterals. In CA3 this includes all strata except the stratum lacunosum-moleculare, but in CA1 it includes only the stratum oriens. The axons of the O-LM cell leave the stratum oriens (or in whichever layer the cell body is located) and rise directly to the stratum lacunosum-moleculare, ramifying there to form a dense plexus. These axons form symmetrical synapses with the distal apical dendrites of pyramidal neurons.","p70, left lower","Amaral D, Lavenex P","Hippocampal Neuroanatomy","The Hippocampus Book",2042,"978-0-19-510027-3",37,NULL,NULL,NULL,NULL
1002017,4000,"CA1 Pyr",4069,"CA1 O-LM","One class of cells (Lacaille et al., 1987) has been called the O-LM cell (oriens lacunosum-moleclare(associated cell) and has as its defining feature a dense axonal arbor that is confined to the stratum lacunosum-moleclare (also known as cells terminating in conjunction with entorhinal afferents). The location of the cell body of this class of interneuron varies depending on which hippocampal field it inhabits. The principle seems to be that the cell body and dendritic tree are located in the zones occupied by recurrent pyramidal cell collaterals. In CA3 this includes all strata except the stratum lacunosum-moleculare, but in CA1 it includes only the stratum oriens. The axons of the O-LM cell leave the stratum oriens (or in whichever layer the cell body is located) and rise directly to the stratum lacunosum-moleculare, ramifying there to form a dense plexus. These axons form symmetrical synapses with the distal apical dendrites of pyramidal neurons.","p70, left lower","Amaral D, Lavenex P","Hippocampal Neuroanatomy","The Hippocampus Book",2042,"978-0-19-510027-3",37,NULL,NULL,NULL,NULL
1002017,2009,"CA3 O-LM",2000,"CA3 Pyr","One class of cells (Lacaille et al., 1987) has been called the O-LM cell (oriens lacunosum-moleclare(associated cell) and has as its defining feature a dense axonal arbor that is confined to the stratum lacunosum-moleclare (also known as cells terminating in conjunction with entorhinal afferents). The location of the cell body of this class of interneuron varies depending on which hippocampal field it inhabits. The principle seems to be that the cell body and dendritic tree are located in the zones occupied by recurrent pyramidal cell collaterals. In CA3 this includes all strata except the stratum lacunosum-moleculare, but in CA1 it includes only the stratum oriens. The axons of the O-LM cell leave the stratum oriens (or in whichever layer the cell body is located) and rise directly to the stratum lacunosum-moleculare, ramifying there to form a dense plexus. These axons form symmetrical synapses with the distal apical dendrites of pyramidal neurons.","p70, left lower","Amaral D, Lavenex P","Hippocampal Neuroanatomy","The Hippocampus Book",2042,"978-0-19-510027-3",37,NULL,NULL,NULL,NULL
1002020,4080,"CA1 Bistratified",4000,"CA1 Pyr","Another class of hippocampal interneuron, the bistratified cell, also has its cell body located close to the pyramidal cell layer. The dendritic trees of these neurons are multipolar but do not reach the stratum lacunosum-moleculare. The axon of the bistratified cell sends collaterals into the stratum oriens and the deep portion of the stratum radiatum, where a dense terminal plexus is produced. These neurons generate an enormous axonal plexus, on the order of 80 mm in total length and generating up to 16,000 synaptic varicosities. The bistratified cells have axons that terminate on both the dendritic shafts and the dendritic spines of pyramidal cells.","p70, right middle","Amaral D, Lavenex P","Hippocampal Neuroanatomy","The Hippocampus Book",2043,"978-0-19-510027-3",37,NULL,NULL,NULL,NULL
1002020,2045,"CA3 Bistratified",2000,"CA3 Pyr","Another class of hippocampal interneuron, the bistratified cell, also has its cell body located close to the pyramidal cell layer. The dendritic trees of these neurons are multipolar but do not reach the stratum lacunosum-moleculare. The axon of the bistratified cell sends collaterals into the stratum oriens and the deep portion of the stratum radiatum, where a dense terminal plexus is produced. These neurons generate an enormous axonal plexus, on the order of 80 mm in total length and generating up to 16,000 synaptic varicosities. The bistratified cells have axons that terminate on both the dendritic shafts and the dendritic spines of pyramidal cells.","p70, right middle","Amaral D, Lavenex P","Hippocampal Neuroanatomy","The Hippocampus Book",2043,"978-0-19-510027-3",37,NULL,NULL,NULL,NULL
1002038,2000,"CA3 Pyr",4000,"CA1 Pyr","All portions of CA3 and CA2 project to CA1. The pattern of terminal distribution, however, depends on the location of the CA3/CA2 cells of origin. The older notion that a typical CA3 pyramidal cell sends a single axon to CA1, traveling linearly through the field with equal contact probability at all regions in CA1 is clearly incorrect. In fact, each CA3 pyramidal cell gives rise to highly collateralized axons that follow both transverse and oblique orientations through CA1 (Ishizuka et al., 1990). Although Schaffer collaterals are typically illustrated as extending only through the stratum radiatum, it should be emphasized that both the stratum radiatum and stratum oriens of CA1 are heavily innervated by CA3 axons. Thus, the Schaffer collaterals are as highly associated with the apical dendrites of CA1 cells in the stratum radiatum as they are with the basal dendrites in the stratum oriens.","p74, left lower","Amaral D, Lavenex P","Hippocampal Neuroanatomy","The Hippocampus Book",2049,"978-0-19-510027-3",37,NULL,NULL,NULL,NULL
1002044,2000,"CA3 Pyr",4000,"CA1 Pyr","To summarize, the CA3 to CA1 projection is the major input to CA1 pyramidal cells. The projection terminates on the basal dendrites in the stratum oriens and the apical dendrites in the stratum radiatum.","p75, right upper","Amaral D, Lavenex P","Hippocampal Neuroanatomy","The Hippocampus Book",2051,"978-0-19-510027-3",37,NULL,NULL,NULL,NULL
1002318,1000,"GC",1035,"Basket","The dendrites of basket cells are aspinous or sparsely spinous and are found in all layers of the dentate gyrus (Ribak and Seress, 1983). The aspinous dendrites have a mixture of asymmetric and symmetric synapses on their surfaces. In the hilus, the basal dendrites of pyramidal and fusiform basket cells have the greatest concentration of axon terminals apposed to their surfaces, and most of these axon terminals contain round synaptic vesicles and form asymmetric synapses. Some of the axon terminals that synapse on the basal dendrites of pyramidal basket cells were identified as mossy fiber terminals (Ribak and Seress, 1983).","p159, left middle","Ribak CE, Shapiro LA","Ultrastructure and synaptic connectivity of cell types in the adult rat dentate gyrus","Progress in Brain Research",2007,17765717,0,NULL,NULL,NULL,NULL
1002324,1000,"GC",1002,"Mossy","The mossy cells represent a distinct population of neurons that dominate the landscape of the dentate gyrus hilar region (Ribak et al., 1985; Frotscher et al., 1991). The mossy cells are characterized by large triangular or multipolar somata (25-30 mm diameter). These somata contain a round nucleus without infoldings, a thick shell of perikaryal cytoplasm and abundant organelles (Fig. 4). Arising from these somata are three or four thick primary dendrites (Fig. 4), which bifurcate to form an elaborate dendritic plexus that is mostly restricted to the hilus. These cells have complex spines known as thorny excrescences on their somata and proximal dendrites (Fig. 4), while their distal dendrites have typical spines. The majority of axon terminals forming synapses onto these dendrites arise from mossy fibers of granule cells (Fig. 4).","p159, right middle","Ribak CE, Shapiro LA","Ultrastructure and synaptic connectivity of cell types in the adult rat dentate gyrus","Progress in Brain Research",2007,17765717,0,NULL,NULL,NULL,NULL
1002327,1002,"Mossy",1000,"GC","The axons of these mossy cells bifurcate and the major projection is to the distant portions of the inner molecular layer (Soltesz et al., 1993). The axon terminals of mossy cells were observed to make asymmetric synapses onto postsynaptic targets in the hilus and molecular layer of the dentate gyrus (Ribak et al., 1985; Scharfman et al., 1990) and showed immunoreactivity primarily for glutamate, but never for GABA (Soriano and Frotscher, 1994). Within the hilus, glutamate-positive mossy cell axon terminals targeted GABA-positive dendritic shafts of hilar interneurons and GABA-negative dendritic spines. Mossy cell axons in the inner molecular layer form asymmetric synapses with dendritic spines associated with GABA-negative, granule cell dendrites. Thus, excitatory (glutamatergic) mossy cell terminals contact GABAergic interneurons and non-GABAergic neurons in the hilar region and GABA-negative dendrites of granule cells in the molecular layer.","p159, right lower","Ribak CE, Shapiro LA","Ultrastructure and synaptic connectivity of cell types in the adult rat dentate gyrus","Progress in Brain Research",2007,17765717,0,NULL,NULL,NULL,NULL
1002330,1000,"GC",1013,"HIPP","The fusiform cells of the rat dentate gyrus are located in the hilus, within 100 mm of the base of the granule cell layer (Fig. 5). These cells are one of the most prevalent cell types in the subgranular zone of the dentate gyrus (Ribak and Seress, 1988). The fusiform cells are bipolar, with oval cell bodies, and their dendrites typically run parallel to the granule cell layer, and within the subgranular zone (Fig. 5). The dendrites of these cells are either spiny or sparsely spiny. The spiny fusiform cell receives the majority of its input from the axon collaterals of the mossy fiber axons from the granule cells.","p161, right upper","Ribak CE, Shapiro LA","Ultrastructure and synaptic connectivity of cell types in the adult rat dentate gyrus","Progress in Brain Research",2007,17765717,0,NULL,NULL,NULL,NULL
1002333,1013,"HIPP",1000,"GC","It was shown that the [Dentate gyrus fusiform neuron] somatostatin-labeled axons formed a dense plexus in the outer molecular layer where they made symmetric synapses onto the granule cell dendrites (Bakst et al., 1986; Milner and Bacon, 1989; Leranth et al., 1990). In addition, somatostatin-labeled axon terminals in the hilus were also reported (Milner and Bacon, 1989).","p163, left upper","Ribak CE, Shapiro LA","Ultrastructure and synaptic connectivity of cell types in the adult rat dentate gyrus","Progress in Brain Research",2007,17765717,0,NULL,NULL,NULL,NULL
1002400,2000,"CA3 Pyr",4000,"CA1 Pyr","The trisynaptic circuit is composed of three sequential glutamatergic synapses: 1) perforant path axons of layer II neurons in entorhinal cortex project to the outer two-thirds of the dentate gyrus molecular layer, the location of the distal granule cell dendrites, 2) mossy fiber axons of granule cells project to proximal dendrites of area CA3 pyramidal cells, and 3) the Schaffer collateral axons of CA3 pyramidal cells project to stratum radiatum of CA3 [sic], where the apical dendrites of area CA1 pyramidal cells are located (Amaral and Witter, 1989).","p628, left middle","Scharfman HE","The CA3 backprojection to the dentate gyrus","Progress in Brain Research",2007,17765742,0,NULL,NULL,NULL,NULL
1002424,2004,"CA3c Pyr",1002,"Mossy","This fimbria stimulation site activated hilar mossy cells and hilar GABAergic neurons disynaptically, and was sensitive to the AMPA receptor antagonist CNQX but not the muscarinic antagonist atropine (Scharfman, 1993a). At a longer latency, the granule cell IPSP began. These data suggesting that fimbria activation of CA3 pyramidal cells led to hilar neuron activation, presumably by hilar collaterals of CA3 pyramidal cells.","p630, right lower","Scharfman HE","The CA3 backprojection to the dentate gyrus","Progress in Brain Research",2007,17765742,0,NULL,NULL,NULL,NULL
1002427,2004,"CA3c Pyr",1002,"Mossy","Simultaneous recordings showed that immediately after the onset of spontaneous bursts in CA3 pyramidal cells, hilar mossy cells and GABAergic interneurons also demonstrated bursts (Scharfman, 1994a, c).","p632, left upper","Scharfman HE","The CA3 backprojection to the dentate gyrus","Progress in Brain Research",2007,17765742,0,NULL,NULL,NULL,NULL
1002430,2004,"CA3c Pyr",1002,"Mossy","The most parsimonious explanation was that CA3 pyramidal cells innervated both types of hilar neurons, and evidence was obtained for this by simultaneous intracellular recordings from monosynaptically connected pyramidal cells and mossy cells (Scharfman, 1994b). The same approach showed that mossy cells innervated granule cells and interneurons in the hilus (Scharfman, 1995), suggesting that multiple polysynaptic circuits could be set in motion by CA3 pyramidal cells, and ultimately influence dentate granule cells. Current source density has also provided evidence of CA3 dentate gyrus interactions similar to those discussed above (Wu et al., 1998).","p632, right upper","Scharfman HE","The CA3 backprojection to the dentate gyrus","Progress in Brain Research",2007,17765742,0,NULL,NULL,NULL,NULL
1002430,1002,"Mossy",1002,"Mossy","The most parsimonious explanation was that CA3 pyramidal cells innervated both types of hilar neurons, and evidence was obtained for this by simultaneous intracellular recordings from monosynaptically connected pyramidal cells and mossy cells (Scharfman, 1994b). The same approach showed that mossy cells innervated granule cells and interneurons in the hilus (Scharfman, 1995), suggesting that multiple polysynaptic circuits could be set in motion by CA3 pyramidal cells, and ultimately influence dentate granule cells. Current source density has also provided evidence of CA3-dentate gyrus interactions similar to those discussed above (Wu et al., 1998).","p632, right upper","Scharfman HE","The CA3 backprojection to the dentate gyrus","Progress in Brain Research",2007,17765742,0,NULL,NULL,NULL,NULL
1002433,2004,"CA3c Pyr",1002,"Mossy","In summary, there is strong evidence from studies in hippocampal slices that the CA3 backprojection innervates hilar neurons, both mossy cells and GABAergic neurons. Currently there is no physiological evidence that CA3 directly innervates the granule cells of the dentate gyrus, but absence of evidence is not a proof of absence.","p632, left lower","Scharfman HE","The CA3 backprojection to the dentate gyrus","Progress in Brain Research",2007,17765742,0,NULL,NULL,NULL,NULL
1002506,1000,"GC",2000,"CA3 Pyr","[Dentate gyrus] mossy cells receive input from granule cells to all parts of their dendrites, whereas CA3 pyramidal cells only are innervated by mossy fibers within stratum lucidum in rats;","p30, left middle","Seress L","Comparative anatomy of the hippocampal dentate gyrus in adult and developing rodents, non-human primates and humans","Progress in Brain Research",2007,17765710,0,NULL,NULL,NULL,NULL
1002506,1000,"GC",1002,"Mossy","[Dentate gyrus] mossy cells receive input from granule cells to all parts of their dendrites, whereas CA3 pyramidal cells only are innervated by mossy fibers within stratum lucidum in rats;","p30, left middle","Seress L","Comparative anatomy of the hippocampal dentate gyrus in adult and developing rodents, non-human primates and humans","Progress in Brain Research",2007,17765710,0,NULL,NULL,NULL,NULL
1002624,6005,"[PP various]",1000,"GC","In the molecular layer of the dentate gyrus in the rat, the terminals of the perforant path fibers in the outer two-thirds of the molecular layer make up at least 85% of the total synaptic population (Nafstad, 1967; Matthews et al., 1976). Entorhinal fibers form mainly, if not exclusively, asymmetric synapses (Nafstad, 1967; Matthews et al., 1976; Deller and Leranth, 1990; Leranth et al., 1990). These occur most frequently on the dendritic spines of dentate granule cells, although a small proportion of perforant path fibers terminate on non-spiny dendrites of presumed interneurons. These include parvalbumin/GABA-immunoreactive (Zipp et al., 1989), somatostatin-positive, and NPY-positive neurons with cell bodies located in the hilus and apical dendrites which extend into the outer portions of the molecular layer (Scharfman, 1991; Soriano and Frotscher, 1993).","p56, left middle","Witter MP","The perforant path: projections from the entorhinal cortex to the dentate gyrus","Progress in Brain Research",2007,17765711,0,NULL,NULL,NULL,NULL
1002624,6003,"[PP various]",1000,"GC","In the molecular layer of the dentate gyrus in the rat, the terminals of the perforant path fibers in the outer two-thirds of the molecular layer make up at least 85% of the total synaptic population (Nafstad, 1967; Matthews et al., 1976). Entorhinal fibers form mainly, if not exclusively, asymmetric synapses (Nafstad, 1967; Matthews et al., 1976; Deller and Leranth, 1990; Leranth et al., 1990). These occur most frequently on the dendritic spines of dentate granule cells, although a small proportion of perforant path fibers terminate on non-spiny dendrites of presumed interneurons. These include parvalbumin/GABA-immunoreactive (Zipp et al., 1989), somatostatin-positive, and NPY-positive neurons with cell bodies located in the hilus and apical dendrites which extend into the outer portions of the molecular layer (Scharfman, 1991; Soriano and Frotscher, 1993).","p56, left middle","Witter MP","The perforant path: projections from the entorhinal cortex to the dentate gyrus","Progress in Brain Research",2007,17765711,0,NULL,NULL,NULL,NULL
1002624,6082,"[PP various]",1000,"GC","In the molecular layer of the dentate gyrus in the rat, the terminals of the perforant path fibers in the outer two-thirds of the molecular layer make up at least 85% of the total synaptic population (Nafstad, 1967; Matthews et al., 1976). Entorhinal fibers form mainly, if not exclusively, asymmetric synapses (Nafstad, 1967; Matthews et al., 1976; Deller and Leranth, 1990; Leranth et al., 1990). These occur most frequently on the dendritic spines of dentate granule cells, although a small proportion of perforant path fibers terminate on non-spiny dendrites of presumed interneurons. These include parvalbumin/GABA-immunoreactive (Zipp et al., 1989), somatostatin-positive, and NPY-positive neurons with cell bodies located in the hilus and apical dendrites which extend into the outer portions of the molecular layer (Scharfman, 1991; Soriano and Frotscher, 1993).","p56, left middle","Witter MP","The perforant path: projections from the entorhinal cortex to the dentate gyrus","Progress in Brain Research",2007,17765711,0,NULL,NULL,NULL,NULL
1002624,6085,"[PP various]",1000,"GC","In the molecular layer of the dentate gyrus in the rat, the terminals of the perforant path fibers in the outer two-thirds of the molecular layer make up at least 85% of the total synaptic population (Nafstad, 1967; Matthews et al., 1976). Entorhinal fibers form mainly, if not exclusively, asymmetric synapses (Nafstad, 1967; Matthews et al., 1976; Deller and Leranth, 1990; Leranth et al., 1990). These occur most frequently on the dendritic spines of dentate granule cells, although a small proportion of perforant path fibers terminate on non-spiny dendrites of presumed interneurons. These include parvalbumin/GABA-immunoreactive (Zipp et al., 1989), somatostatin-positive, and NPY-positive neurons with cell bodies located in the hilus and apical dendrites which extend into the outer portions of the molecular layer (Scharfman, 1991; Soriano and Frotscher, 1993).","p56, left middle","Witter MP","The perforant path: projections from the entorhinal cortex to the dentate gyrus","Progress in Brain Research",2007,17765711,0,NULL,NULL,NULL,NULL
1002624,6002,"[PP various]",1000,"GC","In the molecular layer of the dentate gyrus in the rat, the terminals of the perforant path fibers in the outer two-thirds of the molecular layer make up at least 85% of the total synaptic population (Nafstad, 1967; Matthews et al., 1976). Entorhinal fibers form mainly, if not exclusively, asymmetric synapses (Nafstad, 1967; Matthews et al., 1976; Deller and Leranth, 1990; Leranth et al., 1990). These occur most frequently on the dendritic spines of dentate granule cells, although a small proportion of perforant path fibers terminate on non-spiny dendrites of presumed interneurons. These include parvalbumin/GABA-immunoreactive (Zipp et al., 1989), somatostatin-positive, and NPY-positive neurons with cell bodies located in the hilus and apical dendrites which extend into the outer portions of the molecular layer (Scharfman, 1991; Soriano and Frotscher, 1993).","p56, left middle","Witter MP","The perforant path: projections from the entorhinal cortex to the dentate gyrus","Progress in Brain Research",2007,17765711,0,NULL,NULL,NULL,NULL
1002718,6005,"[PP various]",1000,"GC","In addition to the main innervations arising from layers II and III in the EC [Entorhinal cortex], a projection originating from deep layers [V and VI] has been described as well. In the DG [Dentate gyrus], this deep layer component preferentially distributes to the inner portion of the molecular layer, the granule cell layer, as well as the sub-granular, hilar zone, where it establishes asymmetrical synapses onto granule cell dendrites as well as on their somata and onto spine-free dendrites in the sub-granular zone.","p11, middle","Witter MP","Connectivity of the Hippocampus","Hippocampal Microcircuits",2010,"978-1-4419-0995-4",5,NULL,NULL,NULL,NULL
1002718,6003,"[PP various]",1000,"GC","In addition to the main innervations arising from layers II and III in the EC [Entorhinal cortex], a projection originating from deep layers [V and VI] has been described as well. In the DG [Dentate gyrus], this deep layer component preferentially distributes to the inner portion of the molecular layer, the granule cell layer, as well as the sub-granular, hilar zone, where it establishes asymmetrical synapses onto granule cell dendrites as well as on their somata and onto spine-free dendrites in the sub-granular zone.","p11, middle","Witter MP","Connectivity of the Hippocampus","Hippocampal Microcircuits",2010,"978-1-4419-0995-4",5,NULL,NULL,NULL,NULL
1002718,6082,"[PP various]",1000,"GC","In addition to the main innervations arising from layers II and III in the EC [Entorhinal cortex], a projection originating from deep layers [V and VI] has been described as well. In the DG [Dentate gyrus], this deep layer component preferentially distributes to the inner portion of the molecular layer, the granule cell layer, as well as the sub-granular, hilar zone, where it establishes asymmetrical synapses onto granule cell dendrites as well as on their somata and onto spine-free dendrites in the sub-granular zone.","p11, middle","Witter MP","Connectivity of the Hippocampus","Hippocampal Microcircuits",2010,"978-1-4419-0995-4",5,NULL,NULL,NULL,NULL
1002718,6085,"[PP various]",1000,"GC","In addition to the main innervations arising from layers II and III in the EC [Entorhinal cortex], a projection originating from deep layers [V and VI] has been described as well. In the DG [Dentate gyrus], this deep layer component preferentially distributes to the inner portion of the molecular layer, the granule cell layer, as well as the sub-granular, hilar zone, where it establishes asymmetrical synapses onto granule cell dendrites as well as on their somata and onto spine-free dendrites in the sub-granular zone.","p11, middle","Witter MP","Connectivity of the Hippocampus","Hippocampal Microcircuits",2010,"978-1-4419-0995-4",5,NULL,NULL,NULL,NULL
1002718,6002,"[PP various]",1000,"GC","In addition to the main innervations arising from layers II and III in the EC [Entorhinal cortex], a projection originating from deep layers [V and VI] has been described as well. In the DG [Dentate gyrus], this deep layer component preferentially distributes to the inner portion of the molecular layer, the granule cell layer, as well as the sub-granular, hilar zone, where it establishes asymmetrical synapses onto granule cell dendrites as well as on their somata and onto spine-free dendrites in the sub-granular zone.","p11, middle","Witter MP","Connectivity of the Hippocampus","Hippocampal Microcircuits",2010,"978-1-4419-0995-4",5,NULL,NULL,NULL,NULL
1002721,6005,"[PP various]",1000,"GC","In the DG, entorhinal synapses make up at least 85% of the total synaptic population and they target mainly apical dendrites of granule cells. Interneurons that are innervated are those positive for parvalbumin, as well as those positive for somatostatin and NPY.","p12, middle","Witter MP","Connectivity of the Hippocampus","Hippocampal Microcircuits",2010,"978-1-4419-0995-4",5,NULL,NULL,NULL,NULL
1002721,6003,"[PP various]",1000,"GC","In the DG, entorhinal synapses make up at least 85% of the total synaptic population and they target mainly apical dendrites of granule cells. Interneurons that are innervated are those positive for parvalbumin, as well as those positive for somatostatin and NPY.","p12, middle","Witter MP","Connectivity of the Hippocampus","Hippocampal Microcircuits",2010,"978-1-4419-0995-4",5,NULL,NULL,NULL,NULL
1002721,6082,"[PP various]",1000,"GC","In the DG, entorhinal synapses make up at least 85% of the total synaptic population and they target mainly apical dendrites of granule cells. Interneurons that are innervated are those positive for parvalbumin, as well as those positive for somatostatin and NPY.","p12, middle","Witter MP","Connectivity of the Hippocampus","Hippocampal Microcircuits",2010,"978-1-4419-0995-4",5,NULL,NULL,NULL,NULL
1002721,6085,"[PP various]",1000,"GC","In the DG, entorhinal synapses make up at least 85% of the total synaptic population and they target mainly apical dendrites of granule cells. Interneurons that are innervated are those positive for parvalbumin, as well as those positive for somatostatin and NPY.","p12, middle","Witter MP","Connectivity of the Hippocampus","Hippocampal Microcircuits",2010,"978-1-4419-0995-4",5,NULL,NULL,NULL,NULL
1002721,6002,"[PP various]",1000,"GC","In the DG, entorhinal synapses make up at least 85% of the total synaptic population and they target mainly apical dendrites of granule cells. Interneurons that are innervated are those positive for parvalbumin, as well as those positive for somatostatin and NPY.","p12, middle","Witter MP","Connectivity of the Hippocampus","Hippocampal Microcircuits",2010,"978-1-4419-0995-4",5,NULL,NULL,NULL,NULL
1002739,1000,"GC",1002,"Mossy","Dentate granule cells issue a massive projection of so-called mossy fibers to the entire transverse or proximodistal extent of CA3. Mossy fibers provide en passant presynaptic terminals that are unique with respect to size, anatomical complexity, and the fact that they are correlated with likely complex postsynaptic specializations called thorny excrescences. On their way to field CA3, these fibers contact a fairly large cell type in the hilus called mossy cells. They also give rise to many small collaterals that target a wide variety of presumed interneurons in the hilus (Fig. 6).","p16, upper","Witter MP","Connectivity of the Hippocampus","Hippocampal Microcircuits",2010,"978-1-4419-0995-4",5,NULL,NULL,NULL,NULL
1002745,1002,"Mossy",1000,"GC","The mossy cells in turn give rise to axons that bilaterally innervate the inner molecular layer of the DG [Dentate gyrus], thus providing a powerful excitatory input to the proximal dendrites of the dentate granule cells.","p17, middle","Witter MP","Connectivity of the Hippocampus","Hippocampal Microcircuits",2010,"978-1-4419-0995-4",5,NULL,NULL,NULL,NULL
1002769,4000,"CA1 Pyr",5005,"SUB Pyr-CA1","Principal cells in CA1 give rise to a strong projection to the Sub [Subiculum], terminating on proximal distal and apical dendrites of subicular pyramidal cells, not innervating the outer half of the molecular layer. Both intracellular fills as well as tracing studies have convincingly shown that this projection shows a marked topology along the transverse axis such that a cell, or group of cells in the proximal one-third of CA1 project to the distal one-third of the Sub. Vice versa, cells in the distal CA1 will exclusively target cells in the proximal portion of the Sub, and cells in the centre of CA1 will reach cells in the centre of the Sub.","p20, upper","Witter MP","Connectivity of the Hippocampus","Hippocampal Microcircuits",2010,"978-1-4419-0995-4",5,NULL,NULL,NULL,NULL
1002821,1000,"GC",1002,"Mossy","Recurrent collaterals of the CA3 region 63,64,70-73,77-81 are well acknowledged in the literature (FIG. 3), and they have been described in the other HF [hippocampal formation] subregions as well (see figure 9 in Supplementary information S4 (figure); these intrinsic recurrent networks are less extensive and are also less investigated in terms of their anatomy and function (see the Functional implications section). In the polymorphic layer of the DG [Dentate gyrus], each granule cell establishes contact with the proximal dendrites of several mossy cells, which return excitatory synapses to granule cell dendrites in the molecular layer 47,64,65,70,80,82-85. CA1 has recurrent loops that are restricted to one septotemporal level 66,69,75,76,79,86. In the subiculum, principal cells extend axon collaterals to a substantial part of the subiculum that lies ventral to the site of origin; these collaterals terminate on pyramidal cells and interneurons32,76,87,88.","p277, left middle","van Strien NM, Cappaert NL, Witter MP","The anatomy of memory: an interactive overview of the parahippocampal-hippocampal network","Nature Reviews Neuroscience",2009,19300446,0,NULL,NULL,NULL,NULL
1002915,1001,"Semilunar GC",1002,"Mossy","We recorded from SGC [semilunar granule cell]/hilar cell pairs in which the hilar cell was located near a visualized SGC axon collateral. In four paired recordings (9% of all paired recordings), APs [action potentials] in the SGCs triggered EPSPs [excitatory postsynaptic potentials] in hilar neurons. Two postsynaptic neurons were hilar mossy cells, based on the presence of thorny excrescences on proximal dendrites, conventional spines on distal dendrites, and an irregular firing pattern in response to 2 s depolarizing steps (Scharfman and Schwartzkroin, 1988) (Fig. 3A).","p13758, left lower","Williams PA, Larimer P, Gao Y, Strowbridge BW","Semilunar granule cells: glutamatergic neurons in the rat dentate gyrus with axon collaterals in the inner molecular layer","The Journal of Neuroscience",2007,18077687,0,NULL,NULL,NULL,NULL
1002918,1001,"Semilunar GC",1003,"Mossy","Figure 3.SGCs [semilunar granule cells] are excitatory and synapse onto hilar mossy cells. A, Montage showing a SGC and a postsynaptic hilar mossy cell, both filled with Alexa594. The SGC axon appears to contact the mossy cell dendrite (arrow) after it bifurcates, 72 microm from the center of the cell body.","p13759, Figure 3A","Williams PA, Larimer P, Gao Y, Strowbridge BW","Semilunar granule cells: glutamatergic neurons in the rat dentate gyrus with axon collaterals in the inner molecular layer","The Journal of Neuroscience",2007,18077687,0,NULL,NULL,NULL,NULL
1003015,2000,"CA3 Pyr",4000,"CA1 Pyr","Figure 5-1. CA1 dendritic morphology, spines, and synaptic inputs and outputs. A. Camera lucida drawing of a CA1 pyramidal neuron from an adult rat, showing the cell body in the stratum pyramidale (s.p.), basal dendrites in the stratum oriens (s.o.), and apical dendrites in the stratum radiatum (s.r.) and stratum lacunosum-moleculare (s.l.m.). The major excitatory inputs in each layer and the major outputs are also indicated. For the fimbria! projection, the septo-temporal positions noted indicate the source of CA1 cells projecting to different target regions. For the alveus projection, the","p135 Figure 5-1A","Spruston N, McBain C","Structual and Functional Properties of Hippocampal Neurons","The Hippocampus Book",2007,"978-0-19-510027-3",133,NULL,NULL,NULL,NULL
1003018,6017,"EC LIII Pyr 223111",4000,"CA1 Pyr","Like most neurons in the CNS, CA1 neurons receive input from both excitatory and inhibitory presynaptic neurons. The principle excitatory inputs arrive from the entorhinal cortex (EC) and CA3 pyramidal neurons. Direct inputs from layer III pyramidal neurons in the EC project to CA1 neurons via the perforant path (PP), so named because the fibers leaving the angular bundle perforate the subiculum (Cajal, 1911). The PP input from the EC to CA1 (also referred to as the temporo-ammonic path) selectivdy innervates the distal apical dendrites in the stratum lacunosum-moleculare (Blackstad, 1958). Some of the PP fibers forming synapses on CA1 pyramidal neurons reach their targets in the stratum lacunosum-moleculare via the temporo-alvear pathway (Deller et al., 1996a).","p137 right middle","Spruston N, McBain C","Structual and Functional Properties of Hippocampal Neurons","The Hippocampus Book",2007,"978-0-19-510027-3",133,NULL,NULL,NULL,NULL
1003018,6092,"EC LIII Pyr-stell 223200",4000,"CA1 Pyr","Like most neurons in the CNS, CA1 neurons receive input from both excitatory and inhibitory presynaptic neurons. The principle excitatory inputs arrive from the entorhinal cortex (EC) and CA3 pyramidal neurons. Direct inputs from layer III pyramidal neurons in the EC project to CA1 neurons via the perforant path (PP), so named because the fibers leaving the angular bundle perforate the subiculum (Cajal, 1911). The PP input from the EC to CA1 (also referred to as the temporo-ammonic path) selectivdy innervates the distal apical dendrites in the stratum lacunosum-moleculare (Blackstad, 1958). Some of the PP fibers forming synapses on CA1 pyramidal neurons reach their targets in the stratum lacunosum-moleculare via the temporo-alvear pathway (Deller et al., 1996a).","p137 right middle","Spruston N, McBain C","Structual and Functional Properties of Hippocampal Neurons","The Hippocampus Book",2007,"978-0-19-510027-3",133,NULL,NULL,NULL,NULL
1003021,2000,"CA3 Pyr",4000,"CA1 Pyr","Inputs from CA3 pyramidal neurons on both  sides of the brain form the Schaffer collaterai/commissural  system (SC), which form synapses on the apical dendrites in  the stratum radiatum and on the basal dendrites in the stra- tum oriens (Schaffer, 1892; Blackstad, 1956; Storm-Mathisen  and Fonnum, 1972; Hjort-Simonsen, 1973).","p137 right lower","Spruston N, McBain C","Structual and Functional Properties of Hippocampal Neurons","The Hippocampus Book",2007,"978-0-19-510027-3",133,NULL,NULL,NULL,NULL
1003024,4069,"CA1 O-LM",4000,"CA1 Pyr"," For example,  the oriens-alveus/lacunosum-moleculare (O-LM) intemeu- rons project a single axon to the stratum lacunosum-molecu- lare region of CA1, where the axon collateralizes extensively  and forms synapses on the same dendritic branches as the PP  synapses from entorhinal cortex.","p138 left middle","Spruston N, McBain C","Structual and Functional Properties of Hippocampal Neurons","The Hippocampus Book",2007,"978-0-19-510027-3",133,NULL,NULL,NULL,NULL
1003036,2000,"CA3 Pyr",2000,"CA3 Pyr","Figure 5-7. CA3 dendritic morphology, thorny excrescences, and  synaptic inputs and outputs. A. Computer-generated plot showing  dendritic morphology of a CA3 pyramidal neuron. Thorny excres- cences are apparent on the proximal apical dendrites in the stratum  pyramidale (s.p.) and stratum lucidum (s.l.). The major excitatory  synaptic inputs to each layer are indicated, as are the major synaptic  outputs. Bar = 50 micro.m. (Source: Adapted from Gonzales et al., 2001).","p154 Figure 5-7A","Spruston N, McBain C","Structual and Functional Properties of Hippocampal Neurons","The Hippocampus Book",2007,"978-0-19-510027-3",133,NULL,NULL,NULL,NULL
1003036,1000,"GC",2000,"CA3 Pyr","Figure 5-7. CA3 dendritic morphology, thorny excrescences, and  synaptic inputs and outputs. A. Computer-generated plot showing  dendritic morphology of a CA3 pyramidal neuron. Thorny excres- cences are apparent on the proximal apical dendrites in the stratum  pyramidale (s.p.) and stratum lucidum (s.l.). The major excitatory  synaptic inputs to each layer are indicated, as are the major synaptic  outputs. Bar = 50 micro.m. (Source: Adapted from Gonzales et al., 2001).","p154 Figure 5-7A","Spruston N, McBain C","Structual and Functional Properties of Hippocampal Neurons","The Hippocampus Book",2007,"978-0-19-510027-3",133,NULL,NULL,NULL,NULL
1003042,1000,"GC",2000,"CA3 Pyr","In the proximal regions of CA3 (closest to the dentate gyrus)  the thorny excrescences are distributed on apical and basal  dendrites relatively close to the soma. In more distal CA3 neu- rons (closer to CAl), the excrescences are found primarily on  the apicd dendrite prior to the first branch point located at  distances of 10 to 120 micro.m from the soma, where they form the  postsynaptic targets of the mossy fiber synapses from granule  cells of the dentate gyrus (Blackstad and Kjaerheim, 1961;  Hamlyn, 1962; Chicurel and Harris, 1992; Gonzales et al.,  2001).","p155 left middle","Spruston N, McBain C","Structual and Functional Properties of Hippocampal Neurons","The Hippocampus Book",2007,"978-0-19-510027-3",133,NULL,NULL,NULL,NULL
1003042,1000,"GC",2004,"CA3 Pyr c","In the proximal regions of CA3 (closest to the dentate gyrus)  the thorny excrescences are distributed on apical and basal  dendrites relatively close to the soma. In more distal CA3 neu- rons (closer to CAl), the excrescences are found primarily on  the apicd dendrite prior to the first branch point located at  distances of 10 to 120 micro.m from the soma, where they form the  postsynaptic targets of the mossy fiber synapses from granule  cells of the dentate gyrus (Blackstad and Kjaerheim, 1961;  Hamlyn, 1962; Chicurel and Harris, 1992; Gonzales et al.,  2001).","p155 left middle","Spruston N, McBain C","Structual and Functional Properties of Hippocampal Neurons","The Hippocampus Book",2007,"978-0-19-510027-3",133,NULL,NULL,NULL,NULL
1003051,1000,"GC",2000,"CA3 Pyr"," Most notably, CA3 pyramidal  neurons closest to the dentate gyrus receive the proportionally  largest input from the dentate granule cells; these CA3 neu- rons receive mossy fiber axond inputs onto both the apical  and basal dendritic trees, whereas those located more distally  in CA3 have mossy fiber inputs primarily onto the proximal  portion of their apical dendritic tree (Blackstad et al., 1970).  This limited mossy fiber projection to the basd CA3 pyramidal cell dendrites is referred to as the infrapyramidal-projection and the granule cells in the infrapyramidal blade of the  dentate gyrus are the primary source of this projection.","p155 right lower","Spruston N, McBain C","Structual and Functional Properties of Hippocampal Neurons","The Hippocampus Book",2007,"978-0-19-510027-3",133,NULL,NULL,NULL,NULL
1003060,2000,"CA3 Pyr",2000,"CA3 Pyr","These axons contribute to the Schaffer collaterd inputs to  CA1 pyramidd neurons. Another group of axon collaterals is  localized in the stratum oriens and stratum radiatum of CA3,  comprising the extensive associational connection common  between CA3 pyramidal neurons.","p158 right upper","Spruston N, McBain C","Structual and Functional Properties of Hippocampal Neurons","The Hippocampus Book",2007,"978-0-19-510027-3",133,NULL,NULL,NULL,NULL
1003072,4000,"CA1 Pyr",5005,"SUB Pyr-CA1","Figure 5-10. Subiculum dendritic morphology, spines, and synaptic inputs and outputs.  Camera lucida drawing shows the dendritic morphology of a subicular pyramidal neuron, with  its major inputs and outputs indicated. Bar = 100 p.m. (Source: Adapted from Staff et aL,  2000.)","p160 Figure 5-10","Spruston N, McBain C","Structual and Functional Properties of Hippocampal Neurons","The Hippocampus Book",2007,"978-0-19-510027-3",133,NULL,NULL,NULL,NULL
1003081,1002,"Mossy",1000,"GC","Granule cell dendrites are generally divided into  thirds according to the differential inputs they receive. The  proximal third (closest to the cell body) receives input from  the commissurd/associationd fibers, which consist primarily  of axons from the mossy cells (see Section 5.6). The middle third receives input from relatively medial regions of the  cntorhinal cortex, and the distal third receives input from the  laterd entorhinal cortex (Blackstad 1958; Amaral and Witter,  1995). Inputs to the dentate gyrus from layer II of the entorhi- nal cortex arrive via the perforant path.","p163 right upper","Spruston N, McBain C","Structual and Functional Properties of Hippocampal Neurons","The Hippocampus Book",2007,"978-0-19-510027-3",133,NULL,NULL,NULL,NULL
1003093,1000,"GC",1002,"Mossy","Mossy cells constitute the principal target of  the large mossy terminals in the hilus (see Section 5.6), and  the small filopodid and en passant terminals selectively inner- vate only inhibitory interneuron targets (Acsa_dy et al., 1998).","p164 right upper","Spruston N, McBain C","Structual and Functional Properties of Hippocampal Neurons","The Hippocampus Book",2007,"978-0-19-510027-3",133,NULL,NULL,NULL,NULL
1003102,1000,"GC",2000,"CA3 Pyr","Mossy cells receive direct excitatory input from the granule  cell mossy fibers, which contact the thorny excrescences and at  least some of the conventional spines on more distd dendrites  (Frotscher et d., 1991; Buckmaster et aL, 1992; Scharfman,  1994). An additional excitatory input arises from a subset of  CA3 pyramidd neurons that send axon collaterals back  into the hilus (Ishizuka et al., 1990; Scharfman, 1994).","p168 left middle","Spruston N, McBain C","Structual and Functional Properties of Hippocampal Neurons","The Hippocampus Book",2007,"978-0-19-510027-3",133,NULL,NULL,NULL,NULL
1003102,2004,"CA3 Pyr c",1002,"Mossy","Mossy cells receive direct excitatory input from the granule  cell mossy fibers, which contact the thorny excrescences and at  least some of the conventional spines on more distd dendrites  (Frotscher et d., 1991; Buckmaster et aL, 1992; Scharfman,  1994). An additional excitatory input arises from a subset of  CA3 pyramidd neurons that send axon collaterals back  into the hilus (Ishizuka et al., 1990; Scharfman, 1994).","p168 left middle","Spruston N, McBain C","Structual and Functional Properties of Hippocampal Neurons","The Hippocampus Book",2007,"978-0-19-510027-3",133,NULL,NULL,NULL,NULL
1003102,1000,"GC",1002,"Mossy","Mossy cells receive direct excitatory input from the granule  cell mossy fibers, which contact the thorny excrescences and at  least some of the conventional spines on more distd dendrites  (Frotscher et d., 1991; Buckmaster et aL, 1992; Scharfman,  1994). An additional excitatory input arises from a subset of  CA3 pyramidd neurons that send axon collaterals back  into the hilus (Ishizuka et al., 1990; Scharfman, 1994).","p168 left middle","Spruston N, McBain C","Structual and Functional Properties of Hippocampal Neurons","The Hippocampus Book",2007,"978-0-19-510027-3",133,NULL,NULL,NULL,NULL
1003105,1002,"Mossy",1000,"GC","The mossy cell axon specifically targets the inner third of the  molecular layer of the dentate gyrus (Ribak et d., 1985;  Buckmaster et d., 1992). More than two-thirds of mossy  cell axon collaterals ramify in this region, and the remainder form synapses in the hilus and the granule cell layer  (Buckmaster et al., 1996). The axon terminals in the inner  molecular layer form asymmetrical synaptic contacts, prima- rily with granule cell dendrites.","p168 left lower","Spruston N, McBain C","Structual and Functional Properties of Hippocampal Neurons","The Hippocampus Book",2007,"978-0-19-510027-3",133,NULL,NULL,NULL,NULL
1003162,4087,"CA1 O-LMR",4000,"CA1 Pyr","Figure 5-24. Differential axon targeting of various inhibitory interneurons. Three types of interneuron are shown, each with a cell body and dendrites in the stratum oriens of CA1 but having distinct axonal projection patterns and physiological properties. A. An O-LM cell targets the distal dendrites of CAl pyramidal cells (A1).","p180 Figure 5-24A1","Spruston N, McBain C","Structual and Functional Properties of Hippocampal Neurons","The Hippocampus Book",2007,"978-0-19-510027-3",133,NULL,NULL,NULL,NULL
1003177,4036,"CA1 AA",4000,"CA1 Pyr","Although both fast spiking (P.V- or CCK-containing interneurons) and axo-axonic interneurons predominantly innervate the somata, proximd dendrites, and axon initial segments of principal cells, respectively, other interneurons exclusively contact dendritic locations on principal cells. Two examples of dendritic projecting interneurons are the bistratified and the O-LM interneuron populations. These two cell types form an axonalplexus largely complementary to basket and axo-axonic cells. Bistratified cells (PV-positive, somatostatin-positive, CB-positive, neuropeptide Y-positive) have axons that innervate the dendrites of pyramidal cells in both the stratum radiatum and stratum oriens and largely spare the principal cell somata.","p186 left upper","Spruston N, McBain C","Structual and Functional Properties of Hippocampal Neurons","The Hippocampus Book",2007,"978-0-19-510027-3",133,NULL,NULL,NULL,NULL
1003177,4078,"CA1 BC",4000,"CA1 Pyr","Although both fast spiking (P.V- or CCK-containing interneurons) and axo-axonic interneurons predominantly innervate the somata, proximd dendrites, and axon initial segments of principal cells, respectively, other interneurons exclusively contact dendritic locations on principal cells. Two examples of dendritic projecting interneurons are the bistratified and the O-LM interneuron populations. These two cell types form an axonalplexus largely complementary to basket and axo-axonic cells. Bistratified cells (PV-positive, somatostatin-positive, CB-positive, neuropeptide Y-positive) have axons that innervate the dendrites of pyramidal cells in both the stratum radiatum and stratum oriens and largely spare the principal cell somata.","p186 left upper","Spruston N, McBain C","Structual and Functional Properties of Hippocampal Neurons","The Hippocampus Book",2007,"978-0-19-510027-3",133,NULL,NULL,NULL,NULL
1003177,4079,"CA1 BC-CCK",4000,"CA1 Pyr","Although both fast spiking (P.V- or CCK-containing interneurons) and axo-axonic interneurons predominantly innervate the somata, proximd dendrites, and axon initial segments of principal cells, respectively, other interneurons exclusively contact dendritic locations on principal cells. Two examples of dendritic projecting interneurons are the bistratified and the O-LM interneuron populations. These two cell types form an axonalplexus largely complementary to basket and axo-axonic cells. Bistratified cells (PV-positive, somatostatin-positive, CB-positive, neuropeptide Y-positive) have axons that innervate the dendrites of pyramidal cells in both the stratum radiatum and stratum oriens and largely spare the principal cell somata.","p186 left upper","Spruston N, McBain C","Structual and Functional Properties of Hippocampal Neurons","The Hippocampus Book",2007,"978-0-19-510027-3",133,NULL,NULL,NULL,NULL
1003177,4080,"CA1 Bistratified",4000,"CA1 Pyr","Although both fast spiking (P.V- or CCK-containing interneurons) and axo-axonic interneurons predominantly innervate the somata, proximd dendrites, and axon initial segments of principal cells, respectively, other interneurons exclusively contact dendritic locations on principal cells. Two examples of dendritic projecting interneurons are the bistratified and the O-LM interneuron populations. These two cell types form an axonalplexus largely complementary to basket and axo-axonic cells. Bistratified cells (PV-positive, somatostatin-positive, CB-positive, neuropeptide Y-positive) have axons that innervate the dendrites of pyramidal cells in both the stratum radiatum and stratum oriens and largely spare the principal cell somata.","p186 left upper","Spruston N, McBain C","Structual and Functional Properties of Hippocampal Neurons","The Hippocampus Book",2007,"978-0-19-510027-3",133,NULL,NULL,NULL,NULL
1003177,4069,"CA1 O-LM",4000,"CA1 Pyr","Although both fast spiking (P.V- or CCK-containing interneurons) and axo-axonic interneurons predominantly innervate the somata, proximd dendrites, and axon initial segments of principal cells, respectively, other interneurons exclusively contact dendritic locations on principal cells. Two examples of dendritic projecting interneurons are the bistratified and the O-LM interneuron populations. These two cell types form an axonalplexus largely complementary to basket and axo-axonic cells. Bistratified cells (PV-positive, somatostatin-positive, CB-positive, neuropeptide Y-positive) have axons that innervate the dendrites of pyramidal cells in both the stratum radiatum and stratum oriens and largely spare the principal cell somata.","p186 left upper","Spruston N, McBain C","Structual and Functional Properties of Hippocampal Neurons","The Hippocampus Book",2007,"978-0-19-510027-3",133,NULL,NULL,NULL,NULL
1003406,4069,"CA1 O-LM",4000,"CA1 Pyr","Functional synaptic communication has been identified between CA1 interneurons with their somata and dendrites in stratum oriens and postsynaptic principal cells. SO-INs [stratum oriens interneurons] are highly diverse, but one of the most abundant type is the so-called O-LM interneuron with axonal projection to the stratum lacunosum-moleculare (Maccaferri et al., 2000). Electron microscopy revealed that axon terminals of O-LM cells form symmetrical synapses with distal apical dendrites and dendritic spines of pyramidal cells and other neurons (Gulyas et al., 1993; Sik et al., 1995; Katona et al., 1999).","p140 lower","Bartos M, Sauer JF, Vida I, Kulik A","Fast and Slow GABAergic Transmission  in Hippocampal Circuits","Hippocampal Microcircuits",2010,"978-1-4419-0995-4",129,NULL,NULL,NULL,NULL
1003409,1000,"GC",2035,"CA3 MFA ORDEN","MFA [mossy fiber-associated] interneurons have dense axonal arborization co-aligned with mossy fibers in the stratum lucidum of CA3 and the hilus (Vida and Frotscher, 2000). Their dendrites are located in the strata radiatum and oriens, indicating that these interneurons are innervated by associational and commissural fibers and thus primarily mediate feedback inhibition. Output synapses of MFA interneurons are found on proximal dendritic shafts and to a lesser degree on somata of pyramidal cells.","p141 middle","Bartos M, Sauer JF, Vida I, Kulik A","Fast and Slow GABAergic Transmission  in Hippocampal Circuits","Hippocampal Microcircuits",2010,"978-1-4419-0995-4",129,NULL,NULL,NULL,NULL
1003409,2035,"CA3 MFA ORDEN",2000,"CA3 Pyr","MFA [mossy fiber-associated] interneurons have dense axonal arborization co-aligned with mossy fibers in the stratum lucidum of CA3 and the hilus (Vida and Frotscher, 2000). Their dendrites are located in the strata radiatum and oriens, indicating that these interneurons are innervated by associational and commissural fibers and thus primarily mediate feedback inhibition. Output synapses of MFA interneurons are found on proximal dendritic shafts and to a lesser degree on somata of pyramidal cells.","p141 middle","Bartos M, Sauer JF, Vida I, Kulik A","Fast and Slow GABAergic Transmission  in Hippocampal Circuits","Hippocampal Microcircuits",2010,"978-1-4419-0995-4",129,NULL,NULL,NULL,NULL
1003506,2009,"CA3 O-LM",2000,"CA3 Pyr","Fig. 2 Properties of distal (O-LM [oriens lacunosum-moleculare]) and proximal (trilaminar) [CA3] dendrite-targeting interneurons. A Morphology of O-LM and trilaminar cells. Somata and dendrites are drawn in red, axons are in black. The somata of O-LM cells are located in stratum oriens and have mainly horizontally running dendrites. The main axon of these cells crosses strata pyramidale and radiatum and branches in stratum lacunosum-moleculare. O-LM cells innervate the distal dendrites of pyramidal cells which are co-aligned with the entorhinal input (Sik et al., 1995; Maccaferri et al., 2000). A inset, O-LM cells are immunopositive for the metabotropic glutamate receptor (mGluRla) and the neuropeptide somatostatin (SOM, Tukker et al., 2007) and express low levels of calcium binding protein PV (Maccaferri et al., 2000; Klausberger et al., 2003). The trilaminar cells have similar horizontally distributed dendrites in stratum oriens, but are clearly different from O-LM cells in respect of axonal arborization (Sik et al., 1995). Sub - subiculum; str. or. - stratum oriens; str. pyr. - stratum pyramidale; str. rad. - stratum radiatum; str. 1-m. - stratum lacunosum-moleculare.","p251 Figure 2A","Gloveli T, Kopell N, Dugladze T","Neuronal Activity Patterns During Hippocampal  Network Oscillations In Vitro","Hippocampal Microcircuits",2010,"978-1-4419-0995-4",247,NULL,NULL,NULL,NULL
1003509,4080,"CA1 Bistratified",4078,"CA1 basket","[CA1/CA3] Bistratified cells were so named because the axonal arbor is found in two strata: oriens and radiatum (Buhl et al., 1994). In addition to pyramidal cells they also innervate interneurons including basket cells (Halasy et al., 1996).","p255 lower","Gloveli T, Kopell N, Dugladze T","Neuronal Activity Patterns During Hippocampal  Network Oscillations In Vitro","Hippocampal Microcircuits",2010,"978-1-4419-0995-4",247,NULL,NULL,NULL,NULL
1003509,4080,"CA1 Bistratified",4000,"CA1 Pyr","[CA1/CA3] Bistratified cells were so named because the axonal arbor is found in two strata: oriens and radiatum (Buhl et al., 1994). In addition to pyramidal cells they also innervate interneurons including basket cells (Halasy et al., 1996).","p255 lower","Gloveli T, Kopell N, Dugladze T","Neuronal Activity Patterns During Hippocampal  Network Oscillations In Vitro","Hippocampal Microcircuits",2010,"978-1-4419-0995-4",247,NULL,NULL,NULL,NULL
1003509,2045,"CA3 Bistratified",2043,"CA3 basket","[CA1/CA3] Bistratified cells were so named because the axonal arbor is found in two strata: oriens and radiatum (Buhl et al., 1994). In addition to pyramidal cells they also innervate interneurons including basket cells (Halasy et al., 1996).","p255 lower","Gloveli T, Kopell N, Dugladze T","Neuronal Activity Patterns During Hippocampal  Network Oscillations In Vitro","Hippocampal Microcircuits",2010,"978-1-4419-0995-4",247,NULL,NULL,NULL,NULL
1003509,2045,"CA3 Bistratified",2000,"CA3 Pyr","[CA1/CA3] Bistratified cells were so named because the axonal arbor is found in two strata: oriens and radiatum (Buhl et al., 1994). In addition to pyramidal cells they also innervate interneurons including basket cells (Halasy et al., 1996).","p255 lower","Gloveli T, Kopell N, Dugladze T","Neuronal Activity Patterns During Hippocampal  Network Oscillations In Vitro","Hippocampal Microcircuits",2010,"978-1-4419-0995-4",247,NULL,NULL,NULL,NULL
1003521,2009,"CA3 O-LM",2000,"CA3 Pyr","Ample evidence supports the critical involvement of hippocampal interneurons in theta oscillations. The best documented is the involvement of stratum oriens distal dendrite-targeting [CA3] O-LM interneurons (Fig. 2, Fig. 4A) in generation of theta rhythm.","p258 middle","Gloveli T, Kopell N, Dugladze T","Neuronal Activity Patterns During Hippocampal  Network Oscillations In Vitro","Hippocampal Microcircuits",2010,"978-1-4419-0995-4",247,NULL,NULL,NULL,NULL
1003530,4012,"CA1 Neurogliaform ??",4000,"CA1 Pyr","Another GABAergic interneuron type, neurogliaform cells that share some similarity with Ivy cells, such as dense axonal fields, low-frequency discharge, and slow synaptic transmission (Vida et al., 1998; Price et al., 2005; Szabadics et al., 2007), are located in stratum lacunosum-moleculare and innervate the apical dendrite tuft of CA1 pyramidal cells [in stratum lacunosum-moleculare] co-aligned with the entorhinal input (Price et al., 2005).","p260 upper","Gloveli T, Kopell N, Dugladze T","Neuronal Activity Patterns During Hippocampal  Network Oscillations In Vitro","Hippocampal Microcircuits",2010,"978-1-4419-0995-4",247,NULL,NULL,NULL,NULL
1003530,4011,"CA1 Neurogliaform ??",4000,"CA1 Pyr","Another GABAergic interneuron type, neurogliaform cells that share some similarity with Ivy cells, such as dense axonal fields, low-frequency discharge, and slow synaptic transmission (Vida et al., 1998; Price et al., 2005; Szabadics et al., 2007), are located in stratum lacunosum-moleculare and innervate the apical dendrite tuft of CA1 pyramidal cells [in stratum lacunosum-moleculare] co-aligned with the entorhinal input (Price et al., 2005).","p260 upper","Gloveli T, Kopell N, Dugladze T","Neuronal Activity Patterns During Hippocampal  Network Oscillations In Vitro","Hippocampal Microcircuits",2010,"978-1-4419-0995-4",247,NULL,NULL,NULL,NULL
1003612,4000,"CA1 Pyr",4069,"CA1 O-LM","The axon of [CA1] pyramidal cells typically originates from the base of the soma, but it may also emerge from one of the proximal basal or the apical dendrites. The main collaterals run in the alveus and are directed toward the fimbria/fornix, the subiculum, and the entorhinal cortex (see chapter Connectivity of the Hippocampus). Although the extent of local arborization is limited, axon collaterals are present in the str. oriens and to a lower degree in the radiatum. These collaterals provide a major excitatory input to interneurons providing feedback inhibition, in particular to somatostatin-immunopositive, O-LM interneurons (Blasco-Ibanez and Freund, 1995; Katona et al., 1999a; Csicsvari et al., 1998; Maccaferri et al., 2000). Additionally, these collaterals also form synapses onto neighboring CA1 pyramidal cells; however, the recurrent connectivity in the CA1 area is very low at only ~1% (Deuchars and Thomson, 1996).","p33 middle","Vida I","Morphology of Hippocampal Neurons","Hippocampal Microcircuits",2010,"978-1-4419-0995-4",27,NULL,NULL,NULL,NULL
1003613,4000,"CA1 Pyr",4000,"CA1 Pyr","The axon of [CA1] pyramidal cells typically originates from the base of the soma, but it may also emerge from one of the proximal basal or the apical dendrites. The main collaterals run in the alveus and are directed toward the fimbria/fornix, the subiculum, and the entorhinal cortex (see chapter Connectivity of the Hippocampus). Although the extent of local arborization is limited, axon collaterals are present in the str. oriens and to a lower degree in the radiatum. These collaterals provide a major excitatory input to interneurons providing feedback inhibition, in particular to somatostatin-immunopositive, O-LM interneurons (Blasco-Ibanez and Freund, 1995; Katona et al., 1999a; Csicsvari et al., 1998; Maccaferri et al., 2000). Additionally, these collaterals also form synapses onto neighboring CA1 pyramidal cells; however, the recurrent connectivity in the CA1 area is very low at only ~1% (Deuchars and Thomson, 1996).","p33 middle","Vida I","Morphology of Hippocampal Neurons","Hippocampal Microcircuits",2010,"978-1-4419-0995-4",27,NULL,NULL,NULL,NULL
1003633,1000,"GC",2000,"CA3 Pyr","The axons of GCs [granule cells], the so-called mossy fibers, provide the major output of the DG [Dentate gyrus] to the CA3. The unique features of mossy fibers are the 10-18 sparsely spaced large varicosities (4-10 microm) or mossy fiber boutons that form synaptic contacts with complex spines of CA3 pyramidal in the str. lucidum and mossy cells in the hilus (Claiborne et al., 1986; Frotscher et al., 1994; Acsady et al., 1998; Rollenhagen et al., 2007). Furthermore, mossy fibers innervate a large number of inhibitory interneurons in both regions through small, en passant boutons (0.5-2 microm) and filopodial extensions emerging from the large boutons (Acsady et al., 1998).","p39 middle","Vida I","Morphology of Hippocampal Neurons","Hippocampal Microcircuits",2010,"978-1-4419-0995-4",27,NULL,NULL,NULL,NULL
1003633,1000,"GC",1002,"Mossy","The axons of GCs [granule cells], the so-called mossy fibers, provide the major output of the DG [Dentate gyrus] to the CA3. The unique features of mossy fibers are the 10-18 sparsely spaced large varicosities (4-10 microm) or mossy fiber boutons that form synaptic contacts with complex spines of CA3 pyramidal in the str. lucidum and mossy cells in the hilus (Claiborne et al., 1986; Frotscher et al., 1994; Acsady et al., 1998; Rollenhagen et al., 2007). Furthermore, mossy fibers innervate a large number of inhibitory interneurons in both regions through small, en passant boutons (0.5-2 microm) and filopodial extensions emerging from the large boutons (Acsady et al., 1998).","p39 middle","Vida I","Morphology of Hippocampal Neurons","Hippocampal Microcircuits",2010,"978-1-4419-0995-4",27,NULL,NULL,NULL,NULL
1003639,2004,"CA3c Pyr",1002,"Mossy","Other excitatory inputs [to Dentate gyrus mossy neurons] include the hilar collaterals of CA3 pyramidal cells (Scharfman, 1994, 2007) and mossy cell axons terminating mainly on distal spines.","p40 middle","Vida I","Morphology of Hippocampal Neurons","Hippocampal Microcircuits",2010,"978-1-4419-0995-4",27,NULL,NULL,NULL,NULL
1003639,1002,"Mossy",1002,"Mossy","Other excitatory inputs [to Dentate gyrus mossy neurons] include the hilar collaterals of CA3 pyramidal cells (Scharfman, 1994, 2007) and mossy cell axons terminating mainly on distal spines.","p40 middle","Vida I","Morphology of Hippocampal Neurons","Hippocampal Microcircuits",2010,"978-1-4419-0995-4",27,NULL,NULL,NULL,NULL
1003642,1002,"Mossy",1000,"GC","The axon of mossy cells forms an extensive arbor in the ispi- and contralateral hippocampi (Soltesz et al., 1993; Buckmaster et al., 1996). While the extent of the dendrites is restricted along the septo-temporal axis (<500pim), the axon can cover 53-61% of the hippocampus (Buckmaster et al., 1996). Thus, mossy cells provide a distributed excitatory feedback to the DG [Dentate gyrus]. The ipsilateral length of the axon is between 73 and 96 mm (uncorrected two-dimensional projection, Buckmaster et al., 1996). Most of the axon is in the inner molecular layer (53-56%) and the hilus (23-27%) but collaterals are also found in the granule cell layer, the middle molecular layer, the CA3, and occasionally also in the CA1 (Buckmaster et al., 1996). In the molecular layer, the axon forms synapses every ~2 microm and the large majority of the postsynaptic targets are dendritic spines of GCs [granule cells] (Buckmaster et al., 1996). While numerically low, synaptic contacts onto interneurons have been suggested to play an important role in regulating the excitability of the DG (Ratzliff et al., 2002; Sloviter et al., 2003).","p40 middle","Vida I","Morphology of Hippocampal Neurons","Hippocampal Microcircuits",2010,"978-1-4419-0995-4",27,NULL,NULL,NULL,NULL
1003645,2028,"CA3 AA",2000,"CA3 Pyr","Fig. 4 Schematic representation of interneuron types of the hippocampal CA1 area. Two main classes can be distinguished on the basis of postsynaptic targets: (1) perisomatic inhibitory interneurons include basket cells (BC, targets: soma and proximal dendrites) and axo-axonic cells (AA, targets: axon initial segments). The axon of these interneurons terminates in and near the str. pyramidale (pyr.). (2) Dendrite-inhibiting interneurons include many types. Here three well-characterized types are illustrated: (i) Bistratified cells (BS) innervate the mid-distal dendrites in the str. radiatum (rad.) and oriens (ori.). (ii) Neurogliaform (NG) interneurons are found in the rad. or Iacunosum-moleculare (l-m.) and inhibit the apical dendrites in the same layers. NG cells are mainly activated by the perforant path (PP) and the Schaffer collaterals (Sch) and therefore provide feedforward inhibition, (iii) O-LM interneurons are found in the orines [sic] and innervate the distal apical dendrites in the l-m. O-LM cells receive strong recurrent excitation from pyramidal cells and therefore mediate primarily feedback inhibition","p42 Figure 4","Vida I","Morphology of Hippocampal Neurons","Hippocampal Microcircuits",2010,"978-1-4419-0995-4",27,NULL,NULL,NULL,NULL
1003645,4078,"CA1 BC",4000,"CA1 Pyr","Fig. 4 Schematic representation of interneuron types of the hippocampal CA1 area. Two main classes can be distinguished on the basis of postsynaptic targets: (1) perisomatic inhibitory interneurons include basket cells (BC, targets: soma and proximal dendrites) and axo-axonic cells (AA, targets: axon initial segments). The axon of these interneurons terminates in and near the str. pyramidale (pyr.). (2) Dendrite-inhibiting interneurons include many types. Here three well-characterized types are illustrated: (i) Bistratified cells (BS) innervate the mid-distal dendrites in the str. radiatum (rad.) and oriens (ori.). (ii) Neurogliaform (NG) interneurons are found in the rad. or Iacunosum-moleculare (l-m.) and inhibit the apical dendrites in the same layers. NG cells are mainly activated by the perforant path (PP) and the Schaffer collaterals (Sch) and therefore provide feedforward inhibition, (iii) O-LM interneurons are found in the orines [sic] and innervate the distal apical dendrites in the l-m. O-LM cells receive strong recurrent excitation from pyramidal cells and therefore mediate primarily feedback inhibition","p42 Figure 4","Vida I","Morphology of Hippocampal Neurons","Hippocampal Microcircuits",2010,"978-1-4419-0995-4",27,NULL,NULL,NULL,NULL
1003645,4080,"CA1 Bistratified",4000,"CA1 Pyr","Fig. 4 Schematic representation of interneuron types of the hippocampal CA1 area. Two main classes can be distinguished on the basis of postsynaptic targets: (1) perisomatic inhibitory interneurons include basket cells (BC, targets: soma and proximal dendrites) and axo-axonic cells (AA, targets: axon initial segments). The axon of these interneurons terminates in and near the str. pyramidale (pyr.). (2) Dendrite-inhibiting interneurons include many types. Here three well-characterized types are illustrated: (i) Bistratified cells (BS) innervate the mid-distal dendrites in the str. radiatum (rad.) and oriens (ori.). (ii) Neurogliaform (NG) interneurons are found in the rad. or Iacunosum-moleculare (l-m.) and inhibit the apical dendrites in the same layers. NG cells are mainly activated by the perforant path (PP) and the Schaffer collaterals (Sch) and therefore provide feedforward inhibition, (iii) O-LM interneurons are found in the orines [sic] and innervate the distal apical dendrites in the l-m. O-LM cells receive strong recurrent excitation from pyramidal cells and therefore mediate primarily feedback inhibition","p42 Figure 4","Vida I","Morphology of Hippocampal Neurons","Hippocampal Microcircuits",2010,"978-1-4419-0995-4",27,NULL,NULL,NULL,NULL
1003645,4012,"CA1 NG 3000",4000,"CA1 Pyr","Fig. 4 Schematic representation of interneuron types of the hippocampal CA1 area. Two main classes can be distinguished on the basis of postsynaptic targets: (1) perisomatic inhibitory interneurons include basket cells (BC, targets: soma and proximal dendrites) and axo-axonic cells (AA, targets: axon initial segments). The axon of these interneurons terminates in and near the str. pyramidale (pyr.). (2) Dendrite-inhibiting interneurons include many types. Here three well-characterized types are illustrated: (i) Bistratified cells (BS) innervate the mid-distal dendrites in the str. radiatum (rad.) and oriens (ori.). (ii) Neurogliaform (NG) interneurons are found in the rad. or Iacunosum-moleculare (l-m.) and inhibit the apical dendrites in the same layers. NG cells are mainly activated by the perforant path (PP) and the Schaffer collaterals (Sch) and therefore provide feedforward inhibition, (iii) O-LM interneurons are found in the orines [sic] and innervate the distal apical dendrites in the l-m. O-LM cells receive strong recurrent excitation from pyramidal cells and therefore mediate primarily feedback inhibition","p42 Figure 4","Vida I","Morphology of Hippocampal Neurons","Hippocampal Microcircuits",2010,"978-1-4419-0995-4",27,NULL,NULL,NULL,NULL
1003645,4005,"CA1 LMR 3300",4000,"CA1 Pyr","Fig. 4 Schematic representation of interneuron types of the hippocampal CA1 area. Two main classes can be distinguished on the basis of postsynaptic targets: (1) perisomatic inhibitory interneurons include basket cells (BC, targets: soma and proximal dendrites) and axo-axonic cells (AA, targets: axon initial segments). The axon of these interneurons terminates in and near the str. pyramidale (pyr.). (2) Dendrite-inhibiting interneurons include many types. Here three well-characterized types are illustrated: (i) Bistratified cells (BS) innervate the mid-distal dendrites in the str. radiatum (rad.) and oriens (ori.). (ii) Neurogliaform (NG) interneurons are found in the rad. or Iacunosum-moleculare (l-m.) and inhibit the apical dendrites in the same layers. NG cells are mainly activated by the perforant path (PP) and the Schaffer collaterals (Sch) and therefore provide feedforward inhibition, (iii) O-LM interneurons are found in the orines [sic] and innervate the distal apical dendrites in the l-m. O-LM cells receive strong recurrent excitation from pyramidal cells and therefore mediate primarily feedback inhibition","p42 Figure 4","Vida I","Morphology of Hippocampal Neurons","Hippocampal Microcircuits",2010,"978-1-4419-0995-4",27,NULL,NULL,NULL,NULL
1003645,4069,"CA1 O-LM",4000,"CA1 Pyr","Fig. 4 Schematic representation of interneuron types of the hippocampal CA1 area. Two main classes can be distinguished on the basis of postsynaptic targets: (1) perisomatic inhibitory interneurons include basket cells (BC, targets: soma and proximal dendrites) and axo-axonic cells (AA, targets: axon initial segments). The axon of these interneurons terminates in and near the str. pyramidale (pyr.). (2) Dendrite-inhibiting interneurons include many types. Here three well-characterized types are illustrated: (i) Bistratified cells (BS) innervate the mid-distal dendrites in the str. radiatum (rad.) and oriens (ori.). (ii) Neurogliaform (NG) interneurons are found in the rad. or Iacunosum-moleculare (l-m.) and inhibit the apical dendrites in the same layers. NG cells are mainly activated by the perforant path (PP) and the Schaffer collaterals (Sch) and therefore provide feedforward inhibition, (iii) O-LM interneurons are found in the orines [sic] and innervate the distal apical dendrites in the l-m. O-LM cells receive strong recurrent excitation from pyramidal cells and therefore mediate primarily feedback inhibition","p42 Figure 4","Vida I","Morphology of Hippocampal Neurons","Hippocampal Microcircuits",2010,"978-1-4419-0995-4",27,NULL,NULL,NULL,NULL
1003645,4000,"CA1 Pyr",4069,"CA1 O-LM","Fig. 4 Schematic representation of interneuron types of the hippocampal CA1 area. Two main classes can be distinguished on the basis of postsynaptic targets: (1) perisomatic inhibitory interneurons include basket cells (BC, targets: soma and proximal dendrites) and axo-axonic cells (AA, targets: axon initial segments). The axon of these interneurons terminates in and near the str. pyramidale (pyr.). (2) Dendrite-inhibiting interneurons include many types. Here three well-characterized types are illustrated: (i) Bistratified cells (BS) innervate the mid-distal dendrites in the str. radiatum (rad.) and oriens (ori.). (ii) Neurogliaform (NG) interneurons are found in the rad. or Iacunosum-moleculare (l-m.) and inhibit the apical dendrites in the same layers. NG cells are mainly activated by the perforant path (PP) and the Schaffer collaterals (Sch) and therefore provide feedforward inhibition, (iii) O-LM interneurons are found in the orines [sic] and innervate the distal apical dendrites in the l-m. O-LM cells receive strong recurrent excitation from pyramidal cells and therefore mediate primarily feedback inhibition","p42 Figure 4","Vida I","Morphology of Hippocampal Neurons","Hippocampal Microcircuits",2010,"978-1-4419-0995-4",27,NULL,NULL,NULL,NULL
1003645,2000,"CA3 Pyr",4005,"CA1 LMR 3300","Fig. 4 Schematic representation of interneuron types of the hippocampal CA1 area. Two main classes can be distinguished on the basis of postsynaptic targets: (1) perisomatic inhibitory interneurons include basket cells (BC, targets: soma and proximal dendrites) and axo-axonic cells (AA, targets: axon initial segments). The axon of these interneurons terminates in and near the str. pyramidale (pyr.). (2) Dendrite-inhibiting interneurons include many types. Here three well-characterized types are illustrated: (i) Bistratified cells (BS) innervate the mid-distal dendrites in the str. radiatum (rad.) and oriens (ori.). (ii) Neurogliaform (NG) interneurons are found in the rad. or Iacunosum-moleculare (l-m.) and inhibit the apical dendrites in the same layers. NG cells are mainly activated by the perforant path (PP) and the Schaffer collaterals (Sch) and therefore provide feedforward inhibition, (iii) O-LM interneurons are found in the orines [sic] and innervate the distal apical dendrites in the l-m. O-LM cells receive strong recurrent excitation from pyramidal cells and therefore mediate primarily feedback inhibition","p42 Figure 4","Vida I","Morphology of Hippocampal Neurons","Hippocampal Microcircuits",2010,"978-1-4419-0995-4",27,NULL,NULL,NULL,NULL
1003645,6017,"EC LIII Pyr 223111",4005,"CA1 LMR 3300","Fig. 4 Schematic representation of interneuron types of the hippocampal CA1 area. Two main classes can be distinguished on the basis of postsynaptic targets: (1) perisomatic inhibitory interneurons include basket cells (BC, targets: soma and proximal dendrites) and axo-axonic cells (AA, targets: axon initial segments). The axon of these interneurons terminates in and near the str. pyramidale (pyr.). (2) Dendrite-inhibiting interneurons include many types. Here three well-characterized types are illustrated: (i) Bistratified cells (BS) innervate the mid-distal dendrites in the str. radiatum (rad.) and oriens (ori.). (ii) Neurogliaform (NG) interneurons are found in the rad. or Iacunosum-moleculare (l-m.) and inhibit the apical dendrites in the same layers. NG cells are mainly activated by the perforant path (PP) and the Schaffer collaterals (Sch) and therefore provide feedforward inhibition, (iii) O-LM interneurons are found in the orines [sic] and innervate the distal apical dendrites in the l-m. O-LM cells receive strong recurrent excitation from pyramidal cells and therefore mediate primarily feedback inhibition","p42 Figure 4","Vida I","Morphology of Hippocampal Neurons","Hippocampal Microcircuits",2010,"978-1-4419-0995-4",27,NULL,NULL,NULL,NULL
1003645,6092,"EC LIII Pyr-stell 223200",4005,"CA1 LMR 3300","Fig. 4 Schematic representation of interneuron types of the hippocampal CA1 area. Two main classes can be distinguished on the basis of postsynaptic targets: (1) perisomatic inhibitory interneurons include basket cells (BC, targets: soma and proximal dendrites) and axo-axonic cells (AA, targets: axon initial segments). The axon of these interneurons terminates in and near the str. pyramidale (pyr.). (2) Dendrite-inhibiting interneurons include many types. Here three well-characterized types are illustrated: (i) Bistratified cells (BS) innervate the mid-distal dendrites in the str. radiatum (rad.) and oriens (ori.). (ii) Neurogliaform (NG) interneurons are found in the rad. or Iacunosum-moleculare (l-m.) and inhibit the apical dendrites in the same layers. NG cells are mainly activated by the perforant path (PP) and the Schaffer collaterals (Sch) and therefore provide feedforward inhibition, (iii) O-LM interneurons are found in the orines [sic] and innervate the distal apical dendrites in the l-m. O-LM cells receive strong recurrent excitation from pyramidal cells and therefore mediate primarily feedback inhibition","p42 Figure 4","Vida I","Morphology of Hippocampal Neurons","Hippocampal Microcircuits",2010,"978-1-4419-0995-4",27,NULL,NULL,NULL,NULL
1003646,4078,"CA1 Basket",4000,"CA1 Pyr","[CA1/CA3] Fast-spiking parvalbumin-positive basket cells {CA1 CA1 Basket}. PV-BCs form synapses with the somata and proximal dendrites of pyramidal cells as well as other interneurons (Buhl et al., 1994a; Halasy et al., 1996; Cobb et al., 1997; Pawelzik et al., 2002). At the light microscopic level, this interneuron type is characterized by an axon terminating in and near the cell body layer (Fig. 5A).","p44, middle","Vida I","Morphology of Hippocampal Neurons","Hippocampal Microcircuits",2010,"978-1-4419-0995-4",27,NULL,NULL,NULL,NULL
1003647,4078,"CA1 Basket",4078,"CA1 Basket","Fig. 5 Morphology of CA1 perisomatic inhibitory interneurons. A A synaptically coupled pair of fast-spiking BCs [basket cells] {CA1 CA1 Basket}. The axons of both cells are found mainly in the cell body layer (shaded area, initial segments indicated by arrows) whereas their dendrites extend into the dendritic layers. B A str. radiatum BC with morphological feature of CCK-BCs {CA1 CA1 Basket CCK+} [cholecystokinin-positive]. Note the dense axon (red) in and near the cell body layer (str. pyr.). C An AAC [axo-axonic cell] {CA1 CA1 Axo-Axonic} with a dense axon plexus at the border of the str. pyr. and the oriens (ori.). Scale bars - 100 [micro]m (A, from Cobb et al., 1997; B from Vida et al., 1998; C from Buhl et al., 1994b, reproduced with permission. (c) Elsevier, Wiley-Blackwell, and the American Physiological Society.)","p46, Figure 5","Vida I","Morphology of Hippocampal Neurons","Hippocampal Microcircuits",2010,"978-1-4419-0995-4",27,NULL,NULL,NULL,NULL
1003648,4078,"CA1 Basket",4000,"CA1 Pyr","[CA1/CA3] CCK-expressing [cholecystokinin-positive] basket cells {CA1 CA1 Basket CCK+} . Similar to PV-BCs [parvalbumin-positive basket cells], CCK-BCs form synapses with the somata and proximal dendrites of pyramidal cells as also indicated by the axonal distribution in the str. pyramidale and adjacent region of str. radiatum and oriens (Fig. 5B; Nunzi et al., 1985; Acsady et al., 1996b; Cope et al., 2002; Pawelzik et al., 2002).","p46, middle","Vida I","Morphology of Hippocampal Neurons","Hippocampal Microcircuits",2010,"978-1-4419-0995-4",27,NULL,NULL,NULL,NULL
1003649,4005,"CA1 LMR 3300",4000,"CA1 Pyr","Fig. 6 Dendritic inhibitory interneuron types of the CA1 area. A BSC [bistratified cell] {CA1 CA1 Bistratified}. The cell body is at the border of str. pyramidale (SP) and oriens (SO). Dendrites span the str. oriens and radiatum (SR) but do not extend into the lacunosum-moleculare (SLM). B SCA [Schaffer collateral-associated] cell {CA1 CA1 Radiatum} with axon (red) in the str. radiatum (rad.). C PPA [perforant path-associated] interneuron {CA1 CA1 Perforant Path-Associated}. Note the axon terminating in the CA1 str. lacunosum-moleculare (l-m.), the subiculum and the DG molecular layer (m.l.). D NG [neurogliaform] cell {CA1 CA1 LMR} with a compact dendritic and a very dense axonal arbor in the str. rad. and l-m. E O-LM [oriens lacunosum-moleculare] interneurons {CA1 CA1 O-LM} have horizontal dendritic tree in the str. oriens and project to the distal apical dendrites of pyramidal cells in the str. l-m (A from Klausberger et al., 2004; B-D from Vida et al., 1998; E from Martina et al., 2000, reproduced with permission. (c) Nature Publishing Group, Wiley-Blackwell, and The American Association for the Advancement of Science.)","p49, Figure 6","Vida I","Morphology of Hippocampal Neurons","Hippocampal Microcircuits",2010,"978-1-4419-0995-4",27,NULL,NULL,NULL,NULL
1003649,4069,"CA1 O-LM 1002",4000,"CA1 Pyr","Fig. 6 Dendritic inhibitory interneuron types of the CA1 area. A BSC [bistratified cell] {CA1 CA1 Bistratified}. The cell body is at the border of str. pyramidale (SP) and oriens (SO). Dendrites span the str. oriens and radiatum (SR) but do not extend into the lacunosum-moleculare (SLM). B SCA [Schaffer collateral-associated] cell {CA1 CA1 Radiatum} with axon (red) in the str. radiatum (rad.). C PPA [perforant path-associated] interneuron {CA1 CA1 Perforant Path-Associated}. Note the axon terminating in the CA1 str. lacunosum-moleculare (l-m.), the subiculum and the DG molecular layer (m.l.). D NG [neurogliaform] cell {CA1 CA1 LMR} with a compact dendritic and a very dense axonal arbor in the str. rad. and l-m. E O-LM [oriens lacunosum-moleculare] interneurons {CA1 CA1 O-LM} have horizontal dendritic tree in the str. oriens and project to the distal apical dendrites of pyramidal cells in the str. l-m (A from Klausberger et al., 2004; B-D from Vida et al., 1998; E from Martina et al., 2000, reproduced with permission. (c) Nature Publishing Group, Wiley-Blackwell, and The American Association for the Advancement of Science.)","p49, Figure 6","Vida I","Morphology of Hippocampal Neurons","Hippocampal Microcircuits",2010,"978-1-4419-0995-4",27,NULL,NULL,NULL,NULL
1003690,4000,"CA1 Pyr",4081,"CA1 Ivy","Cells bodies of [CA1/CA2/CA3] Ivy interneurons are located in the str. pyramidale and adjacent regions of the radiatum. Dendrites extend radially into the str. oriens and radiatum but rarely reach the str. lacunosum-moleculare. Dendritic distribution and electrophysiological data indicate that these interneurons are activated by the Schaffer collaterals and receive recurrent excitatory input from pyramidal cells, but lack perforant path input, similar to BSCs [bistratified cells] (Fuentealba et al., 2008).","p50 middle","Vida I","Morphology of Hippocampal Neurons","Hippocampal Microcircuits",2010,"978-1-4419-0995-4",27,NULL,NULL,NULL,NULL
1003690,2000,"CA3 Pyr",2046,"CA3 Ivy","Cells bodies of [CA1/CA2/CA3] Ivy interneurons are located in the str. pyramidale and adjacent regions of the radiatum. Dendrites extend radially into the str. oriens and radiatum but rarely reach the str. lacunosum-moleculare. Dendritic distribution and electrophysiological data indicate that these interneurons are activated by the Schaffer collaterals and receive recurrent excitatory input from pyramidal cells, but lack perforant path input, similar to BSCs [bistratified cells] (Fuentealba et al., 2008).","p50 middle","Vida I","Morphology of Hippocampal Neurons","Hippocampal Microcircuits",2010,"978-1-4419-0995-4",27,NULL,NULL,NULL,NULL
1003693,4081,"CA1 Ivy",4000,"CA1 Pyr","Postsynaptic targets of [CA1/CA2/CA3] Ivy cells are primarily the shafts (81%) of basal dendrites in str. oriens and oblique dendrites in the str. radiatum (Fuentealba et al., 2008). Dendritic spines (13%) and apical dendrites of pyramidal cells (6%) are less frequently targeted. The axon profusely branches close to its point of origin and forms a dense meshwork in the str. oriens and radiatum.","p50 middle","Vida I","Morphology of Hippocampal Neurons","Hippocampal Microcircuits",2010,"978-1-4419-0995-4",27,NULL,NULL,NULL,NULL
1003693,2046,"CA3 Ivy",2000,"CA3 Pyr","Postsynaptic targets of [CA1/CA2/CA3] Ivy cells are primarily the shafts (81%) of basal dendrites in str. oriens and oblique dendrites in the str. radiatum (Fuentealba et al., 2008). Dendritic spines (13%) and apical dendrites of pyramidal cells (6%) are less frequently targeted. The axon profusely branches close to its point of origin and forms a dense meshwork in the str. oriens and radiatum.","p50 middle","Vida I","Morphology of Hippocampal Neurons","Hippocampal Microcircuits",2010,"978-1-4419-0995-4",27,NULL,NULL,NULL,NULL
1003705,4015,"CA1 SCA 2311",4000,"CA1 Pyr","The axon of [CA1/CA2/CA3] SCA [Schaffer collateral-associated] cells terminates in the str. radiatum and to a lesser extent in the oriens. Output synapses are formed with shafts, but only rarely spines of small-caliber side branches of the pyramidal cells (~80%) and aspiny dendritic shafts of interneurons (~20%; Vida et al., 1998).","p51 upper","Vida I","Morphology of Hippocampal Neurons","Hippocampal Microcircuits",2010,"978-1-4419-0995-4",27,NULL,NULL,NULL,NULL
1003711,4006,"CA1 PPA 3200p",4000,"CA1 Pyr","The axon [of the CA1/CA2/CA3 perforant path-associated neuron] terminates in the str. lacunosum-moleculare; however, collaterals often spread significantly into the subiculum and, crossing the fissure, into the DG [Dentate gyrus]. The postsynaptic targets are primarily principal cells, CA1 pyramidal cells (58-94%), and DG granule cells (0-26%), but also include interneurons (6-11%); the synapses are found mostly on small-caliber dendritic shafts and to a lesser extent (5-7%) dendritic spines (Vida et al., 1998; Klausberger et al., 2005).","p51 lower","Vida I","Morphology of Hippocampal Neurons","Hippocampal Microcircuits",2010,"978-1-4419-0995-4",27,NULL,NULL,NULL,NULL
1003730,4000,"CA1 Pyr",4069,"CA1 O-LM","Although the dendritic arbor [of a CA1/CA2/CA3 oriens lacunosum-moleculare (O-LM) neuron] falls in the termination zone of the Schaffer collateral pathway, degeneration studies revealed that over ~75% of excitatory synapses originate from the pyramidal cells in the CA1 area (Blasco-Ibanez and Freund, 1995). Thus, these interneurons primarily mediate feedback inhibition. In the CA3 area the cell bodies and dendrites of this type of interneuron are not restricted to the str. oriens, in concordance with the wider distribution of recurrent collaterals seen in this region. A smaller set of interneurons with similar axonal projection and neurochemical profile but with somata located in the str. pyramidale (P-LM cells) or radiatum (R-LM cells) and dendrites spanning str. radiatum and oriens have been identified in transgenic GIN mice (Oliva et al., 2000).","p52 lower","Vida I","Morphology of Hippocampal Neurons","Hippocampal Microcircuits",2010,"978-1-4419-0995-4",27,NULL,NULL,NULL,NULL
1003738,4069,"CA1 O-LM",4000,"CA1 Pyr","Postsynaptic targets of [CA1/CA2/CA3] O-LM cells include dendrites of principal cells and interneurons in proportion to their occurrence (Katona et al., 1999a; Elfant et al., 2008).","p53 middle","Vida I","Morphology of Hippocampal Neurons","Hippocampal Microcircuits",2010,"978-1-4419-0995-4",27,NULL,NULL,NULL,NULL
1003753,4023,"CA1 BP",2000,"CA3 Pyr","The somatodendritic domain [CA1/CA2/CA3] BP [back-projection] cells is confined to the str. oriens and shows similarities to other horizontal interneuron types of this layer (e.g., O-LM cells). The total length of axon collaterals is 20,642 microm, 59% of which is in the CA1 region and 41% project back to CA3 area innervating the str. oriens and radiatum. The synaptic connections of these cells have not been studied in detail, but they form synapses on dendrites and somata of pyramidal cells (Sik et al., 1994).","p54 upper","Vida I","Morphology of Hippocampal Neurons","Hippocampal Microcircuits",2010,"978-1-4419-0995-4",27,NULL,NULL,NULL,NULL
1003756,2000,"CA3 Pyr",2035,"CA3 MFA ORDEN","Fig. 7 MFA [mossy fiber-associated] interneurons of the CA3 area. The axon (red) of this interneuron type terminates mainly in the str. lucidum (luc.), but also extends into the hilus displaying a striking association to the mossy fiber projection. The dendrites are found in the str. radiatum (rad.) and oriens (ori.) but absent from the lacunosum-moleculare (m-l.), reflecting that the cells receive excitatory input primarily from ipsi- and contralateral CA3 pyramidal cells. (Reproduced from Vida and Frotscher, 2000 with permission. Â© National Academy of Sciences, USA)","p54 Figure 7","Vida I","Morphology of Hippocampal Neurons","Hippocampal Microcircuits",2010,"978-1-4419-0995-4",27,NULL,NULL,NULL,NULL
1003762,2000,"CA3 Pyr",2035,"CA3 MFA ORDEN","The small round or ovoid soma of [CA1/CA2/CA3] MFA [mossy fiber-associated] cells is located in or near the str. lucidum, and their dendrites extend radially into the str. radiatum and the oriens. The dendritic distribution indicates that the main sources of excitation are ipsi- and contralateral CA3 pyramidal cells (i.e., the recurrent collaterals and commissural fibers), but physiological data (T6th and McBain, 1998) further show that the cells also receive mossy fiber input. No or minimal excitatory input arrives to these cells from the perforant path.","p54 middle","Vida I","Morphology of Hippocampal Neurons","Hippocampal Microcircuits",2010,"978-1-4419-0995-4",27,NULL,NULL,NULL,NULL
1003762,1000,"GC",2035,"CA3 MFA ORDEN","The small round or ovoid soma of [CA1/CA2/CA3] MFA [mossy fiber-associated] cells is located in or near the str. lucidum, and their dendrites extend radially into the str. radiatum and the oriens. The dendritic distribution indicates that the main sources of excitation are ipsi- and contralateral CA3 pyramidal cells (i.e., the recurrent collaterals and commissural fibers), but physiological data (T6th and McBain, 1998) further show that the cells also receive mossy fiber input. No or minimal excitatory input arrives to these cells from the perforant path.","p54 middle","Vida I","Morphology of Hippocampal Neurons","Hippocampal Microcircuits",2010,"978-1-4419-0995-4",27,NULL,NULL,NULL,NULL
1003762,6003,"EC LII Stellate",2035,"!!NO!! CA3 MFA ORDEN","The small round or ovoid soma of [CA1/CA2/CA3] MFA [mossy fiber-associated] cells is located in or near the str. lucidum, and their dendrites extend radially into the str. radiatum and the oriens. The dendritic distribution indicates that the main sources of excitation are ipsi- and contralateral CA3 pyramidal cells (i.e., the recurrent collaterals and commissural fibers), but physiological data (T6th and McBain, 1998) further show that the cells also receive mossy fiber input. No or minimal excitatory input arrives to these cells from the perforant path.","p54 middle","Vida I","Morphology of Hippocampal Neurons","Hippocampal Microcircuits",2010,"978-1-4419-0995-4",27,NULL,NULL,NULL,NULL
1003771,NULL,"CA1 IS I (no type)",NULL,"???","(13) [CA1/CA2/CA3] Interneuron-specific interneurons. A class of interneuron specialized to innervate other interneurons has been identified by imunohistochemically staining for CR [calretinin] and VIP [vasoactive intestinal protein] (Acsady et al., 1996a, b; Gulyas et al., 1996; Hajos et al., 1996). Three types have been distinguished on the basis of the neurochemical markers and synaptic targets (Fig. 8): - Type I (IS-I) cells contain CR and target CB-positive [calbindin] dendrite-inhibiting interneurons. The soma of IS-I cells is in str. oriens, pyramidale, or radiatum and the dendrites span most layers. - Type II (IS-II) cells express VIP and innervate mainly CCK [cholecystokinin]/VIP-positive basket cells. The soma is found in str. radiatum, often at its upper border, whereas the dendrites mostly extend into the str. lacunosum-moleculare. - Type III (IS-III) cells contain both CR and VIP and innervate mainly O-LM [oriens lacunosum-moleculare] cells. The soma is located in str. pyramidale or radiatum with radial dendrites crossing most layers. These cells target mainly O-LM cells.","p55 middle","Vida I","Morphology of Hippocampal Neurons","Hippocampal Microcircuits",2010,"978-1-4419-0995-4",27,NULL,NULL,NULL,NULL
1003771,4021,"CA1 IS II",4079,"CA1 Basket CCK","(13) [CA1/CA2/CA3] Interneuron-specific interneurons. A class of interneuron specialized to innervate other interneurons has been identified by imunohistochemically staining for CR [calretinin] and VIP [vasoactive intestinal protein] (Acsady et al., 1996a, b; Gulyas et al., 1996; Hajos et al., 1996). Three types have been distinguished on the basis of the neurochemical markers and synaptic targets (Fig. 8): - Type I (IS-I) cells contain CR and target CB-positive [calbindin] dendrite-inhibiting interneurons. The soma of IS-I cells is in str. oriens, pyramidale, or radiatum and the dendrites span most layers. - Type II (IS-II) cells express VIP and innervate mainly CCK [cholecystokinin]/VIP-positive basket cells. The soma is found in str. radiatum, often at its upper border, whereas the dendrites mostly extend into the str. lacunosum-moleculare. - Type III (IS-III) cells contain both CR and VIP and innervate mainly O-LM [oriens lacunosum-moleculare] cells. The soma is located in str. pyramidale or radiatum with radial dendrites crossing most layers. These cells target mainly O-LM cells.","p55 middle","Vida I","Morphology of Hippocampal Neurons","Hippocampal Microcircuits",2010,"978-1-4419-0995-4",27,NULL,NULL,NULL,NULL
1003771,4020,"CA1 IS III",4069,"CA1 O-LM","(13) [CA1/CA2/CA3] Interneuron-specific interneurons. A class of interneuron specialized to innervate other interneurons has been identified by imunohistochemically staining for CR [calretinin] and VIP [vasoactive intestinal protein] (Acsady et al., 1996a, b; Gulyas et al., 1996; Hajos et al., 1996). Three types have been distinguished on the basis of the neurochemical markers and synaptic targets (Fig. 8): - Type I (IS-I) cells contain CR and target CB-positive [calbindin] dendrite-inhibiting interneurons. The soma of IS-I cells is in str. oriens, pyramidale, or radiatum and the dendrites span most layers. - Type II (IS-II) cells express VIP and innervate mainly CCK [cholecystokinin]/VIP-positive basket cells. The soma is found in str. radiatum, often at its upper border, whereas the dendrites mostly extend into the str. lacunosum-moleculare. - Type III (IS-III) cells contain both CR and VIP and innervate mainly O-LM [oriens lacunosum-moleculare] cells. The soma is located in str. pyramidale or radiatum with radial dendrites crossing most layers. These cells target mainly O-LM cells.","p55 middle","Vida I","Morphology of Hippocampal Neurons","Hippocampal Microcircuits",2010,"978-1-4419-0995-4",27,NULL,NULL,NULL,NULL
1003777,1000,"GC",1035,"Basket PV","(1) Fast-spiking PV-BCs [parvalbumin-positive basket cells] are the best investigated interneuron type of the DG [Dentate gyrus] (Han et al., 1993; Halasy and Somogyi, 1993b; Scharfman, 1995; Sik et al., 1997; Mott et al., 1997; Bartos et al., 2001,2002; Doischer et al., 2008; Norenberg et al., 2008). The somatodendritic morphology is reminiscent of pyramidal cells. The large triangular or ovoid soma is located in the granule cell layer, often at the border to the hilus. Apical dendrites extend into the molecular layer and can receive input from all major afferent pathways. Basal dendrites are found in the hilus and receive recurrent excitatory input from mossy fibers mediated by multiple, 2-4 distributed contacts (Geiger et al., 1997).","p56 middle","Vida I","Morphology of Hippocampal Neurons","Hippocampal Microcircuits",2010,"978-1-4419-0995-4",27,NULL,NULL,NULL,NULL
1003789,1000,"GC",1013,"HIPP","(5) Hilar perforant path-associated (HIPP) interneurons (Han et al., 1993b; Halasy and Somogyi, 1993b; Sik et al., 1997; Hosp et al., 2005) correspond to O-LM [oriens lacunosum-moleculare] interneurons of the CA areas. Their soma and dendrites are confined to the hilus and receive recurrent excitation from the mossy fibers. Their axon terminates in the outer two-thirds of the molecular layer parallel to the perforant path. Thus, HIPP interneurons constitute the main feedback dendritic inhibitory cell types of the DG [Dentate gyrus].","p57 upper","Vida I","Morphology of Hippocampal Neurons","Hippocampal Microcircuits",2010,"978-1-4419-0995-4",27,NULL,NULL,NULL,NULL
1004006,1000,"GC",2000,"CA3 Pyr","Pyramidal cells in CA3 and CA2 receive radially segregated lateral and medial perforant path inputs from layer II glutamatergic cells of the entorhinal cortex (appr. 1.2X105 per hemisphere in rat), which also innervate dentate granule cells. In turn, granule cells (appr. 1.2X106 in each hemisphere in rat) provide the mossy fiber input to the proximal apical dendrite of CA3, but not CA2 and CA1 pyramidal cells. Granule cells are exceptional amongst principal cells in that they do not form recurrent connections with each other and also store GABA in their terminals in addition to glutamate. The CA3 pyramidal cells closest to the hilus may not receive significant entorhinal input, and may represent a separate cell type under my definition. The dentate hilus contains the mossy cells which receive glutamatergic granule cell input, input from each other and hilar projecting CA3 pyramidal cells. Mossy cells innervate granule cells in the inner dentate molecular layer bilaterally.","p2 lower","Somogyi P","Chapter: Hippocampus: Intrinsic organisation","Handbook of Brain Microcircuits",2010,"978-0195389883",148,NULL,NULL,NULL,NULL
1004006,1000,"GC",1002,"Mossy","Pyramidal cells in CA3 and CA2 receive radially segregated lateral and medial perforant path inputs from layer II glutamatergic cells of the entorhinal cortex (appr. 1.2X105 per hemisphere in rat), which also innervate dentate granule cells. In turn, granule cells (appr. 1.2X106 in each hemisphere in rat) provide the mossy fiber input to the proximal apical dendrite of CA3, but not CA2 and CA1 pyramidal cells. Granule cells are exceptional amongst principal cells in that they do not form recurrent connections with each other and also store GABA in their terminals in addition to glutamate. The CA3 pyramidal cells closest to the hilus may not receive significant entorhinal input, and may represent a separate cell type under my definition. The dentate hilus contains the mossy cells which receive glutamatergic granule cell input, input from each other and hilar projecting CA3 pyramidal cells. Mossy cells innervate granule cells in the inner dentate molecular layer bilaterally.","p2 lower","Somogyi P","Chapter: Hippocampus: Intrinsic organisation","Handbook of Brain Microcircuits",2010,"978-0195389883",148,NULL,NULL,NULL,NULL
1004006,1002,"Mossy",1000,"GC","Pyramidal cells in CA3 and CA2 receive radially segregated lateral and medial perforant path inputs from layer II glutamatergic cells of the entorhinal cortex (appr. 1.2X105 per hemisphere in rat), which also innervate dentate granule cells. In turn, granule cells (appr. 1.2X106 in each hemisphere in rat) provide the mossy fiber input to the proximal apical dendrite of CA3, but not CA2 and CA1 pyramidal cells. Granule cells are exceptional amongst principal cells in that they do not form recurrent connections with each other and also store GABA in their terminals in addition to glutamate. The CA3 pyramidal cells closest to the hilus may not receive significant entorhinal input, and may represent a separate cell type under my definition. The dentate hilus contains the mossy cells which receive glutamatergic granule cell input, input from each other and hilar projecting CA3 pyramidal cells. Mossy cells innervate granule cells in the inner dentate molecular layer bilaterally.","p2 lower","Somogyi P","Chapter: Hippocampus: Intrinsic organisation","Handbook of Brain Microcircuits",2010,"978-0195389883",148,NULL,NULL,NULL,NULL
1004006,1002,"Mossy",1002,"Mossy","Pyramidal cells in CA3 and CA2 receive radially segregated lateral and medial perforant path inputs from layer II glutamatergic cells of the entorhinal cortex (appr. 1.2X105 per hemisphere in rat), which also innervate dentate granule cells. In turn, granule cells (appr. 1.2X106 in each hemisphere in rat) provide the mossy fiber input to the proximal apical dendrite of CA3, but not CA2 and CA1 pyramidal cells. Granule cells are exceptional amongst principal cells in that they do not form recurrent connections with each other and also store GABA in their terminals in addition to glutamate. The CA3 pyramidal cells closest to the hilus may not receive significant entorhinal input, and may represent a separate cell type under my definition. The dentate hilus contains the mossy cells which receive glutamatergic granule cell input, input from each other and hilar projecting CA3 pyramidal cells. Mossy cells innervate granule cells in the inner dentate molecular layer bilaterally.","p2 lower","Somogyi P","Chapter: Hippocampus: Intrinsic organisation","Handbook of Brain Microcircuits",2010,"978-0195389883",148,NULL,NULL,NULL,NULL
1004009,2000,"CA3 Pyr",4000,"CA1 Pyr","Numerically the largest output of CA3 pyramidal cells is the bilateral Schaffer collateral/commissural pathway to CA1 pyramidal cells (appr. 3.8X105 in each hemisphere in rat) terminating in str. oriens and radiatum in a topographical and sublaminar order (Amaral and Lavenex, 2007; van Strien et al., 2009). In str. lm., the distal apical dendritic tufts of pyramidal cells receive medial (in a septo-temporal band on the CA3 side) or lateral (in a band towards the subiculum) direct input from layer III pyramidal cells of the entorhinal cortex (appr. 2.5X105 per hemisphere in rat) and the reuniens nucleus of the thalamus.","p2 lower","Somogyi P","Chapter: Hippocampus: Intrinsic organisation","Handbook of Brain Microcircuits",2010,"978-0195389883",148,NULL,NULL,NULL,NULL
1004009,6017,"EC LIII Pyr 223111",4000,"CA1 Pyr","Numerically the largest output of CA3 pyramidal cells is the bilateral Schaffer collateral/commissural pathway to CA1 pyramidal cells (appr. 3.8X105 in each hemisphere in rat) terminating in str. oriens and radiatum in a topographical and sublaminar order (Amaral and Lavenex, 2007; van Strien et al., 2009). In str. lm., the distal apical dendritic tufts of pyramidal cells receive medial (in a septo-temporal band on the CA3 side) or lateral (in a band towards the subiculum) direct input from layer III pyramidal cells of the entorhinal cortex (appr. 2.5X105 per hemisphere in rat) and the reuniens nucleus of the thalamus.","p2 lower","Somogyi P","Chapter: Hippocampus: Intrinsic organisation","Handbook of Brain Microcircuits",2010,"978-0195389883",148,NULL,NULL,NULL,NULL
1004009,6092,"EC LIII Pyr-stell 223200",4000,"CA1 Pyr","Numerically the largest output of CA3 pyramidal cells is the bilateral Schaffer collateral/commissural pathway to CA1 pyramidal cells (appr. 3.8X105 in each hemisphere in rat) terminating in str. oriens and radiatum in a topographical and sublaminar order (Amaral and Lavenex, 2007; van Strien et al., 2009). In str. lm., the distal apical dendritic tufts of pyramidal cells receive medial (in a septo-temporal band on the CA3 side) or lateral (in a band towards the subiculum) direct input from layer III pyramidal cells of the entorhinal cortex (appr. 2.5X105 per hemisphere in rat) and the reuniens nucleus of the thalamus.","p2 lower","Somogyi P","Chapter: Hippocampus: Intrinsic organisation","Handbook of Brain Microcircuits",2010,"978-0195389883",148,NULL,NULL,NULL,NULL
1004024,4023,"CA1 Back Proj",4000,"CA1 Pyr","Long-range projection GABAergic cells either cut across the boundaries of hippocampal areas (backprojection cells) or project outside the hippocampus proper, particularly to the subiculum (oriens-retrohippocampal cells, double projection cells, trilaminar cells, enkephalin expressing cells). Double projection cells innervating septal GABAergic cells, as well as retrohippocampal areas, also innervate pyramidal cells in str. oriens and radiatum showing similar spike timing to bistratified cells both during theta and ripple oscillations.","p5 upper","Somogyi P","Chapter: Hippocampus: Intrinsic organisation","Handbook of Brain Microcircuits",2010,"978-0195389883",148,NULL,NULL,NULL,NULL
1004030,4036,"CA1 AA",4000,"CA1 Pyr","Fig. 2. Three types of pyramidal cell are served by at least 21 types of GABAergic interneuron in the CA1 area. The laminar termination of five glutamatergic inputs are indicated on the left (boutons filled circles). Pyramidal cells are red, those located closer to str. radiatum express calbinin (CB+), the larger more loosely arranged cells towards str. oriens are calbindin negative as are those in str. radiatum that project to the accessory olfactory bulb. The somata and dendrites of interneurons are blue, cells 1-18 innervate pyramidal cells and interneurons to some degrees; cells 19-21 innervate mainly or exclusively other interneurons. Axons and the main synaptic terminations (boutons, open circles) are dark blue. Note the association of the output synapses of different sets of interneuron with the perisomatic region of pyramidal cells (left), and either the Schaffer collateral/commissural or the entorhinal pathway termination zones (right), respectively. Projection GABAergic neurons send long-range axons to related areas of the temporal lobe or the septum. Not all interneurons fit these categories (not shown). Abbreviations: str., stratum; lac. mol., lacunosum moleculare; pyr., pyramidale; or., oriens; g., gyrus; O-LM, oriens lacunosum-moleculare; PP, perforant path; retrohippoc., retrohippocampal projecting; IN spec., interneuron specific.","p12 Figure 2","Somogyi P","Chapter: Hippocampus: Intrinsic organisation","Handbook of Brain Microcircuits",2010,"978-0195389883",148,NULL,NULL,NULL,NULL
1004030,4023,"CA1 Back Proj",4000,"CA1 Pyr","Fig. 2. Three types of pyramidal cell are served by at least 21 types of GABAergic interneuron in the CA1 area. The laminar termination of five glutamatergic inputs are indicated on the left (boutons filled circles). Pyramidal cells are red, those located closer to str. radiatum express calbinin (CB+), the larger more loosely arranged cells towards str. oriens are calbindin negative as are those in str. radiatum that project to the accessory olfactory bulb. The somata and dendrites of interneurons are blue, cells 1-18 innervate pyramidal cells and interneurons to some degrees; cells 19-21 innervate mainly or exclusively other interneurons. Axons and the main synaptic terminations (boutons, open circles) are dark blue. Note the association of the output synapses of different sets of interneuron with the perisomatic region of pyramidal cells (left), and either the Schaffer collateral/commissural or the entorhinal pathway termination zones (right), respectively. Projection GABAergic neurons send long-range axons to related areas of the temporal lobe or the septum. Not all interneurons fit these categories (not shown). Abbreviations: str., stratum; lac. mol., lacunosum moleculare; pyr., pyramidale; or., oriens; g., gyrus; O-LM, oriens lacunosum-moleculare; PP, perforant path; retrohippoc., retrohippocampal projecting; IN spec., interneuron specific.","p12 Figure 2","Somogyi P","Chapter: Hippocampus: Intrinsic organisation","Handbook of Brain Microcircuits",2010,"978-0195389883",148,NULL,NULL,NULL,NULL
1004030,4078,"CA1 BC",4000,"CA1 Pyr","Fig. 2. Three types of pyramidal cell are served by at least 21 types of GABAergic interneuron in the CA1 area. The laminar termination of five glutamatergic inputs are indicated on the left (boutons filled circles). Pyramidal cells are red, those located closer to str. radiatum express calbinin (CB+), the larger more loosely arranged cells towards str. oriens are calbindin negative as are those in str. radiatum that project to the accessory olfactory bulb. The somata and dendrites of interneurons are blue, cells 1-18 innervate pyramidal cells and interneurons to some degrees; cells 19-21 innervate mainly or exclusively other interneurons. Axons and the main synaptic terminations (boutons, open circles) are dark blue. Note the association of the output synapses of different sets of interneuron with the perisomatic region of pyramidal cells (left), and either the Schaffer collateral/commissural or the entorhinal pathway termination zones (right), respectively. Projection GABAergic neurons send long-range axons to related areas of the temporal lobe or the septum. Not all interneurons fit these categories (not shown). Abbreviations: str., stratum; lac. mol., lacunosum moleculare; pyr., pyramidale; or., oriens; g., gyrus; O-LM, oriens lacunosum-moleculare; PP, perforant path; retrohippoc., retrohippocampal projecting; IN spec., interneuron specific.","p12 Figure 2","Somogyi P","Chapter: Hippocampus: Intrinsic organisation","Handbook of Brain Microcircuits",2010,"978-0195389883",148,NULL,NULL,NULL,NULL
1004030,4079,"CA1 BC-CCK",4000,"CA1 Pyr","Fig. 2. Three types of pyramidal cell are served by at least 21 types of GABAergic interneuron in the CA1 area. The laminar termination of five glutamatergic inputs are indicated on the left (boutons filled circles). Pyramidal cells are red, those located closer to str. radiatum express calbinin (CB+), the larger more loosely arranged cells towards str. oriens are calbindin negative as are those in str. radiatum that project to the accessory olfactory bulb. The somata and dendrites of interneurons are blue, cells 1-18 innervate pyramidal cells and interneurons to some degrees; cells 19-21 innervate mainly or exclusively other interneurons. Axons and the main synaptic terminations (boutons, open circles) are dark blue. Note the association of the output synapses of different sets of interneuron with the perisomatic region of pyramidal cells (left), and either the Schaffer collateral/commissural or the entorhinal pathway termination zones (right), respectively. Projection GABAergic neurons send long-range axons to related areas of the temporal lobe or the septum. Not all interneurons fit these categories (not shown). Abbreviations: str., stratum; lac. mol., lacunosum moleculare; pyr., pyramidale; or., oriens; g., gyrus; O-LM, oriens lacunosum-moleculare; PP, perforant path; retrohippoc., retrohippocampal projecting; IN spec., interneuron specific.","p12 Figure 2","Somogyi P","Chapter: Hippocampus: Intrinsic organisation","Handbook of Brain Microcircuits",2010,"978-0195389883",148,NULL,NULL,NULL,NULL
1004030,4080,"CA1 Bistratified",4000,"CA1 Pyr","Fig. 2. Three types of pyramidal cell are served by at least 21 types of GABAergic interneuron in the CA1 area. The laminar termination of five glutamatergic inputs are indicated on the left (boutons filled circles). Pyramidal cells are red, those located closer to str. radiatum express calbinin (CB+), the larger more loosely arranged cells towards str. oriens are calbindin negative as are those in str. radiatum that project to the accessory olfactory bulb. The somata and dendrites of interneurons are blue, cells 1-18 innervate pyramidal cells and interneurons to some degrees; cells 19-21 innervate mainly or exclusively other interneurons. Axons and the main synaptic terminations (boutons, open circles) are dark blue. Note the association of the output synapses of different sets of interneuron with the perisomatic region of pyramidal cells (left), and either the Schaffer collateral/commissural or the entorhinal pathway termination zones (right), respectively. Projection GABAergic neurons send long-range axons to related areas of the temporal lobe or the septum. Not all interneurons fit these categories (not shown). Abbreviations: str., stratum; lac. mol., lacunosum moleculare; pyr., pyramidale; or., oriens; g., gyrus; O-LM, oriens lacunosum-moleculare; PP, perforant path; retrohippoc., retrohippocampal projecting; IN spec., interneuron specific.","p12 Figure 2","Somogyi P","Chapter: Hippocampus: Intrinsic organisation","Handbook of Brain Microcircuits",2010,"978-0195389883",148,NULL,NULL,NULL,NULL
1004030,NULL,"CA1 IS I (no type)",4000,"CA1 Pyr","Fig. 2. Three types of pyramidal cell are served by at least 21 types of GABAergic interneuron in the CA1 area. The laminar termination of five glutamatergic inputs are indicated on the left (boutons filled circles). Pyramidal cells are red, those located closer to str. radiatum express calbinin (CB+), the larger more loosely arranged cells towards str. oriens are calbindin negative as are those in str. radiatum that project to the accessory olfactory bulb. The somata and dendrites of interneurons are blue, cells 1-18 innervate pyramidal cells and interneurons to some degrees; cells 19-21 innervate mainly or exclusively other interneurons. Axons and the main synaptic terminations (boutons, open circles) are dark blue. Note the association of the output synapses of different sets of interneuron with the perisomatic region of pyramidal cells (left), and either the Schaffer collateral/commissural or the entorhinal pathway termination zones (right), respectively. Projection GABAergic neurons send long-range axons to related areas of the temporal lobe or the septum. Not all interneurons fit these categories (not shown). Abbreviations: str., stratum; lac. mol., lacunosum moleculare; pyr., pyramidale; or., oriens; g., gyrus; O-LM, oriens lacunosum-moleculare; PP, perforant path; retrohippoc., retrohippocampal projecting; IN spec., interneuron specific.","p12 Figure 2","Somogyi P","Chapter: Hippocampus: Intrinsic organisation","Handbook of Brain Microcircuits",2010,"978-0195389883",148,NULL,NULL,NULL,NULL
1004030,4021,"CA1 IS II",4000,"CA1 Pyr","Fig. 2. Three types of pyramidal cell are served by at least 21 types of GABAergic interneuron in the CA1 area. The laminar termination of five glutamatergic inputs are indicated on the left (boutons filled circles). Pyramidal cells are red, those located closer to str. radiatum express calbinin (CB+), the larger more loosely arranged cells towards str. oriens are calbindin negative as are those in str. radiatum that project to the accessory olfactory bulb. The somata and dendrites of interneurons are blue, cells 1-18 innervate pyramidal cells and interneurons to some degrees; cells 19-21 innervate mainly or exclusively other interneurons. Axons and the main synaptic terminations (boutons, open circles) are dark blue. Note the association of the output synapses of different sets of interneuron with the perisomatic region of pyramidal cells (left), and either the Schaffer collateral/commissural or the entorhinal pathway termination zones (right), respectively. Projection GABAergic neurons send long-range axons to related areas of the temporal lobe or the septum. Not all interneurons fit these categories (not shown). Abbreviations: str., stratum; lac. mol., lacunosum moleculare; pyr., pyramidale; or., oriens; g., gyrus; O-LM, oriens lacunosum-moleculare; PP, perforant path; retrohippoc., retrohippocampal projecting; IN spec., interneuron specific.","p12 Figure 2","Somogyi P","Chapter: Hippocampus: Intrinsic organisation","Handbook of Brain Microcircuits",2010,"978-0195389883",148,NULL,NULL,NULL,NULL
1004030,4020,"CA1 IS III",4000,"CA1 Pyr","Fig. 2. Three types of pyramidal cell are served by at least 21 types of GABAergic interneuron in the CA1 area. The laminar termination of five glutamatergic inputs are indicated on the left (boutons filled circles). Pyramidal cells are red, those located closer to str. radiatum express calbinin (CB+), the larger more loosely arranged cells towards str. oriens are calbindin negative as are those in str. radiatum that project to the accessory olfactory bulb. The somata and dendrites of interneurons are blue, cells 1-18 innervate pyramidal cells and interneurons to some degrees; cells 19-21 innervate mainly or exclusively other interneurons. Axons and the main synaptic terminations (boutons, open circles) are dark blue. Note the association of the output synapses of different sets of interneuron with the perisomatic region of pyramidal cells (left), and either the Schaffer collateral/commissural or the entorhinal pathway termination zones (right), respectively. Projection GABAergic neurons send long-range axons to related areas of the temporal lobe or the septum. Not all interneurons fit these categories (not shown). Abbreviations: str., stratum; lac. mol., lacunosum moleculare; pyr., pyramidale; or., oriens; g., gyrus; O-LM, oriens lacunosum-moleculare; PP, perforant path; retrohippoc., retrohippocampal projecting; IN spec., interneuron specific.","p12 Figure 2","Somogyi P","Chapter: Hippocampus: Intrinsic organisation","Handbook of Brain Microcircuits",2010,"978-0195389883",148,NULL,NULL,NULL,NULL
1004030,4081,"CA1 Ivy",4000,"CA1 Pyr","Fig. 2. Three types of pyramidal cell are served by at least 21 types of GABAergic interneuron in the CA1 area. The laminar termination of five glutamatergic inputs are indicated on the left (boutons filled circles). Pyramidal cells are red, those located closer to str. radiatum express calbinin (CB+), the larger more loosely arranged cells towards str. oriens are calbindin negative as are those in str. radiatum that project to the accessory olfactory bulb. The somata and dendrites of interneurons are blue, cells 1-18 innervate pyramidal cells and interneurons to some degrees; cells 19-21 innervate mainly or exclusively other interneurons. Axons and the main synaptic terminations (boutons, open circles) are dark blue. Note the association of the output synapses of different sets of interneuron with the perisomatic region of pyramidal cells (left), and either the Schaffer collateral/commissural or the entorhinal pathway termination zones (right), respectively. Projection GABAergic neurons send long-range axons to related areas of the temporal lobe or the septum. Not all interneurons fit these categories (not shown). Abbreviations: str., stratum; lac. mol., lacunosum moleculare; pyr., pyramidale; or., oriens; g., gyrus; O-LM, oriens lacunosum-moleculare; PP, perforant path; retrohippoc., retrohippocampal projecting; IN spec., interneuron specific.","p12 Figure 2","Somogyi P","Chapter: Hippocampus: Intrinsic organisation","Handbook of Brain Microcircuits",2010,"978-0195389883",148,NULL,NULL,NULL,NULL
1004030,4012,"CA1 NG 3000",4000,"CA1 Pyr","Fig. 2. Three types of pyramidal cell are served by at least 21 types of GABAergic interneuron in the CA1 area. The laminar termination of five glutamatergic inputs are indicated on the left (boutons filled circles). Pyramidal cells are red, those located closer to str. radiatum express calbinin (CB+), the larger more loosely arranged cells towards str. oriens are calbindin negative as are those in str. radiatum that project to the accessory olfactory bulb. The somata and dendrites of interneurons are blue, cells 1-18 innervate pyramidal cells and interneurons to some degrees; cells 19-21 innervate mainly or exclusively other interneurons. Axons and the main synaptic terminations (boutons, open circles) are dark blue. Note the association of the output synapses of different sets of interneuron with the perisomatic region of pyramidal cells (left), and either the Schaffer collateral/commissural or the entorhinal pathway termination zones (right), respectively. Projection GABAergic neurons send long-range axons to related areas of the temporal lobe or the septum. Not all interneurons fit these categories (not shown). Abbreviations: str., stratum; lac. mol., lacunosum moleculare; pyr., pyramidale; or., oriens; g., gyrus; O-LM, oriens lacunosum-moleculare; PP, perforant path; retrohippoc., retrohippocampal projecting; IN spec., interneuron specific.","p12 Figure 2","Somogyi P","Chapter: Hippocampus: Intrinsic organisation","Handbook of Brain Microcircuits",2010,"978-0195389883",148,NULL,NULL,NULL,NULL
1004030,4069,"CA1 O-LM",4000,"CA1 Pyr","Fig. 2. Three types of pyramidal cell are served by at least 21 types of GABAergic interneuron in the CA1 area. The laminar termination of five glutamatergic inputs are indicated on the left (boutons filled circles). Pyramidal cells are red, those located closer to str. radiatum express calbinin (CB+), the larger more loosely arranged cells towards str. oriens are calbindin negative as are those in str. radiatum that project to the accessory olfactory bulb. The somata and dendrites of interneurons are blue, cells 1-18 innervate pyramidal cells and interneurons to some degrees; cells 19-21 innervate mainly or exclusively other interneurons. Axons and the main synaptic terminations (boutons, open circles) are dark blue. Note the association of the output synapses of different sets of interneuron with the perisomatic region of pyramidal cells (left), and either the Schaffer collateral/commissural or the entorhinal pathway termination zones (right), respectively. Projection GABAergic neurons send long-range axons to related areas of the temporal lobe or the septum. Not all interneurons fit these categories (not shown). Abbreviations: str., stratum; lac. mol., lacunosum moleculare; pyr., pyramidale; or., oriens; g., gyrus; O-LM, oriens lacunosum-moleculare; PP, perforant path; retrohippoc., retrohippocampal projecting; IN spec., interneuron specific.","p12 Figure 2","Somogyi P","Chapter: Hippocampus: Intrinsic organisation","Handbook of Brain Microcircuits",2010,"978-0195389883",148,NULL,NULL,NULL,NULL
1004030,4006,"CA1 PPA 3200p",4000,"CA1 Pyr","Fig. 2. Three types of pyramidal cell are served by at least 21 types of GABAergic interneuron in the CA1 area. The laminar termination of five glutamatergic inputs are indicated on the left (boutons filled circles). Pyramidal cells are red, those located closer to str. radiatum express calbinin (CB+), the larger more loosely arranged cells towards str. oriens are calbindin negative as are those in str. radiatum that project to the accessory olfactory bulb. The somata and dendrites of interneurons are blue, cells 1-18 innervate pyramidal cells and interneurons to some degrees; cells 19-21 innervate mainly or exclusively other interneurons. Axons and the main synaptic terminations (boutons, open circles) are dark blue. Note the association of the output synapses of different sets of interneuron with the perisomatic region of pyramidal cells (left), and either the Schaffer collateral/commissural or the entorhinal pathway termination zones (right), respectively. Projection GABAergic neurons send long-range axons to related areas of the temporal lobe or the septum. Not all interneurons fit these categories (not shown). Abbreviations: str., stratum; lac. mol., lacunosum moleculare; pyr., pyramidale; or., oriens; g., gyrus; O-LM, oriens lacunosum-moleculare; PP, perforant path; retrohippoc., retrohippocampal projecting; IN spec., interneuron specific.","p12 Figure 2","Somogyi P","Chapter: Hippocampus: Intrinsic organisation","Handbook of Brain Microcircuits",2010,"978-0195389883",148,NULL,NULL,NULL,NULL
1004030,4015,"CA1 SCA 2311",4000,"CA1 Pyr","Fig. 2. Three types of pyramidal cell are served by at least 21 types of GABAergic interneuron in the CA1 area. The laminar termination of five glutamatergic inputs are indicated on the left (boutons filled circles). Pyramidal cells are red, those located closer to str. radiatum express calbinin (CB+), the larger more loosely arranged cells towards str. oriens are calbindin negative as are those in str. radiatum that project to the accessory olfactory bulb. The somata and dendrites of interneurons are blue, cells 1-18 innervate pyramidal cells and interneurons to some degrees; cells 19-21 innervate mainly or exclusively other interneurons. Axons and the main synaptic terminations (boutons, open circles) are dark blue. Note the association of the output synapses of different sets of interneuron with the perisomatic region of pyramidal cells (left), and either the Schaffer collateral/commissural or the entorhinal pathway termination zones (right), respectively. Projection GABAergic neurons send long-range axons to related areas of the temporal lobe or the septum. Not all interneurons fit these categories (not shown). Abbreviations: str., stratum; lac. mol., lacunosum moleculare; pyr., pyramidale; or., oriens; g., gyrus; O-LM, oriens lacunosum-moleculare; PP, perforant path; retrohippoc., retrohippocampal projecting; IN spec., interneuron specific.","p12 Figure 2","Somogyi P","Chapter: Hippocampus: Intrinsic organisation","Handbook of Brain Microcircuits",2010,"978-0195389883",148,NULL,NULL,NULL,NULL
1004030,4035,"CA1 Trilam 0113p",4000,"CA1 Pyr","Fig. 2. Three types of pyramidal cell are served by at least 21 types of GABAergic interneuron in the CA1 area. The laminar termination of five glutamatergic inputs are indicated on the left (boutons filled circles). Pyramidal cells are red, those located closer to str. radiatum express calbinin (CB+), the larger more loosely arranged cells towards str. oriens are calbindin negative as are those in str. radiatum that project to the accessory olfactory bulb. The somata and dendrites of interneurons are blue, cells 1-18 innervate pyramidal cells and interneurons to some degrees; cells 19-21 innervate mainly or exclusively other interneurons. Axons and the main synaptic terminations (boutons, open circles) are dark blue. Note the association of the output synapses of different sets of interneuron with the perisomatic region of pyramidal cells (left), and either the Schaffer collateral/commissural or the entorhinal pathway termination zones (right), respectively. Projection GABAergic neurons send long-range axons to related areas of the temporal lobe or the septum. Not all interneurons fit these categories (not shown). Abbreviations: str., stratum; lac. mol., lacunosum moleculare; pyr., pyramidale; or., oriens; g., gyrus; O-LM, oriens lacunosum-moleculare; PP, perforant path; retrohippoc., retrohippocampal projecting; IN spec., interneuron specific.","p12 Figure 2","Somogyi P","Chapter: Hippocampus: Intrinsic organisation","Handbook of Brain Microcircuits",2010,"978-0195389883",148,NULL,NULL,NULL,NULL
1005000,1010,"DG AA",1000,"DG Granule","Chandelier, or axo-axonic cells are found in the rat FD [fascia dentata] and hilus [of the dentate gyrus], and are the source of the numerous symmetric synapses on the axon initial segments of granule cells (Buhl et al., 19941; Han et al., 1993; Kosaka, 1983; Kosaka et al., 1984; Ribak and Seress, 1983; Soriano and Frotscher, 1989; Soriano et al., 1990; and as discussed in Frotscher, 1991).","p250, left bottom","Patton PE,ÃMcNaughton BÃ","Connection matrix of the hippocampal formation: I. The dentate gyrus.Ã","Hippocampus",1995,8589792,0,NULL,NULL,NULL,NULL
1005002,1010,"DG AA",1000,"DG Granule (only)","AACs [axo-axonic cells] of DG [dentate gyrus] were first described in detail by Han et al. (1993) and Buhl et al. (1994a, b). Somatodendritic morphology of AACs is largely similar to that of BCs [basket cells]. The output is directed exclusively to the axon initial segment of GCs [granule cells]. These synapses involve multiple contact sites; in case of one AAC-GC [granule cell] pair, eight contacts were identified and the number of AACs converging onto the same initial segment] was calculated to be five (Buhl et al., 1994a).","p56, bottom","Vida I","Morphology of Hippocampal Neurons","Hippocampal Microcircuits: A Computational Modeler's Resource Book",2010,"978-1-4419-0995-4",27,NULL,NULL,NULL,NULL
1005004,1010,"DG AA",1002,"Mossy","Chandelier or axo-axonic cells {DG DG (i)2233 (00S0) Axo-Axonic} have been described in the dentate gyrus (Kosaka, 1983; Soriano and Frotscher, 1989; Soriano et al., 1990) and, confirming previous studies, have been found to make synapses exclusively with axon initial segments of granule cells and probably of mossy cells in the hilus. The latter assumption is based on the homologous morphology and synaptic organization of mossy cells and pyramidal cells (Frotscher et al., 1991).","p411, right middle","Halasy K,ÃSomogyi PÃ","Subdivisions in the multiple GABAergic innervation of granule cells in the dentate gyrus of the rat hippocampus.","Eur J Neurosci",1993,8261118,0,NULL,NULL,NULL,NULL
1005010,1000,"GC",1036,"DG BC CCK","Some rat DG basket cells appear to contain the neuropeptide CCK. Like basket cell fibers, CCK+ fibers form a plexus around the somata of granule cells, and CCK+ terminals make symmetric contacts onto the somata and proximal dendrites of granule cells (Leranth and Frotscher, 1986; Sloviter and Nilaver, 1987).","p249, right bot","Patton PE,ÃMcNaughton BÃ","Connection matrix of the hippocampal formation: I. The dentate gyrus.Ã",NULL,1995,8589792,0,NULL,NULL,NULL,NULL
1005015,1035,"DG BC",1035,"DG BC","Fig. 1 Fast and reliable inhibition among soma-targeting basket cells. A, Camera lucida reconstruction of a pair of synaptically connected basket cells {DG DG (i)2232 (00S0) Basket} (BCs) in the dentate gyrus subfield of the hippocampus (inset). The somato-dendritic domain of the presynaptic BC is shown in green, the axon in red; the somato-dendritic area of the postsynaptic neuron is displayed in black; and the axon in blue. Arrowheads point to identified putative synaptic contacts (Bartos et al., 2001). ... (Adapted from Bartos et al., 2001; with permission; (c) 2001 from the Society for Neuroscience)","p131, Fig. 1","Bartos M, Sauer JF, Vida I, Kulik A","Fast and Slow GABAergic Transmission in Hippocampal Circuits","Hippocampal Microcircuits: A Computational Modeler's Resource Book, 2010, pages: 129 - 162",2010,"978-1-4419-0995-4",129,NULL,NULL,NULL,NULL
1005017,1035,"DG BC",1035,"DG BC","Approximately 1% of the 11,000 synapses made by a single [dentate] BC [basket cell {DG DG (i)2232 (00S0) Basket}] axon in the GC [granule cell] layer are onto other BCs (Sik et al. 1997), with 3-7 synapses per postsynaptic cell (Bartos et al. 2001). Consequently, each BC in the dentate gyrus contacts approximately 35 other BCs.","p511, bottom","Morgan RJ, Soltesz I","Microcircuit Model of the Dentate Gyrus in Epilepsy","Hippocampal Microcircuits: A Computational Modeler's Resource Book, 2010, pages: 495 - 526",2010,"978-1-4419-0995-4",495,NULL,NULL,NULL,NULL
1005019,1035,"DG BC",1035,"DG BC","Approximately 1% of the 11,000 synapses made by a single [dentate] BC [basket cell {DG DG (i)2232 (00S0) Basket}] axon in the GC [granule cell] layer are onto other BCs (Sik et al. 1997), with 3-7 synapses per postsynaptic cell (Bartos et al. 2001). Consequently, each BC in the dentate gyrus contacts approximately 35 other BCs.","p95, top","Santhakumar V","Modeling circuit alterations in epilepsy: A focus on mossy cell loss and mossy fiber sprouting in the dentate gyrus","Computational neuroscience in epilepsy",2008,"978-0-12-373649-9",89,NULL,NULL,NULL,NULL
1005021,1035,"DG BC",1035,"DG BC","Roughly 1% of the 11,000 synapses made by a single basket cell axon in the granule cell layer of the dentate [gyrus] are onto other basket cells (Sik et al. 1997) with three to seven synapses per postsynaptic cell (Bartos et al. 2001). Consequently, we estimated that each basket cell in the dentate gyrus contacted 35 other basket cells.","p1581, left middle","Dyhrfjeld-Johnsen J, Santhakumar V, Morgan RJ, Huerta R, Tsimring L, Soltesz I","Topological determinants of epileptogenesis in large-scale structural and functional models of the dentate gyrus derived from experimental data.","J Neurophysiol",2007,17093119,0,NULL,NULL,NULL,NULL
1005023,1035,"DG BC",1000,"GC","But regardless of the dendritic patterns, the axons are concentrated in the granule cell layer, where each basket cell forms synaptic contacts with the cell bodies of multiple granule cells (Han et al., 1993).","p221, right middle","Houser CR","Interneurons of the dentate gyrus: an overview of cell types, terminal fields and neurochemical identity.","Prog Brain Res",2007,17765721,0,NULL,NULL,NULL,NULL
1005025,1035,"DG BC",1035,"DG BC","In addition, basket cells form synaptic contacts with other GABA [gamma amino butyric acid] neurons, including other basket cells (Freund and Buzsaki, 1996).","p221, right middle","Houser CR","Interneurons of the dentate gyrus: an overview of cell types, terminal fields and neurochemical identity.","Prog Brain Res",2007,17765721,0,NULL,NULL,NULL,NULL
1005027,1035,"DG BC",1000,"GC","The terminals in this basket plexus are GABA[gamma-aminobutyric acid]ergic and form symmetrical, inhibitory contacts located primarily on the cell bodies and proximal dendritic shafts of apical dendrites of the granule cells.","p62, left middle","Amaral D, Lavenex P","Hippocampal Neuroanatomy","The Hippocampus Book",2007,"978-0-19-510027-3",37,NULL,NULL,NULL,NULL
1005029,1035,"DG BC",1000,"GC","Granule cells also receive inputs from a variety of interneurons, mostly lying in the hilus. Basket cells and chandelier [axo-axonic] cells target primarily somata, whereas various interneurons target the dendrites.","p164, left top","Spruston N, McBain C","Chapter 5: Structural and functional properties of hippocampal neurons","The Hippocampus Book",2007,"978-0-19-510027-3",133,NULL,NULL,NULL,NULL
1005029,1035,"DG BC",1000,"GC","The basket portion of the name refers to the fact that the axon of these [dentate] cells forms pericellular plexuses, like the covering of a chianti bottle, that form encompassing synapses with the cell bodies of granule cells. The dentate pyramidal basket cell along with other basket cells located just below the granule cell layer contribute to a very dense terminal plexus that is confined to the granule cell layer (Struble et al., 1978; Sik et al., 1997).","p11, right middle","Amaral DG, Scharfman HE, Lavenex P","The dentate gyrus: fundamental neuroanatomical organization (dentate gyrus for dummies).","Prog Brain Res",2007,17765709,0,NULL,NULL,NULL,NULL
1005031,1035,"DG BC",1000,"GC","Fig. 6. The pyramidal basket cell {DG DG (i)2232 (00S0) Basket}. The cell body of the pyramidal basket cell is located at the interface between the granule cell layer and the polymorphic cell layer [of the dentate gyrus]. The axon (arrow) emerges from the apical dendrite. Collaterals of this axon form a curtain of terminals that synapse with the granule cell bodies.","p12, Fig.6","Amaral DG, Scharfman HE, Lavenex P","The dentate gyrus: fundamental neuroanatomical organization (dentate gyrus for dummies).","Prog Brain Res",2007,17765709,0,NULL,NULL,NULL,NULL
1005033,1035,"DG BC",1000,"GC","Plate 1.6. The pyramidal basket cell. The cell body of the pyramidal basket cell is located at the interface between the [dentate gyrus] granule cell layer and the polymorphic cell layer. The axon (arrow) emerges from the apical dendrite. Collaterals of this axon form a curtain of terminals that synapse with the granule cell bodies. Additional abbreviations: pbc, pyramidal basket cell.","p790, top","Amaral DG, Scharfman HE, Lavenex P","The dentate gyrus: fundamental neuroanatomical organization (dentate gyrus for dummies).","Prog Brain Res",2007,17765709,0,NULL,NULL,NULL,NULL
1005035,1035,"DG BC",1000,"GC","Golgi-electron microscopic preparations revealed details about the basket cell {DG DG (i)2232 (00S0) Basket} axons, showing that they have an extensive arborization concentrated mostly in the granule cell layer [of the dentate gyrus], and to a lesser extent at the border with the molecular layer. The axon terminals of basket cells contain numerous mitochondria and a sparse number of pleomorphic synaptic vesicles. These terminals were shown to form symmetric synapses, most commonly with the somata and proximal apical dendrites of granule cells (Ribak and Seress, 1983).","p159, left top","Ribak CE, Shapiro LA","Ultrastructure and synaptic connectivity of cell types in the adult rat dentate gyrus.","Prog Brain Res",2007,17765717,0,NULL,NULL,NULL,NULL
1005037,1035,"DG BC",1035,"DG BC","Approximately 1% of the 11,000 synapses made by a single basket cell axon in the GC [granule cell] layer are onto other BCs [basket cells] (Sik et al., 1997) with 3-7 synapses per postsynaptic cell (Bartos et al., 2001). Consequently, each BC in the dentate gyrus contacts approximately 35 other BCs.","p644, right middle","Morgan RJ, Santhakumar V, Soltesz I","Modeling the dentate gyrus.","Prog Brain Res",2007,17765743,0,NULL,NULL,NULL,NULL
1005039,1035,"DG BC",1035,"DG BC","Figure 3. Camera lucida reconstruction of a synaptically connected BC[basket cell]-BC pair {DG DG (i)2232 (00S0) Basket} [in the dentate gyrus]. Soma and dendrites of the presynaptic BC are drawn in green. Axonal arborization of the presynaptic BC is drawn in red. Soma and dendrites of the postsynaptic BC are drawn in black. Axonal arborization of the postsynaptic BC is drawn in blue. Only the portions of the axons that could be unequivocally traced back to the soma are depicted. Synaptic contacts (confirmed by subsequent electron microscopy; see Fig. 4) are indicated by arrowheads. Additionally, the postsynaptic BC showed three autaptic contacts (confirmed by electron microscopy; data not shown). Note that the axonal arborization of both BCs was largely confined to the [dentate gyrus] granule cell layer, identifying them as BCs. ml, Molecular layer; gcl, granule cell layer.","p2692, Fig. 3","Bartos M, Vida I, Frotscher M, Geiger JR, Jonas P","Rapid signaling at inhibitory synapses in a dentate gyrus interneuron network.","J Neurosci",2001,11306622,0,NULL,NULL,NULL,NULL
1005041,1035,"DG BC",1000,"GC","FIG. 5. Targets of the HICAP [hilar commissural-associational pathway-associated]-like interneurons {DG DG (i)2232 (00S0) Basket} (UR.58). (A) Photomicrograph of the apical and basal dendrites (arrows) and axon collaterals in the inner molecular layer (arrowheads). (B) Spiny basal dendritic branch. Arrows indicate spines on the dendrite. The apical dendrites were spine-free. (C) A labelled bouton forms a putative contact on the soma of an interneuron (mow). (D) Correlated electron microscopy verified a symmetrical contact on the cell body (boxed area). In the inset, the bouton shown in C is synapsing on the soma (arrow). Other collaterals terminate on a dendrite of an unidentified neuron in the inner molecular layer (E), granule cell soma (F) and on a dendrite of an unidentified neuron in the hilus (G). b, bouton; d, dendrite; g, granule cell layer; gs, granule cell soma; h, hilus; is, interneuron soma; m, molecular layer; s, soma of interneuron.","p578, Fig. 5","Sik A, Penttonen M, Buzsaki G","Interneurons in the hippocampal dentate gyrus: an in vivo intracellular study.","Eur J Neurosci",1997,9104599,0,NULL,NULL,NULL,NULL
1005043,1035,"DG BC",1000,"GC","Electron microscopic examination of boutons (n = 14) revealed that axon collaterals [of basket cells {DG DG (i)2232 (00S0) Basket}] terminated on dendritic shafts of the inner molecular layer (Fig. 5E) and on the somata of granule cells (Fig. 5F), forming symmetrical synapses. Electron microscopy also revealed that the boutons of axon collaterals in the hilus also corresponded to synapses (four of five boutons examined).","p580, left middle","Sik A, Penttonen M, Buzsaki G","Interneurons in the hippocampal dentate gyrus: an in vivo intracellular study.","Eur J Neurosci",1997,9104599,0,NULL,NULL,NULL,NULL
1005045,1035,"DG BC",1000,"GC","DG [dentate gyrus] basket cell axonal arbors spread in and near the GL [granule cell layer] and synapse onto the somata and proximal dendrites of granule cells (Amaral, 1978; Buhl et al., 1994a; Halasy and Somogyi, 1993b; Han et al., 1993; Lorente de No, 1934; Ribak and Seress, 1983; Seress and Ribak, 1983; see discussion in Frotscher et al., 1992).","p264, left bottom","Patton PE,ÃMcNaughton BÃ","Connection matrix of the hippocampal formation: I. The dentate gyrus.Ã",NULL,1995,8589792,0,NULL,NULL,NULL,NULL
1005047,1035,"DG BC",1000,"GC","The axon projected to granule cells at the same septo-temporal level where the main axon trunk originated. Characteristically, most terminal branches criss-crossed throughout the entire extent of the granule cell layer without any particular orientation preference (Figs 7 and 9A, B). Although many fibres appeared to be apposed to adjoining cell bodies, they did not form distinct pericellular baskets. The resulting intricate network of thin, varicose fibres was far too dense to be represented in a composite drawing of the entire 400 [micro]m thick slice (Fig. 7). Only a small number of collaterals left the cell body layer and ramified in the innermost part of the molecular layer or the subjacent polymorphic layer (Fig. 7). The longitudinal extent of the axon was estimated to be 0.9 mm.","p399, left top","Han ZS, Buhl EH, Lorinczi Z, Somogyi P","A high degree of spatial selectivity in the axonal and dendritic domains of physiologically identified local-circuit neurons in the dentate gyrus of the rat hippocampus.","Eur J Neurosci",1993,8261117,0,NULL,NULL,NULL,NULL
1005049,1035,"DG BC",1000,"GC","Basket cell {DG DG (i)2232 (00S0) Basket} dendrites located in the hilus [of the dentate gyrus] were contacted by numerous terminals with characteristics of mossy fibres derived from granule cells. Some of these terminals were identified positively in preparations that also contained impregnated granule cells. The axons of basket cells formed exclusively symmetric synapses. The most common postsynaptic structures to these terminals were the somata and dendrites of granule cells. Dendritic spines were rarely contacted by basket cell axons while the axon hillocks and initial segments of granule cells were never contacted.","p577, abstract","Ribak CE, Seress L","Five types of basket cell in the hippocampal dentate gyrus: a combined Golgi and electron microscopic study.","J Neurocytol",1983,6619905,0,NULL,NULL,NULL,NULL
1005051,1035,"DG BC",1000,"GC","The most common postsynaptic structures are the somata (Fig. 21) and dendrites (Figs. 22-24) of granule cells [in the dentate gyrus]. Dendritic spines from these cells are contacted rarely by basket cell {DG DG (i)2232 (00S0) Basket} axons. More than one gold-labelled axon terminal from a single basket cell may form synapses with an individual cell soma.","p590, top","Ribak CE, Seress L","Five types of basket cell in the hippocampal dentate gyrus: a combined Golgi and electron microscopic study.","J Neurocytol",1983,6619905,0,NULL,NULL,NULL,NULL
1005053,1035,"DG BC",1000,"GC","Gold-labelled basket cell {DG DG (i)2232 (00S0) Basket} terminals synapse with the proximal dendrites of granule cells [in the dentate gyrus] both close to the soma (Fig. 22) and as far away as 50 [micro]m into the molecular layer. These axodendritic synapses may occur in the granule cell layer as well. When terminals of basket cells are apposed to granule cell dendritic spines, the terminal either synapses with the spine or ensheaths the spine and synapses with the dendritic shaft (Figs. 23, 24). Basket terminals were never found contacting the axon initial segments of granule cells even though numerous terminals that form symmetric synapses are present at this location.","p594, top","Ribak CE, Seress L","Five types of basket cell in the hippocampal dentate gyrus: a combined Golgi and electron microscopic study.","J Neurocytol",1983,6619905,0,NULL,NULL,NULL,NULL
1005055,1036,"DG BC-CCK",1000,"GC","Tables 2-4 provide a list of morphological, neurochemical, and physiological features of identified intemeurons. Those types at the bottom of the tables, indicated in boldface type, are known only from immunocytochemical studies; therefore, physiological and detailed anatomical data are not available for these types. AHP, spike afterhyperpolarization; AP, action potential; C/A, commissural-associational path; dd, distal dendrites; ec, entorhinal cortex; Ga1, GABA-A receptor alpha 1 subunit; g.is, granule cell axon initial segment; h., hilus; IH, hyperpolarization-activated current; i.dd, interneuron distal dendrite; i.pd, interneuron proximal dendrite; is, interneuron soma; IS-1, type l interneuron-selective cells (CR); IS-2, type 2 interneuron-selective cells (VIP); IS-3, type 3 interneuron-selective cells (VIP); lc, local collaterals of pyramidal cells; mr, median raphe; ms, medial septum; pd, proximal dendrite; pis, pyramidal cell axon initial segment; r., random (i,e., contacts both granule cells and interneurons in proportion of their occurrence); s., soma; s.g., stratum granulosum; s.m. (i), inner stratum moleculare; s.m. (o), outer stratum moleculare; s.l., stratum lucidum; s.l-m., stratum lacunosum-moleculare; s.o., stratum oriens; s.p., stratum pyramidale; s.r., stratum radiatum; VVA, Vicia villosa agglutinin. 2-Only in the dentate gyrus. 3-Only on axon terminals.","p418, Table 2","Freund TF, Buzsaki G","Interneurons of the hippocampus.","Hippocampus",1996,8915675,0,NULL,NULL,NULL,NULL
1006000,2000,"CA3 Pyr",2043,"CA3 Basket","FIGURE 6. A: Camera lucida reconstruction of the axonal trees of two presynaptic [CA3] pyramidal cells {CA3 CA3 (e)23223p (000S0) Pyramidal} (black and blue) and a postsynaptic [CA3] basket cell {CA3 CA3 (i)22232 (000S0) Basket} (red) simultaneously recorded and filled with biocytin in the CA3 region of the hippocampus. The axon of both pyramidal cells established a single contact on a mid-distal dendrite of the basket cell in stratum radiatum (arrows). ... Data from Gulyas et al. (1993b).","p360, Fig. 6","Freund TF, Buzsaki G","Interneurons of the hippocampus.","Hippocampus",1996,8915675,0,NULL,NULL,NULL,NULL
1006002,2000,"CA3 Pyr",2000,"CA3 Pyr","Pyramidal neurons {CA3 CA3 (e)23223p (000S0) Pyramidal} in the CA3a subfield (closest to CA1) arborize primarily in the stratum oriens of CA1, whereas neurons in CA3c (closer to the hilus [of the dentate gyrus]) collateralize more extensively in the stratum radiatum of CA1 (Ishizuka et al., 1990; Li et al., 1994). In one complete reconstruction, the highest density of boutons in CA1 clustered about 600 to 800 [micro]m from the CA3 neuron in both the septal and temporal directions (Sik et al., 1993). These axons contribute to the Schaffer collateral inputs to CA1 pyramidal neurons. Another group of axon collaterals is localized in the stratum oriens and stratum radiatum of CA3, comprising the extensive associational connection common between CA3 pyramidal neurons.","p156, right top","Spruston N, McBain C","Chapter 5: Structural and functional properties of hippocampal neurons","The Hippocampus Book",2007,"978-0-19-510027-3",133,NULL,NULL,NULL,NULL
1006004,2000,"CA3 Pyr",4000,"CA1 Pyr","Pyramidal neurons {CA3 CA3 (e)23223p (000S0) Pyramidal} in the CA3a subfield (closest to CA1) arborize primarily in the stratum oriens of CA1, whereas neurons in CA3c (closer to the hilus [of the dentate gyrus]) collateralize more extensively in the stratum radiatum of CA1 (Ishizuka et al., 1990; Li et al., 1994). In one complete reconstruction, the highest density of boutons in CA1 clustered about 600 to 800 [micro]m from the CA3 neuron in both the septal and temporal directions (Sik et al., 1993). These axons contribute to the Schaffer collateral inputs to CA1 pyramidal neurons. Another group of axon collaterals is localized in the stratum oriens and stratum radiatum of CA3, comprising the extensive associational connection common between CA3 pyramidal neurons.","p156, right top","Spruston N, McBain C","Chapter 5: Structural and functional properties of hippocampal neurons","The Hippocampus Book",2007,"978-0-19-510027-3",133,NULL,NULL,NULL,NULL
1006006,2000,"CA3 Pyr",4000,"CA1 Pyr","Although Schaffer collaterals are typically illustrated as extending only through the stratum radiatum, it should be emphasized that both the stratum radiatum and stratum oriens of CA1 are heavily innervated by CA3 axons. Thus, the Schaffer collaterals are as highly associated with the apical dendrites of CAI cells in the stratum radiatum as they are with the basal dendrites in the stratum oriens. Moreover, CA3 cells located at any particular septotemporal level distribute some of their collaterals to much of the full septotemporal extent of CA1.","p74, left bottom","Amaral D, Lavenex P","Hippocampal Neuroanatomy","The Hippocampus Book",2007,"978-0-19-510027-3",37,NULL,NULL,NULL,NULL
1006008,2000,"CA3 Pyr",4000,"CA1 Pyr","To summarize, the CA3 to CA1 projection is the major input to CA1 pyramidal cells. The projection terminates on the basal dendrites in the stratum oriens and the apical dendrites in the stratum radiatum [of CA1].","p75, right top","Amaral D, Lavenex P","Hippocampal Neuroanatomy","The Hippocampus Book",2007,"978-0-19-510027-3",37,NULL,NULL,NULL,NULL
1006012,2045,"CA3 Bistratified",2000,"CA3 Pyr","The axon of the bistratified cell sends collaterals into the stratum oriens and the deep portion of the stratum radiatum, where a dense terminal plexus is produced. These neurons generate an enormous axonal plexus, on the order of 80 mm in total length and generating up to 16,000 synaptic varicosities. The bistratified cells have axons that terminate on both the dendritic shafts and the dendritic spines of pyramidal cells {CA3 CA3 (e)23223p (000S0) Pyramidal}. Although the inputs to these cells have not been thoroughly investigated, their dendrites reside in the zone of associational connections in CA3 and the Schaffer collateral fibers in CA1.","p70, right top","Amaral D, Lavenex P","Hippocampal Neuroanatomy","The Hippocampus Book",2007,"978-0-19-510027-3",37,NULL,NULL,NULL,NULL
1006014,2045,"CA3 Bistratified",2000,"CA3 Pyr","Figure 2. Morphological Substrate of Dendritic Inhibition (B) Morphology showed that the inhibitory cell axon established contacts exclusively with distal dendrites of the pyramidal cell. The pyramidal cell is drawn in red and the inhibitory cell in black.","p816, Fig. 2","Miles R, Toth K, Gulyas AI, Hajos N, Freund TF","Differences between somatic and dendritic inhibition in the hippocampus.","Neuron",1996,8607999,0,NULL,NULL,NULL,NULL
1006020,2004,"CA3c Pyr",1000,"GC","All CA3c neurons in this study sent axon collaterals into the hilus proper (zone 4). In addition, the present report provides direct evidence for the existence of a feedback projection of CA3c neurons to granule cells. Although this projection in the dorsal hippocampus may not be very powerful, in the ventral hippocampus it must play a significant role in the physiological processing of incoming information. In the dorsal hippocampus only one out of seven CA3c/zone 3 cells had axons that penetrated through the granule cell layer and terminated in the inner third of the molecular layer. The neuron (R82) was located at the proximal end of the CA3c pyramidal layer and all other labeled neurons were distal to it. In the ventral hippocampus, 3 out of 3 CA3 pyramidal cells {CA3c CA3c (e)03223p (000S0) Pyramidal} had extensive projections to the inner molecular layer. One of them (R60) was near the border of CA3c/Ca3b and had a moderate amount of axon collaterals in the suprapyramidal molecular layer. The other two neurons (R32 pair) were located close to the proximal end of CA3c. These cells projected to both the suprapyramidal and infrapyramidal parts of the molecular layer. The density of axons in the inner molecular layer was very high and in fact denser than the axon collaterals of intracellularly labeled mossy cells in vivo (Soltesz and Deschenes, '92).","p204, right middle","Li XG, Somogyi P, Ylinen A, Buzsaki G","The hippocampal CA3 network: an in vivo intracellular labeling study.","J Comp Neurol",1994,8300905,0,NULL,NULL,NULL,NULL
1006022,2028,"CA3 AA",2000,"CA3 Pyr","FIG. 2. Two axo-axonic cells {CA3 CA3 (i)22232 (000S0) Axo-Axonic} in the CA3 area (AA[axo-axonic]2, AA3), reconstructed from four sections (80 [micro]m thick each). (A) The multipolar cell body of AA2 was located in stratum pyramidale. The dendrites ran in all directions in a horizontally elongated field, primarily in stratum oriens. Two primary dendrites penetrating stratum lucidum were cut. The axon arbor of the cell occupied the lower half of stratum pyramidale and the adjacent part of stratum oriens of the CA3a and b areas. (J3) The cell body of AA3 was located in stratum lucidum next to stratum pyramidale. The dendrites ran horizontally turning towards strata oriens and radiatum. The axon arbor was rather large, spread from CA3a to CA3c. and was slightly more superficially located than the arbor of AA2 but sparsely spread into stratum oriens. In CA3c the axon cloud became rather loose, similarly to the pyramidal cells. Here the characteristic rows of boutons are discernible. The inset on the left (on this and the subsequent figures) shows axons from a single 80 [micro]m thick section to illustrate the relative laminar position and bouton density. s.l., stratum lucidum; s.P., stratum pyramidale. Scale: 100 [micro]m","p1732, Fig. 2","Gulyas AI, Miles R, Hajos N, Freund TF","Precision and variability in postsynaptic target selection of inhibitory cells in the hippocampal CA3 region.","Eur J Neurosci",1993,8124523,0,NULL,NULL,NULL,NULL
1006024,2028,"CA3 AA",2000,"CA3 Pyr","The soma of the cell was located in stratum pyramidale [of CA3]. Two main dendrites of the cell, running towards stratum lucidum, were cut when preparing slices, thus only dendrites descending towards stratum oriens were reconstructed. These dendrites had a horizontal spread of 450 [micro]m and reached the alveus. The main axon branches of the cell ran in stratum oriens and ascended towards stratum pyramidale, giving rise to a dense terminal arbor of 800 [micro]m diameter. The terminal axon branches formed large boutons which occupied the lower half of the stratum pyramidale and the upper fourth of stratum oriens.","p1733, right top","Gulyas AI, Miles R, Hajos N, Freund TF","Precision and variability in postsynaptic target selection of inhibitory cells in the hippocampal CA3 region.","Eur J Neurosci",1993,8124523,0,NULL,NULL,NULL,NULL
1006026,2028,"CA3 AA",2000,"CA3 Pyr","The cell body [of a CA3 axo-axonic cell {CA3 CA3 (i)22232 (000S0) Axo-Axonic} was located on the border of strata lucidum and pyramidale. The dendrites were radially oriented and projected into stratum oriens and stratum radiatum. The axonal arborization of this cell had the largest diameter (1700 [micro]m) among the non-pyramidal cells described in this study. In the CA3a and b regions the axon terminal cloud occupied stratum pyramidale and the adjacent stratum oriens. The axonal arbor spread into CA3c as well, where it became less dense, arborizing in the vicinity of loosely packed pyramidal cell bodies in stratum pyramidale.","p1733, right middle","Gulyas AI, Miles R, Hajos N, Freund TF","Precision and variability in postsynaptic target selection of inhibitory cells in the hippocampal CA3 region.","Eur J Neurosci",1993,8124523,0,NULL,NULL,NULL,NULL
1006028,2028,"CA3 AA",2004,"CA3c Pyr","The cell body [of a CA3 axo-axonic cell {CA3 CA3 (i)22232 (000S0) Axo-Axonic} was located on the border of strata lucidum and pyramidale. The dendrites were radially oriented and projected into stratum oriens and stratum radiatum. The axonal arborization of this cell had the largest diameter (1700 [micro]m) among the non-pyramidal cells described in this study. In the CA3a and b regions the axon terminal cloud occupied stratum pyramidale and the adjacent stratum oriens. The axonal arbor spread into CA3c as well, where it became less dense, arborizing in the vicinity of loosely packed pyramidal cell bodies in stratum pyramidale.","p1733, right middle","Gulyas AI, Miles R, Hajos N, Freund TF","Precision and variability in postsynaptic target selection of inhibitory cells in the hippocampal CA3 region.","Eur J Neurosci",1993,8124523,0,NULL,NULL,NULL,NULL
1006030,2042,"CA3 IS-Quad D",1002,"!!! NO !!! Mossy","The major finding of the present study is that a specialized VIP[vasoactive intestinal polypeptide]-containing interneuron population {CA3 CA3 (i)03333p (0SSSS) Interneuron Specific Quad} innervates the [dentate gyrus] hilar region, where it forms synapses predominantly with non-principal cells visualized by SPR[substance P receptor]-immunostaining (Fig. 11). In a recent study SPR was found to be present in all PV[parvalbumin]- and CCK[cholecystokinin]-positive cells of the strata granulosum and moleculare, and in a large number of GABA[gamma aminobutyric acid]-ergic neurons of the hilus (in the somatostatin-, CR[calretinin]- and CCK- containing subpopulations), while mossy cells were not labelled by SPR (Acsady et al., 1995b). The dendrites of spiny SPR-positive cells, and some aspiny neurons as well, give rise to a profuse dendritic arbour in the hilus (Nakaya et al., 1994; Acsady et al.,1995b) which perfectly overlaps with the VIP-positive hilar axonal plexus. VIP-SPR double-immunostaining showed that the main targets of hilar VIP-positive boutons are indeed the SPR-positive spiny and aspiny cells. VIP-immunoreactive cells frequently form multiple contacts on cell bodies and dendrites of these neurons.","p1429, left top","Hajos N, Acsady L, Freund TF","Target selectivity and neurochemical characteristics of VIP-immunoreactive interneurons in the rat dentate gyrus.","Eur J Neurosci",1996,8758949,0,NULL,NULL,NULL,NULL
1006032,2001,"CA3 Granule",2046,"CA3 Ivy","Figure 4. Monosynaptic output from CA3 GCs [granule cells] onto CA3 GABA[gamma-aminobutyric acid]ergic cells... C, Dendritic structure, axonal arborization, and immunocytochemical characterization of a CCK[cholecystokinin]-positive RSBC [regular-spiking basket cell] (B) and of an IvyC [ivy cell] {CA3 CA3 (i)03333 (00S00) Ivy} (C) in the CA3 area and the monosynaptic EPSCs [excitatory postsynaptic currents] evoked by pairs of action potentials in presynaptic CA3 GCs [granule cells] (gray traces).","p8301, Fig. 4","Szabadics J, Varga C, Brunner J, Chen K, Soltesz I","Granule cells in the CA3 area.","J Neurosci",2010,20554881,0,NULL,NULL,NULL,NULL
1006034,2046,"CA3 Ivy",2001,"CA3 Granule","Figure 7. Synaptic inputs from local CA3 GABAergic [gamma-aminobutyric acid] cells to CA3 GCs [granule cells]. A, Dendritic structure, representative axonal arborization, and immunocytochemical characterization of a presynaptic IvyC [ivy cell] {CA3 CA3 (i)03333 (00S00) Ivy}. Note the NPY-positive [neuropeptide Y], SOM[somatostatin]-negative nature of the cell; note also the characteristically dense axonal arbor (s.ori., stratum oriens) ... C, Dendritic structure, representative axonal arborization, and immunocytochemical characterization of a presynaptic MFA [mossy-fiber-associated neuron] {CA3 CA3 (i)03330p (0SS00) Mossy Fiber-Associated}. Note the axons in the stratum lucidum and in the dentate hilus (closely overlapping with the termination zones of MFs [mossy fibers], hence the name of this GABA [gamma-Aminobutyric acid]ergic CA3 cell type; s.gran., stratum granulosum of the DG [dentate gyrus]). Note also the immunopositivity to CCK [cholecystokinin] and the immunonegativity for SOM [somatostatin] (both features are characteristics of MFAs).","p8304, Fig. 7","Szabadics J, Varga C, Brunner J, Chen K, Soltesz I","Granule cells in the CA3 area.","J Neurosci",2010,20554881,0,NULL,NULL,NULL,NULL
1006036,2036,"CA3 MFA",2001,"CA3 Granule","Figure 7. Synaptic inputs from local CA3 GABAergic [gamma-aminobutyric acid] cells to CA3 GCs [granule cells]. A, Dendritic structure, representative axonal arborization, and immunocytochemical characterization of a presynaptic IvyC [ivy cell] {CA3 CA3 (i)03333 (00S00) Ivy}. Note the NPY-positive [neuropeptide Y], SOM[somatostatin]-negative nature of the cell; note also the characteristically dense axonal arbor (s.ori., stratum oriens) ... C, Dendritic structure, representative axonal arborization, and immunocytochemical characterization of a presynaptic MFA [mossy-fiber-associated neuron] {CA3 CA3 (i)03330p (0SS00) Mossy Fiber-Associated}. Note the axons in the stratum lucidum and in the dentate hilus (closely overlapping with the termination zones of MFs [mossy fibers], hence the name of this GABA [gamma-Aminobutyric acid]ergic CA3 cell type; s.gran., stratum granulosum of the DG [dentate gyrus]). Note also the immunopositivity to CCK [cholecystokinin] and the immunonegativity for SOM [somatostatin] (both features are characteristics of MFAs).","p8304, Fig. 7","Szabadics J, Varga C, Brunner J, Chen K, Soltesz I","Granule cells in the CA3 area.","J Neurosci",2010,20554881,0,NULL,NULL,NULL,NULL
1006984,4079,"CA1 Basket CCK+ (-)2232",4000,"CA1 Pyr","Fig. 6. Characterisation of a fast-spiking (AÃE) and a regular-spiking CCK-IR basket cell in CA1. A: Demonstration of CCK-IR by FITC Ãuorescence. B: DAB staining of the interneurone. C: The light microscopic reconstruction (black: soma/dendrite; grey: axonal arbour) reveals a wide-arbour basket cell with an axonal arbour mainly in the SP (in total, 2,027 boutons: SO 38.4%, SP 48.3%, SR 13.3%). D: The voltage responses to suprathreshold current pulses reveal the interrupted fast-spiking nature of this cell. E: The basket cell received an excitatory input from an adjacent pyramidal cell. The single axon-EPSP is an average of 50 single sweeps. F: Light microscopic reconstruction of the regular-spiking basket cell (black: soma/dendrite; grey: axonal arbour; 1,009 boutons: SO 20.4%, SP 77.4%, SR 2.2%). Three 60-[micro]m-thick sections only were reconstructed. G: Regular-spiking or accommodating discharge pattern of this basket cell. H: Action potentials discharged by this basket cell generated IPSPs (111 sweeps averaged) in an adjacent pyramidal cell. Scale bars = 50 [micro]m in B (also applies to A), 100 [micro]m in C,F.","p356, Fig. 6","Pawelzik H, Hughes DI, Thomson AM","Physiological and morphological diversity of immunocytochemically defined parvalbumin- and cholecystokinin-positive interneurones in CA1 of the adult rat hippocampus.","J Comp Neurol",2002,11807843,0,NULL,NULL,NULL,NULL
1006984,4000,"CA1 Pyr",4079,"CA1 Basket CCK+ (-)2232","Fig. 6. Characterisation of a fast-spiking (AÃE) and a regular-spiking CCK-IR basket cell in CA1. A: Demonstration of CCK-IR by FITC Ãuorescence. B: DAB staining of the interneurone. C: The light microscopic reconstruction (black: soma/dendrite; grey: axonal arbour) reveals a wide-arbour basket cell with an axonal arbour mainly in the SP (in total, 2,027 boutons: SO 38.4%, SP 48.3%, SR 13.3%). D: The voltage responses to suprathreshold current pulses reveal the interrupted fast-spiking nature of this cell. E: The basket cell received an excitatory input from an adjacent pyramidal cell. The single axon-EPSP is an average of 50 single sweeps. F: Light microscopic reconstruction of the regular-spiking basket cell (black: soma/dendrite; grey: axonal arbour; 1,009 boutons: SO 20.4%, SP 77.4%, SR 2.2%). Three 60-[micro]m-thick sections only were reconstructed. G: Regular-spiking or accommodating discharge pattern of this basket cell. H: Action potentials discharged by this basket cell generated IPSPs (111 sweeps averaged) in an adjacent pyramidal cell. Scale bars = 50 [micro]m in B (also applies to A), 100 [micro]m in C,F.","p356, Fig. 6","Pawelzik H, Hughes DI, Thomson AM","Physiological and morphological diversity of immunocytochemically defined parvalbumin- and cholecystokinin-positive interneurones in CA1 of the adult rat hippocampus.","J Comp Neurol",2002,11807843,0,NULL,NULL,NULL,NULL
1006986,4036,"CA1 AA",4000,"CA1 Pyr","Fig. 4. Features of a PV-IR fast-spiking putative axo-axonic cell. A: Light microscopic reconstruction of the axo-axonic cell (black: soma/dendrites; grey: axonal arbour). B: The axo-axonic cell showed an interrupted fast-spiking discharge pattern. C: An adjacent presynaptic pyramidal cell generated EPSPs (128 sweeps averaged) in the axo-axonic cell. Scale bar in A = 100 [micro]m.","p353, Fig. 4","Pawelzik H, Hughes DI, Thomson AM","Physiological and morphological diversity of immunocytochemically defined parvalbumin- and cholecystokinin-positive interneurones in CA1 of the adult rat hippocampus.","J Comp Neurol",2002,11807843,0,NULL,NULL,NULL,NULL
1006988,4080,"CA1 Bistratified",4000,"CA1 Pyr","Of the nine bistratiÃed cells tested, one of four regular-spiking and all Ãve fast-spiking cells were PV-IR. The two IPSPs elicited in pyramidal cells by fast-spiking PV-IR bistratiÃed interneurones (six pairs tested) had amplitudes of -0.4 and -0.7 mV, 10Ã90% rise times of 8.8 and 6 ms, and widths at half amplitude of 58.8 and 50.4 ms at postsynaptic membrane potentials of -58 and -59 mV, respectively.","p353, left middle","Pawelzik H, Hughes DI, Thomson AM","Physiological and morphological diversity of immunocytochemically defined parvalbumin- and cholecystokinin-positive interneurones in CA1 of the adult rat hippocampus.","J Comp Neurol",2002,11807843,0,NULL,NULL,NULL,NULL
1006990,4000,"CA1 Pyr",4080,"CA1 Bistratified","EPSPs elicited by presynaptic pyramidal cells in PV-IR bistratiÃed interneurones (two EPSPs recorded in four pairs tested) had amplitudes of 0.66 and 1.25 mV, 10Ã90% rise times of 1 and 1.4 ms, and widths at half amplitude of 8.8 and 12 ms at membrane potentials of -65 and -67 mV, respectively.","p353, left middle","Pawelzik H, Hughes DI, Thomson AM","Physiological and morphological diversity of immunocytochemically defined parvalbumin- and cholecystokinin-positive interneurones in CA1 of the adult rat hippocampus.","J Comp Neurol",2002,11807843,0,NULL,NULL,NULL,NULL
1006992,4078,"CA1 Basket PV",4000,"CA1 Pyr","IPSPs were generated by PV-IR basket cells in postsynaptic pyramidal cells (in 49 of 167 pairs tested) and had amplitudes of -0.83 Â± 0.37 mV (mean Â± SD, n = 20), 10Ã90% rise times of 5.13 Â± 2.06 ms, and durations at half amplitude of 38.32 Â± 12.01 ms (at postsynaptic membrane potentials of -58.4 Â± 3.0 mV), properties typical of GABA A receptor-mediated events.","p349, right bottom","Pawelzik H, Hughes DI, Thomson AM","Physiological and morphological diversity of immunocytochemically defined parvalbumin- and cholecystokinin-positive interneurones in CA1 of the adult rat hippocampus.","J Comp Neurol",2002,11807843,0,NULL,NULL,NULL,NULL
1006994,4000,"CA1 Pyr",4078,"CA1 Basket PV","EPSPs generated by presynaptic pyramidal cells in PV-IR basket cells (in 16 of 124 pairs tested) had amplitudes of 3.51 Â± 2.90 mV (n = 5), 10Ã90% rise times of 1.0 Â± 0.33 ms, and widths at half amplitude of 5.74 Â± 1.78 ms at membrane potentials of -67 Â± 4.81 mV.","p349, right bottom","Pawelzik H, Hughes DI, Thomson AM","Physiological and morphological diversity of immunocytochemically defined parvalbumin- and cholecystokinin-positive interneurones in CA1 of the adult rat hippocampus.","J Comp Neurol",2002,11807843,0,NULL,NULL,NULL,NULL
1006996,4078,"CA1 Basket PV",4000,"CA1 Pyr","Fig. 3. Features of a wide-arbour (AÃD) and a narrow-arbour (EÃG) PV-IR basket cell in CA1. A: The PV-IR in the wide-arbour basket cell as demonstrated by FITC immunoÃuorescence. B: The recorded and biocytin-Ãlled interneurone is revealed by DAB processing. C: Light microscopic reconstruction (black: soma and dendrites; grey: axonal arbour) of the recorded wide-arbour basket cell. D: Action potentials in the fast-spiking basket cell (upper trace) generated fast IPSPs in an adjacent postsynaptic pyramidal cell recorded in parallel (75 single sweeps averaged in lower trace). E: Light microscopic reconstruction (black: soma/dendrites; grey: axonal arbour) of a narrow-arbour basket cell. F: Upon suprathreshold current injection, the cell discharged bursts of action potentials. G: Action potentials in the burst-Ãring basket cell (upper trace) generated fast IPSPs in an adjacent postsynaptic pyramidal cell recorded in parallel (135 sweeps averaged in the lower trace). Scale bars = 50 [micro]m in A,B, 100 [micro]m in C and E.","p352, Fig. 3","Pawelzik H, Hughes DI, Thomson AM","Physiological and morphological diversity of immunocytochemically defined parvalbumin- and cholecystokinin-positive interneurones in CA1 of the adult rat hippocampus.","J Comp Neurol",2002,11807843,0,NULL,NULL,NULL,NULL
1006998,4003,"CA1 Quad",4000,"CA1 Pyr","Fig. 12. Features of a regular-spiking CCK-IR quadrilaminar cell (AÃD) and a burst-Ãring CCK-IR perforant path-associated cell (E and F), both with their somata at the SR/SLM border. A: Light microscopic reconstruction of the quadrilaminar cell (black: soma/dendrite; grey: axonal arbour; 3,221 boutons: alveus 0.3%, SO 9.6%, SP 3.6%, SR 66.4%, SLM 20.1%). B: Regular or accommodating Ãring elicited by current injection. C: Action potentials in this presynaptic interneurone elicited IPSPs (99 sweeps averaged) in a postsynaptic pyramidal cell.","p364, Fig. 12","Pawelzik H, Hughes DI, Thomson AM","Physiological and morphological diversity of immunocytochemically defined parvalbumin- and cholecystokinin-positive interneurones in CA1 of the adult rat hippocampus.","J Comp Neurol",2002,11807843,0,NULL,NULL,NULL,NULL
1007000,4028,"CA1 Radiatum",4000,"CA1 Pyr","Fig. 10. Properties of a [CA1] CCK-IR [cholecystokinin immunoreactive] Schaffer-associated cell {CA1 CA1 Radiatum}. A: Light microscopic reconstruction of the interneurone (black: soma/dendrite; grey: axonal arbour; 4,137 boutons: SP [stratum pyramidale] 0.2%, SR [stratum radiatum] 97.4%, SLM [stratum lacunosum moleculare] 2.4%) and on the right a postsynaptic pyramidal cell {CA1 CA1 Pyramidal} (soma/dendrites in black). The two close appositions between presynaptic axon and postsynaptic dendrites {CA1 CA1 Pyramidal} (of the [CA1] pyramidal cell) are indicated by black dots.","p361, Fig. 10","Pawelzik H, Hughes DI, Thomson AM","Physiological and morphological diversity of immunocytochemically defined parvalbumin- and cholecystokinin-positive interneurones in CA1 of the adult rat hippocampus.","J Comp Neurol",2002,11807843,0,NULL,NULL,NULL,NULL
1007001,4028,"CA1 Radiatum",4028,"CA1 Radiatum","Fig. 11. Properties of a pair of synaptically coupled CCK-IR [cholecystokinin immunoreactive] Schaffer-associated cells {CA1 CA1 Radiatum} [in CA1]. A: FITC [fluorescein isothiocyanate] immunofluorescence for CCK [cholecystokinin] in the presynaptic cell. B: DAB [diaminobenzidine] staining of the presynaptic cell. C: FITC immunofluorescence for CCK in the postsynaptic cell. D: DAB staining of the postsynaptic cell. E: Light microscopic reconstruction of presynaptic (dark grey: soma/dendrites; light grey: axonal arbour) and postsynaptic (soma/dendrites only: black) cells. The two close appositions between presynaptic axon and postsynaptic dendrites are indicated by black dots.","p363, Fig. 11","Pawelzik H, Hughes DI, Thomson AM","Physiological and morphological diversity of immunocytochemically defined parvalbumin- and cholecystokinin-positive interneurones in CA1 of the adult rat hippocampus.","J Comp Neurol",2002,11807843,0,NULL,NULL,NULL,NULL
1007002,4080,"CA1 Bistratified",4000,"CA1 Pyr","Although the axons of PV-IR [parvalbumin-immunoreactive] basket cells {CA1 CA1 Bistratified} were located primarily in the SP [stratum pyramidale], collaterals arising from a subpopulation of these cells (wide-arbour basket cells) also arborised in the adjacent regions of the SR [stratum radiatum] and SO [stratum oriens], where close appositions with pyramidal cell {CA1 CA1 Pyramidal} dendrites were made (Fig. 3C).","p349, right middle","Pawelzik H, Hughes DI, Thomson AM","Physiological and morphological diversity of immunocytochemically defined parvalbumin- and cholecystokinin-positive interneurones in CA1 of the adult rat hippocampus.","J Comp Neurol",2002,11807843,0,NULL,NULL,NULL,NULL
1007003,4000,"CA1 Pyr",4033,"CA1 SO-SO","This regular-spiking (Fig. 8E) SO-SO cell formed a reciprocal connection with a pyramidal cell (Fig. 8F,G).","p358, right middle","Pawelzik H, Hughes DI, Thomson AM","Physiological and morphological diversity of immunocytochemically defined parvalbumin- and cholecystokinin-positive interneurones in CA1 of the adult rat hippocampus.","J Comp Neurol",2002,11807843,0,NULL,NULL,NULL,NULL
1007004,4000,"CA1 Pyr",4036,"CA1 AA","The dendritic arborization matched well the dendritic arbors of pyramidal cells [located in the CA1], both in lateral extent and in laminar distribution. However, in contrast to the densely spinous dendrites of the pyramidal cell, the dendrites of the chandelier cell exhibited only a few dendritic spines (Fig. 2C) and some dendrites were completely spine free. Numerous small dendritic branches, many of them reaching the ventricular surface of the hippocampus, were found among the axons of the alveus. The major apical dendrite terminated in a dense tuft in the stratum lacunosum-moleculare (Figs. 1 A, 2D) similar to that of pyramidal cells, but more restricted in lateral extent. The other dendrite descending in the stratum radiatum also reached the stratum lacunosum-moleculare with its thin terminal branches. However, as the dendrite coursed temporally, it falsely appears to terminate in the stratum radiatum (Fig. 1 A) due to the curvature of the laminar boundaries in three dimensions which could not be represented in a two dimensional reconstruction. The dendritic arborization is located medial and asymmetric to the axonal field and covers an area of about 200 by 300 [micro]m as viewed in the tangential plane (Fig. 1C). The dendritic branches in the alveus and stratum oriens are in the same position as the local axon collaterals of the pyramidal cells. This could easily be established, since in addition to the chandelier cell, a well-filled pyramidal cell was also present whose axon collaterals mixed with the chandelier cell {CA1 CA1 Axo-Axonic} dendrites. At four positions the pyramidal cell axon was in direct contact with the chandelier cell dendritic branches suggesting synaptic input.","p520, right top","Li XG, Somogyi P, Tepper JM, Buzsaki G","Axonal and dendritic arborization of an intracellularly labeled chandelier cell in the CA1 region of rat hippocampus.","Exp Brain Res",1992,1385200,0,NULL,NULL,NULL,NULL
1007006,4036,"CA1 AA",4000,"CA1 Pyr","The target selectivity of axo-axonic cells {CA1 CA1 Axo-Axonic} is one of the best-defined organizational patterns among interneurons. This cell type is known to innervate almost exclusively axon initial segments of pyramidal cells (Somogyi, 1977; Somogyi et al., 1983). In the CA1 subfield of the hippocampus, their somata were described as located in stratum pyramidale; they typically have a radial dendritic tree spanning all layers with a prominent tuft in stratum lacunosum-moleculare (Somogyi et al., 1985; Buhl et al., 1994; Freund and Buzsaki, 1996; Pawelzik et al., 2002).","p232, right middle","Ganter P, Szucs P, Paulsen O, Somogyi P","Properties of horizontal axo-axonic cells in stratum oriens of the hippocampal CA1 area of rats in vitro.","Hippocampus",2004,15098728,0,NULL,NULL,NULL,NULL
1007007,4080,"CA1 Bistratified",4000,"CA1 Pyr","In contrast, a cell that we term the bistratified cell {CA1 CA1 Bistratified} (n = 11, CA1) had relatively few terminals in the pyramidal cell layer of the hippocampus and extensively ramified in stratum radiatum and oriens (Fig. 25), some axonal arbors covering the whole depth of stratum oriens and radiatum. Electron microscopic analysis of the efferent connections showed that of those synapses established on pyramidal cells, only 2% were on the soma and 98% on their dendrites (Table 1)","p824, left top","Buhl EH, Halasy K, Somogyi P","Diverse sources of hippocampal unitary inhibitory postsynaptic potentials and the number of synaptic release sites.","Nature",1994,8159242,0,NULL,NULL,NULL,NULL
1007008,4078,"CA1 BC",4000,"CA1 Pyr","FIG. 1 Postsynaptic effect of basket cells {CA1 CA1 Basket} and location of synaptic release sites on a pyramidal cell in the CA1 area. In Figs 1-3, the soma, dendrites and intracellularly recorded membrane potential of presynaptic inhibitory cells is shown in red, their axon in yellow, and the synaptically coupled postsynaptic principal cell and its membrane potential in blue.","p825, Fig. 1","Buhl EH, Halasy K, Somogyi P","Diverse sources of hippocampal unitary inhibitory postsynaptic potentials and the number of synaptic release sites.","Nature",1994,8159242,0,NULL,NULL,NULL,NULL
1007009,4080,"CA1 Bistratified",4000,"CA1 Pyr","FIG. 2 Postsynaptic effect of a bistratified cell {CA1 CA1 Bistratified} and location of contact sites on a pyramidal cell in the CA1 area. ... B, Same bistratified/pyramidal pair as in A; note the relatively sparse inhibitory axon (yellow) in stratum pyramidale (Str. pyr.) and its increased density in the adjacent strata radiatum (Str. rad.) and oriens (Str. or.), where Schaffer collateral afferents from the CA3 area terminate. Dendrites of this cell type do not significantly enter into the stratum lacunosum moleculare (Str. lac. mol.) where the perforant path terminates.","p826, Fig. 2","Buhl EH, Halasy K, Somogyi P","Diverse sources of hippocampal unitary inhibitory postsynaptic potentials and the number of synaptic release sites.","Nature",1994,8159242,0,NULL,NULL,NULL,NULL
1007010,4012,"CA1 NGF 3000",4000,"CA1 Pyr","Figure 1. Postsynaptic GABA[gamma amino butyric acid](A) and GABA(B) receptors mediated uIPSCs [unitary inhibitory postsynaptic currents] in NGFC[neurogliaform cells {CA1 CA1 Neurogliaform}]-CA1 pyramidal cell pair recordings. A, Light microscopic reconstruction of a biocytin-labeled NGFC of SLM [stratum lacunosum moleculare] (soma and dendrites in red, axon in green) and a postsynaptic CA1 pyramidal cell (soma, dendrites, and truncated axon in black). Note that the axonal arbor of the NGFC remains segregated within the SLM, where it overlaps with the distal dendritic arborization of the CA1 pyramidal cell. PYR, Pyramidal cell layer.","p6975, Fig. 1","Price CJ, Scott R, Rusakov DA, Capogna M","GABA(B) receptor modulation of feedforward inhibition through hippocampal neurogliaform cells.","J Neurosci",2008,18596171,0,NULL,NULL,NULL,NULL
1007112,4012,"CA1 NG 3000",4000,"CA1 Pyr","We recorded from synaptically connected pairs of neurons identified post hoc as NGFCs [neurogliaform cells] {CA1 CA1 Neurogliaform} (presynaptic) and CA1 pyramidal cells (postsynaptic) (Fig. 1A). NGFCs were characterized by a round cell body, short and aspiny dendrites that emerged in a stellate manner and remained close to the soma, and an axon that branched profusely close to the soma, producing a dense arbor that is a hallmark of this cell type. The axon of NGFCs targeted only the distal portion of the apical dendrites of CA1 pyramidal cells (Fig. 1A).","p6976, right bottom","Price CJ, Scott R, Rusakov DA, Capogna M","GABA(B) receptor modulation of feedforward inhibition through hippocampal neurogliaform cells.","J Neurosci",2008,18596171,0,NULL,NULL,NULL,NULL
1007114,4069,"CA1 O-LM 1002",4000,"CA1 Pyr","Figure 2. Reconstruction of a [CA1] somatostatin-immunopositive O-LM [oriens-lacunosum-moleculare] {CA1 CA1 O-LM} to pyramidal cell pair A, extensive overlap between the distal dendrites of the pyramidal cell (green) and the interneurone axon (black) at P15. The soma and dendrites of the interneurone are shown in red.","p97, Fig. 2","Maccaferri G, Roberts JD, Szucs P, Cottingham CA, Somogyi P","Cell surface domain specific postsynaptic currents evoked by identified GABAergic neurones in rat hippocampus in vitro.","J Physiol",2000,10747186,0,NULL,NULL,NULL,NULL
1007116,4069,"CA1 O-LM 1002",4000,"CA1 Pyr","Seventeen neurons [in CA1] (23%) exhibited axons that arborized extensively within stratum lacunosum-moleculare (Fig. 1B, see Figs. 4, 5). This region is known to contain the apical dendrites of CA1 pyramidal neurons that receive excitatory input from afferents arising in the entorhinal cortex and thalamus (Gulyas et al., 1993a; Desmond et al., 1994; Sik et al., 1995; Yanovsky et al., 1997). Typically, these neurons possessed a single axon that crossed stratum pyramidale, although some neurons had minor axon collaterals that terminated either in stratum radiatum and/or stratum oriens (see Fig. 4B). The dendrites of these cells were oriented parallel to stratum oriens and confined exclusively to this layer. These morphological characteristics are similar to those described for the stratum oriens, lacunosum-moleculare interneurons known as OLM [oriens lacunosum-moleculare] or horizontal cells {CA1 CA1 Recurrent O-LM} {CA1 CA1 O-LM} that are known to form synapses on the distal apical dendrites of CA1 pyramidal neurons (Lacaille et al., 1987; McBain et al., 1994; Sik et al., 1995; Ali and Thomson, 1998) (for review, see Freund and Buzsaki, 1996).","p86, right middle","Svoboda KR, Adams CE, Lupica CR","Opioid receptor subtype expression defines morphologically distinct classes of hippocampal interneurons.","J Neurosci",1999,9870941,0,NULL,NULL,NULL,NULL
1007118,4069,"CA1 O-LM 1002",4000,"CA1 Pyr","Figure 3. Morphology and single sweep EPSPs [excitatory postsynaptic potentials] of a [CA1] horizontal O-A [oriens-alveus] interneurone {CA1 CA1 O-LM} A and B, full reconstruction of a horizontal O-A interneurone drawn from three 60 [micro]m transverse sections. The cell body was located in the O-A border, with horizontally oriented sparsely spiny dendrites confined to the oriens and the alveus (Alv). The axon projected from the cell body to s. lacunosum-moleculare, where it ramified extensively. SO, s. oriens; SP, s. pyramidale; SR, s. radiatum; SLM, s. lacunosum-moleculare. For simplicity the interneurone axon from only one of three 60 [micro]m sections containing the axon is drawn in A, the remaining axon is drawn in B where the dotted line illustrates the relative position of the main axon. The current-voltage relation for this cell is shown in Fig. 2A. Three single sweeps (raw data) of the EPSPs elicited in this cell by a simultaneously recorded pyramid are shown in C. The single sweeps illustrate the variation in the size of the EPSPs from sweep to sweep and an apparent failure of transmission after the first presynaptic spike (third trace, *). The composite averaged EPSP (60-120 sweeps) and the SDTC (standard deviation time course) are shown in D.","p189, Fig. 3","Ali AB, Thomson AM","Facilitating pyramid to horizontal oriens-alveus interneurone inputs: dual intracellular recordings in slices of rat hippocampus.","J Physiol",1998,9490837,0,NULL,NULL,NULL,NULL
1007120,4020,"CA1 IS O-Target QuadD (-)2223",4069,"CA1 O-LM","O-LM [oriens-lacunosum-moleculare] cells {CA1 CA1 O-LM} and other interneurons [in CA1] with a horizontal dendritic tree in the str. oriens may receive GABA[gamma amino butyric acid]ergic innervation from neurons with axonal projections in a plane different from the plane of a coronal slice. Electrical stimulation experiments in the str. oriens support the possibility of such oriented projections (Lacaille and Schwartzkroin, 1988a). For example, interneuron-specific inhibitory cells immunoreactive for vasoactive intestinal polypeptide (VIP) and for the calcium-binding protein calretinin (CR) form a dense axonal plexus at the str. oriens and alveus border and may project mainly along the longitudinal axis of the hippocampus (Acsady et al., 1996a) (L. Acsady, personal communication) to innervate horizontal interneurons including O-LM cells in this layer (Acsady et al., 1996b).","p8249, right bottom","Hajos N, Mody I","Synaptic communication among hippocampal interneurons: properties of spontaneous IPSCs in morphologically identified cells.","J Neurosci",1997,9334415,0,NULL,NULL,NULL,NULL
1007120,4022,"CA1 IS LMO-O (-)2003",4069,"CA1 O-LM","O-LM [oriens-lacunosum-moleculare] cells {CA1 CA1 O-LM} and other interneurons [in CA1] with a horizontal dendritic tree in the str. oriens may receive GABA[gamma amino butyric acid]ergic innervation from neurons with axonal projections in a plane different from the plane of a coronal slice. Electrical stimulation experiments in the str. oriens support the possibility of such oriented projections (Lacaille and Schwartzkroin, 1988a). For example, interneuron-specific inhibitory cells immunoreactive for vasoactive intestinal polypeptide (VIP) and for the calcium-binding protein calretinin (CR) form a dense axonal plexus at the str. oriens and alveus border and may project mainly along the longitudinal axis of the hippocampus (Acsady et al., 1996a) (L. Acsady, personal communication) to innervate horizontal interneurons including O-LM cells in this layer (Acsady et al., 1996b).","p8249, right bottom","Hajos N, Mody I","Synaptic communication among hippocampal interneurons: properties of spontaneous IPSCs in morphologically identified cells.","J Neurosci",1997,9334415,0,NULL,NULL,NULL,NULL
1007120,4091,"CA1 Interneuron Specific R-O (-)0221",4069,"CA1 O-LM","O-LM [oriens-lacunosum-moleculare] cells {CA1 CA1 O-LM} and other interneurons [in CA1] with a horizontal dendritic tree in the str. oriens may receive GABA[gamma amino butyric acid]ergic innervation from neurons with axonal projections in a plane different from the plane of a coronal slice. Electrical stimulation experiments in the str. oriens support the possibility of such oriented projections (Lacaille and Schwartzkroin, 1988a). For example, interneuron-specific inhibitory cells immunoreactive for vasoactive intestinal polypeptide (VIP) and for the calcium-binding protein calretinin (CR) form a dense axonal plexus at the str. oriens and alveus border and may project mainly along the longitudinal axis of the hippocampus (Acsady et al., 1996a) (L. Acsady, personal communication) to innervate horizontal interneurons including O-LM cells in this layer (Acsady et al., 1996b).","p8249, right bottom","Hajos N, Mody I","Synaptic communication among hippocampal interneurons: properties of spontaneous IPSCs in morphologically identified cells.","J Neurosci",1997,9334415,0,NULL,NULL,NULL,NULL
1007120,4093,"CA1 Interneuron Specific RO-O (-)0201",4069,"CA1 O-LM","O-LM [oriens-lacunosum-moleculare] cells {CA1 CA1 O-LM} and other interneurons [in CA1] with a horizontal dendritic tree in the str. oriens may receive GABA[gamma amino butyric acid]ergic innervation from neurons with axonal projections in a plane different from the plane of a coronal slice. Electrical stimulation experiments in the str. oriens support the possibility of such oriented projections (Lacaille and Schwartzkroin, 1988a). For example, interneuron-specific inhibitory cells immunoreactive for vasoactive intestinal polypeptide (VIP) and for the calcium-binding protein calretinin (CR) form a dense axonal plexus at the str. oriens and alveus border and may project mainly along the longitudinal axis of the hippocampus (Acsady et al., 1996a) (L. Acsady, personal communication) to innervate horizontal interneurons including O-LM cells in this layer (Acsady et al., 1996b).","p8249, right bottom","Hajos N, Mody I","Synaptic communication among hippocampal interneurons: properties of spontaneous IPSCs in morphologically identified cells.","J Neurosci",1997,9334415,0,NULL,NULL,NULL,NULL
1007122,4000,"CA1 Pyr",4089,"CA1 Recurrent O-LM 1102","Figure 5. An interneurone {CA1 CA1 Recurrent O-LM} [in CA1] that was postsynaptic to two consecutively recorded pyramidal cells A, the axonal arborization was slightly different from the other 7 reconstructed interneurones in that it innervated s. oriens, albeit sparsely, as well as projecting to s. lacunosum-moleculare where it ramified extensively. The axon was reconstructed from four 60 [micro]m thick sections.","p191, Fig. 5A","Ali AB, Thomson AM","Facilitating pyramid to horizontal oriens-alveus interneurone inputs: dual intracellular recordings in slices of rat hippocampus.","J Physiol",1998,9490837,0,NULL,NULL,NULL,NULL
1007124,4015,"CA1 SCA 2311",4000,"CA1 Pyr","The two major subtypes of CB 1 R- [cannabinoid type 1 receptor] and CCK- [cholecystokinin] expressing interneurons in the CA1 region of the hippocampus are the CCK-positive basket cells (CCK BCs) that innervate the perisomatic region of pyramidal cells, and the also CCK-positive Schaffer collateral-associated cells {CA1 Schaffer Collateral-Associated} (CCK SCAs) that innervate the pyramidal cell dendrites in the radiatum and oriens layers (Cossart et al., 1998; Vida et al., 1998; Cope et al., 2002) (see also the radial trilaminar cells of Hajos and Mody, 1997; Elfant et al., 2008).","p7993, left bottom","Lee SH, Foldy C, Soltesz I","Distinct endocannabinoid control of GABA release at perisomatic and dendritic synapses in the hippocampus.","J Neurosci",2010,20534847,0,NULL,NULL,NULL,NULL
1007126,4015,"CA1 SCA 2311",4000,"CA1 Pyr","Figure 3. Unitary IPSPs [inhibitory postsynaptic potentials] evoked by Schaffer-associated interneurons {CA1 Schaffer Collateral-Associated} [in CA1] are mediated by GABA[gamma amino butyric acid](A) receptors A, light microscopic reconstruction of a representative member of this interneuron class (soma and dendrites in red, axon in black [only published in B&W]) with a synaptically coupled pyramidal cell (soma and dendrites in blue [only published in B&W], axon not shown).","p763, Fig. 3","Vida I, Halasy K, Szinyei C, Somogyi P, Buhl EH","Unitary IPSPs evoked by interneurons at the stratum radiatum-stratum lacunosum-moleculare border in the CA1 area of the rat hippocampus in vitro.","J Physiol",1998,9503336,0,NULL,NULL,NULL,NULL
1007128,4028,"CA1 Radiatum",4000,"CA1 Pyr","Figure 2. A Schaffer-associated interneuron {CA1 CA1 Radiatum} at the stratum radiatum [in CA1] stratum lacunosum-moleculare border and two synaptically coupled pyramidal cells. A, light microscopic reconstruction of the biocytin labelled interneuron (soma and dendrites in red, axon in black; main axonal trunk denoted by arrow) and both postsynaptic pyramidal cells (P1 and P3; somata and dendrites in blue, spines and axons omitted). Ba, train of accommodating action potentials in response to a depolarizing current pulse (200 ms duration, 0.5 nA amplitude).","p760, Fig. 2","Vida I, Halasy K, Szinyei C, Somogyi P, Buhl EH","Unitary IPSPs evoked by interneurons at the stratum radiatum-stratum lacunosum-moleculare border in the CA1 area of the rat hippocampus in vitro.","J Physiol",1998,9503336,0,NULL,NULL,NULL,NULL
1007130,4028,"CA1 Radiatum",4000,"CA1 Pyr","The reconstruction and electron microscopic analysis of the postsynaptic targets demonstrated that CB-IR [calbindin-immunoreactive] axons {CA3 CA3 Radiatum} {CA1 CA1 Radiatum} in the CA1 and CA3 areas arise from type I CB-IR cells and innervate distal, and to a smaller extent proximal, apical dendrites of pyramidal cells in stratum radiatum and only occasionally terminate on other GABA-IR [gamma aminobutyric acid-immunoreactive] cells.","p531, right top","Gulyas AI, Freund TF","Pyramidal cell dendrites are the primary targets of calbindin D28k-immunoreactive interneurons in the hippocampus.","Hippocampus",1996,8953305,0,NULL,NULL,NULL,NULL
1007130,2023,"CA3 Radiatum",2000,"CA3 Pyr","The reconstruction and electron microscopic analysis of the postsynaptic targets demonstrated that CB-IR [calbindin-immunoreactive] axons {CA3 CA3 Radiatum} {CA1 CA1 Radiatum} in the CA1 and CA3 areas arise from type I CB-IR cells and innervate distal, and to a smaller extent proximal, apical dendrites of pyramidal cells in stratum radiatum and only occasionally terminate on other GABA-IR [gamma aminobutyric acid-immunoreactive] cells.","p531, right top","Gulyas AI, Freund TF","Pyramidal cell dendrites are the primary targets of calbindin D28k-immunoreactive interneurons in the hippocampus.","Hippocampus",1996,8953305,0,NULL,NULL,NULL,NULL
1007132,4028,"CA1 Radiatum",4000,"CA1 Pyr","Type I cells {CA3 CA3 Radiatum} {CA1 CA1 Radiatum} were found primarily in stratum radiatum of the CA3 and CA1 areas, and their axon collaterals-arborising in the apical dendritic region of pyramidal cells-were GABA [gamma aminobutyric acid] immunoreactive and innervated distal and proximal dendrites of pyramidal cells via symmetrical synapses.","p531, left bottom","Gulyas AI, Freund TF","Pyramidal cell dendrites are the primary targets of calbindin D28k-immunoreactive interneurons in the hippocampus.","Hippocampus",1996,8953305,0,NULL,NULL,NULL,NULL
1007132,2023,"CA3 Radiatum",2000,"CA3 Pyr","Type I cells {CA3 CA3 Radiatum} {CA1 CA1 Radiatum} were found primarily in stratum radiatum of the CA3 and CA1 areas, and their axon collaterals-arborising in the apical dendritic region of pyramidal cells-were GABA [gamma aminobutyric acid] immunoreactive and innervated distal and proximal dendrites of pyramidal cells via symmetrical synapses.","p531, left bottom","Gulyas AI, Freund TF","Pyramidal cell dendrites are the primary targets of calbindin D28k-immunoreactive interneurons in the hippocampus.","Hippocampus",1996,8953305,0,NULL,NULL,NULL,NULL
1007134,4035,"CA1 Trilam 0113p",4000,"CA1 Pyr","The [CA1] trilaminar cell {CA1 CA1 Trilaminar} is considered to be a new cell type not only because of its distinct innervation of the somata, basal, and proximal apical dendrites of pyramidal cells, but because its physiological features and dendritic arbor were characteristically different from other types.","p6661, right top","Sik A, Penttonen M, Ylinen A, Buzsaki G","Hippocampal CA1 interneurons: an in vivo intracellular labeling study.","J Neurosci",1995,7472426,0,NULL,NULL,NULL,NULL
1007136,4035,"CA1 Trilam 0113p",4000,"CA1 Pyr","Table 3. Postsynaptic targets of in vivo recorded nonpyramidal projection neurons {CA1 CA1 Trilaminar} [in CA1]","p8799, Table 3","Jinno S, Klausberger T, Marton LF, Dalezios Y, Roberts JD, Fuentealba P, Bushong EA, Henze D, Buzsaki G, Somogyi P","Neuronal diversity in GABAergic long-range projections from the hippocampus.","J Neurosci",2007,17699661,0,NULL,NULL,NULL,NULL
1007138,4035,"CA1 Trilam 0113p",4000,"CA1 Pyr","The trilaminar cell {CA1 CA1 Trilaminar} had a large projection from the CA1 area to the subiculum and a preferential innervation of interneurons in the CA1 area in addition to pyramidal cell somata and dendrites.","p10520, Abstract","Ferraguti F, Klausberger T, Cobden P, Baude A, Roberts JD, Szucs P, Kinoshita A, Shigemoto R, Somogyi P, Dalezios Y","Metabotropic glutamate receptor 8-expressing nerve terminals target subsets of GABAergic neurons in the hippocampus.","J Neurosci",2005,16280590,0,NULL,NULL,NULL,NULL
1007140,4000,"CA1 Pyr",4068,"CA1 Oriens Bistrat Proj 1113p","Figure 5. Large heterogeneity in the short-term plasticity of eEPSCs in identified O-Bi cells {CA1 CA1 Oriens-Bistratified Projecting} A, an averaged whole-cell voltage-clamp trace showing facilitation throughout the whole train of stimuli (10 stimuli at 33 Hz). Middle panel, the results of the model fit (A = 1149, U = 0.12, r rec = 1.9 ms, r fac = 185 ms) are superimposed on the mean +/- S.D. [standard deviation] of the individual EPSC [excitatory postsynaptic current] amplitudes measured within the train... Right panel, reconstruction of the cell {CA1 CA1 Trilaminar} showing dendrites restricted to stratum oriens and an extensive axonal arborization in all layers of the CA1 area and projections to the isocortex, subiculum and the main axon heading toward the fimbria and CA3 area (arrow).","p202, Fig. 5","Losonczy A, Zhang L, Shigemoto R, Somogyi P, Nusser Z","Cell type dependence and variability in the short-term plasticity of EPSCs in identified mouse hippocampal interneurones.","J Physiol",2002,12096061,0,NULL,NULL,NULL,NULL
1007142,4036,"CA1 AA",4000,"CA1 Pyr","Thus, different types of perisomatic targeting parvalbumin (PV)-expressing [CA1] interneurons innervate distinct subcellular domains of principal cells. Axo-axonic cells (AACs) innervate exclusively the axon initial segment of PCs; in contrast, basket cells (BCs) {CA1 CA1 Basket} innervate the somata and proximal apical dendrites.","p250, left","Gloveli T, Kopell N, Dugladze T","Neuronal Activity Patterns During Hippocampal Network Oscillations In Vitro","Hippocampal Microcircuits: A Computational Modeler's Resource Book",2010,"978-1-4419-0995-4",247,NULL,NULL,NULL,NULL
1007142,4078,"CA1 Basket",4000,"CA1 Pyr","Thus, different types of perisomatic targeting parvalbumin (PV)-expressing [CA1] interneurons innervate distinct subcellular domains of principal cells. Axo-axonic cells (AACs) innervate exclusively the axon initial segment of PCs; in contrast, basket cells (BCs) {CA1 CA1 Basket} innervate the somata and proximal apical dendrites.","p250, left","Gloveli T, Kopell N, Dugladze T","Neuronal Activity Patterns During Hippocampal Network Oscillations In Vitro","Hippocampal Microcircuits: A Computational Modeler's Resource Book",2010,"978-1-4419-0995-4",247,NULL,NULL,NULL,NULL
1007144,4078,"CA1 BC",4000,"CA1 Pyr","Basket cells {CA1 CA1 Basket} (n = 31 CA1; n = 3 CA3; n = 5 dentate gyrus (DG)) had most of their axon terminals in the cellular layers (Fig. 1C). Electron microscopic analysis of a random sample of synapses (n = 156) showed that they make synaptic contacts predominantly on somata (50.6%) and proximal dendrites (46.8%) of pyramidal cells (Table 1).","p823, right bottom","Buhl EH, Halasy K, Somogyi P","Diverse sources of hippocampal unitary inhibitory postsynaptic potentials and the number of synaptic release sites.","Nature",1994,8159242,0,NULL,NULL,NULL,NULL
1007146,4078,"CA1 BC",4000,"CA1 Pyr","TABLE 1 Location of synaptic release sites made by inhibitory cells {CA1 CA1 Basket} on simultaneously recorded postsynaptic principal cells","p823, Table 1","Buhl EH, Halasy K, Somogyi P","Diverse sources of hippocampal unitary inhibitory postsynaptic potentials and the number of synaptic release sites.","Nature",1994,8159242,0,NULL,NULL,NULL,NULL
1007146,4036,"DG AA",1000,"GC","TABLE 1 Location of synaptic release sites made by inhibitory cells {CA1 CA1 Basket} on simultaneously recorded postsynaptic principal cells","p823, Table 1","Buhl EH, Halasy K, Somogyi P","Diverse sources of hippocampal unitary inhibitory postsynaptic potentials and the number of synaptic release sites.","Nature",1994,8159242,0,NULL,NULL,NULL,NULL
1007146,4080,"CA1 Bistratified",4000,"CA1 Pyr","TABLE 1 Location of synaptic release sites made by inhibitory cells {CA1 CA1 Basket} on simultaneously recorded postsynaptic principal cells","p823, Table 1","Buhl EH, Halasy K, Somogyi P","Diverse sources of hippocampal unitary inhibitory postsynaptic potentials and the number of synaptic release sites.","Nature",1994,8159242,0,NULL,NULL,NULL,NULL
1007148,4039,"CA1 Horiz Basket",4000,"CA1 Pyr","Figure 9. Multiphasic uIPSC [unitary inhibitory postsynaptic current] evoked by a CCK [cholecystokinin]-immunopositive [CA1] basket cell {CA1 CA1 Horizontal Basket} (see also Fig. 10) in a pyramidal cell at P15 . . . C, reconstruction of the presynaptic basket cell of this pair, identified on the basis of the dense innervation of str. pyramidale. The dendrites are restricted to str. oriens/alveus and oriented mainly parallel with the layers.","p105, Fig. 9","Maccaferri G, Roberts JD, Szucs P, Cottingham CA, Somogyi P","Cell surface domain specific postsynaptic currents evoked by identified GABAergic neurones in rat hippocampus in vitro.","J Physiol",2000,10747186,0,NULL,NULL,NULL,NULL
1007150,4069,"CA1 O-LM 1002",4000,"CA1 Pyr","Table 2. Electron microscopic characterisation of postsynaptic targets of identified interneurones","p95, Table 2","Maccaferri G, Roberts JD, Szucs P, Cottingham CA, Somogyi P","Cell surface domain specific postsynaptic currents evoked by identified GABAergic neurones in rat hippocampus in vitro.","J Physiol",2000,10747186,0,NULL,NULL,NULL,NULL
1007150,4083,"CA1 O-Bi 0103",4000,"CA1 Pyr","Table 2. Electron microscopic characterisation of postsynaptic targets of identified interneurones","p95, Table 2","Maccaferri G, Roberts JD, Szucs P, Cottingham CA, Somogyi P","Cell surface domain specific postsynaptic currents evoked by identified GABAergic neurones in rat hippocampus in vitro.","J Physiol",2000,10747186,0,NULL,NULL,NULL,NULL
1007150,4036,"CA1 AA",4000,"CA1 Pyr","Table 2. Electron microscopic characterisation of postsynaptic targets of identified interneurones","p95, Table 2","Maccaferri G, Roberts JD, Szucs P, Cottingham CA, Somogyi P","Cell surface domain specific postsynaptic currents evoked by identified GABAergic neurones in rat hippocampus in vitro.","J Physiol",2000,10747186,0,NULL,NULL,NULL,NULL
1007152,4083,"CA1 O-Bi 0103",4000,"CA1 Pyr","Figure 4. Reconstruction and synaptic effect of a somatostatin-immunopositive O-BiC [oriens-bistratified cells {CA1 CA1 Oriens-Bistratified}] on a pyramidal cell at P15 (see also Fig. 5) A, the axon (black) of the interneurone (soma and dendrites in red) is largely restricted to str. oriens and radiatum and overlaps the dendritic tree of the postsynaptic pyramidal cell (green). Note the sparing by the axon of str. pyramidale, and the dendritic: tree restricted to str. oriens.","p99, Fig. 4","Maccaferri G, Roberts JD, Szucs P, Cottingham CA, Somogyi P","Cell surface domain specific postsynaptic currents evoked by identified GABAergic neurones in rat hippocampus in vitro.","J Physiol",2000,10747186,0,NULL,NULL,NULL,NULL
1007154,4036,"CA1 AA",4000,"CA1 Pyr","Figure 8. Perisomatic innervation of pyramidal cells by axo-axonic and basket cells. A, an axo-axonic cell (P13) innervates the axon initial segment (a) of a pyramidal cell (p) at two distinct regions via two axon collaterals providing at least seven boutons (arrows). B and C, parvalbumin immunoreactivity in another axo-axonic cell (arrows, P14) which evoked a postsynaptic response in a nearby pyramidal cell (to the right in B). Another neurone in the pyramidal cell layer (double arrow) and boutons surrounding pyramidal cells are also parvalbumin immunopositive. D, electron micrograph of the biocytin-filled bouton of the axo-axonic cell, shown in B and C, making a type II synapse (upper arrow) with the axon initial segment (ais) of a pyramidal cell. The axon initial segment is identified by the presence of a cisternal organelle (co) and the electron opaque membrane undercoating (small arrows at bottom).","p104, Fig 8.","Maccaferri G, Roberts JD, Szucs P, Cottingham CA, Somogyi P","Cell surface domain specific postsynaptic currents evoked by identified GABAergic neurones in rat hippocampus in vitro.","J Physiol",2000,10747186,0,NULL,NULL,NULL,NULL
1007160,4055,"CA1 O/A",4000,"CA1 Pyr","In 1 [CA1] interneuron-to-interneuron pair, an inhibitory connection from O/A [oriens/alveus] interneuron {CA1 CA1 Oriens/Alveus} to stratum pyramidale interneuron was also observed. With intracellular HRP [horseradish peroxidase] injections into O/A interneurons and subsequent electron microscopy, we observed that O/A interneuron axons made contacts with pyramidal and nonpyramidal cells. HRP-filled symmetric synaptic contacts were found on pyramidal cell dendrites and somata. HRP-filled axons also made contacts with pyramidal cell initial segments. HRP-filled O/A interneuron axon contacts were also found on nonpyramidal cell dendrites in stratum oriens.","p1979, left bottom","Lacaille JC, Mueller AL, Kunkel DD, Schwartzkroin PA","Local circuit interactions between oriens/alveus interneurons and CA1 pyramidal cells in hippocampal slices: electrophysiology and morphology.","J Neurosci",1987,3612227,0,NULL,NULL,NULL,NULL
1007162,4055,"CA1 O/A",4000,"CA1 Pyr","We also report that at the ultrastructural level, HRP[horseradish peroxidase]-filled O/A [oriens/alveus] [CA1] interneuron {CA1 CA1 Oriens/Alveus} axons make contacts with pyramidal and nonpyramidal dendrites and somata.","p1980, left top","Lacaille JC, Mueller AL, Kunkel DD, Schwartzkroin PA","Local circuit interactions between oriens/alveus interneurons and CA1 pyramidal cells in hippocampal slices: electrophysiology and morphology.","J Neurosci",1987,3612227,0,NULL,NULL,NULL,NULL
1007164,4069,"CA1 O-LM 1002",4084,"CA1 Schaffer Collateral-Receiving R-Targeting","Figure 2 OLM(alpha 2) [oriens-lacunosum moleculare] cells inhibit interneurons that synapse on pyramidal cell proximal dendrites. Â (d) IPSCs [inhibitory postsynaptic currents] in a bistratified interneuron {CA1 Schaffer Collateral-Receiving R-Targeting} (BS) elicited by 20-ms light pulse stimulation of OLM(ChR2) cells [in CA1]. The reconstruction of the bistratified interneuron is shown on the top left panel. Scale bar represents 50 [micro]m.","p1526, Fig. 2d","Leao RN, Mikulovic S, Leao KE, Munguba H, Gezelius H, Enjin A, Patra K, Eriksson A, Loew LM, Tort AB, Kullander K","OLM interneurons differentially modulate CA3 and entorhinal inputs to hippocampal CA1 neurons.","Nat Neurosci",2012,23042082,0,NULL,NULL,NULL,NULL
1007166,4013,"CA1 Radial Trilaminar",4013,"CA1 Radial Trilaminar","Figure1. Four classes of interneuron [in CA1] ... B, Example bistratified cell {CA1 CA1 Radial Trilaminar} pair; dendrites and soma shown in gray, axons in blue, presynaptic soma to the left. Traces show responses to a 500 ms depolarizing current of double action potential threshold amplitude; presynaptic upper, postsynaptic lower trace.","p11113, Fig. 1","Daw MI, Tricoire L, Erdelyi F, Szabo G, McBain CJ","Asynchronous transmitter release from cholecystokinin-containing inhibitory interneurons is widespread and target-cell independent.","J Neurosci",2009,19741117,0,NULL,NULL,NULL,NULL
1007168,5005,"SUB CA1-Proj Pyr",4000,"CA1 Pyr","Evidence for subicular inputs to CA1 has appeared in several previous anatomical studies. Berger et al. [5] [1980] examined the anterograde and retrograde transport of HRP [horseradish peroxidase] in rabbit brains. They found that injections into the CA1 cell layer (including the proximal apical and basal dendrites) resulted in anterograde (CA1 to subiculum) label and retrograde (subiculum to CA1) label in subiculum. Injections of tritiated proline or leucine into subiculum showed anterograde label in CA1 stratum oriens (much of this interpreted as fibers headed for the alveus/fimbria) and label in CA1 stratum moleculare (ended at CA2). Finch et al. [8] [1983] traced the dendrites and axons of intracellularly labeled subicular neurons in rat brains. They reported on 12 labeled subicular neurons. Of this group of 12 labeled neurons, four projected only rostrally into the fimbria and three others had both rostrally and caudally directed projections. One of these cells {SUB SUB CA1-Projecting Pyramidal} had collaterals in subiculum with an identified collateral reaching stratum oriens of CA1. Kohler [14] [1985] used extracellular phaseolus vulgaris leucoagglutinin (PHA-L) injections into subiculum to trace the region's outputs. Although not discussed at length in the paper, labeled fibers are apparent in CA1 strata oriens and moleculare. It was suggested that at least some of the fibers seen in stratum oriens were actually headed for the alveus rather than directed at CA1. It was also suggested that the projections to stratum moleculare may be directed at distal apical interneurons rather than pyramidal cell dendrites. On the basis of our morphological data and attempts to block propagation by disrupting laminar paths, we conclude that the subicular fibers forming the back projection are present in the apical dendritic region and in the vicinity of the cell layer. We have visualized axons with light microscopic evidence of contacts in stratum radiatum reaching to its border with stratum lacunosum/moleculare, and axons in the cell layer. Our evidence that at least a fraction of these contacts are onto pyramidal neurons comes from the electrophysiological evidence that they mediate the spread of epileptiform events.","p48, left top","Harris E, Stewart M","Propagation of synchronous epileptiform events from subiculum backward into area CA1 of rat brain slices.","Brain Res",2001,11259758,0,NULL,NULL,NULL,NULL
1007170,6053,"EC LII Basket-Multipolar (-)230000",6003,"MEC LII Stellate (+)331111p","Fast spiking basket-like cells have small spherical cell bodies with sparsely spiny dendrites that often ramify into layer I [of the entorhinal cortex]. The extensive axonal arbor is mainly confined to layer II. They form basket-like complexes mainly around the soma of other cells, preferably forming symmetric, inhibitory synapses with stellate or pyramidal cells [Kohler 1986, Jones 1993]. Basket cells {EC LII Basket-Multipolar Interneuron} are known to contain GAD [glutamic acid deoxycarbolase] and maybe CCK[cholecystokinin]. Throughout the EC [entorhinal cortex], PV [parvalbumin] positive axons have been found that form symmetric synapses with principal neurons in layers II and III. These terminals have a basket-like axosomatic configuration. Therefore, it is suggested that basket cells in the whole EC contain PV [Kohler 1986, Jones 1993, Wouterlood 1995].","p7, left bottom","Canto CB, Wouterlood FG, Witter MP","What does the anatomical organization of the entorhinal cortex tell us?","Neural Plast",2008,18769556,0,NULL,NULL,NULL,NULL
1007170,6053,"EC LII Basket-Multipolar (-)230000",6005,"LI-II PC-Fan (+)331000p","Fast spiking basket-like cells have small spherical cell bodies with sparsely spiny dendrites that often ramify into layer I [of the entorhinal cortex]. The extensive axonal arbor is mainly confined to layer II. They form basket-like complexes mainly around the soma of other cells, preferably forming symmetric, inhibitory synapses with stellate or pyramidal cells [Kohler 1986, Jones 1993]. Basket cells {EC LII Basket-Multipolar Interneuron} are known to contain GAD [glutamic acid deoxycarbolase] and maybe CCK[cholecystokinin]. Throughout the EC [entorhinal cortex], PV [parvalbumin] positive axons have been found that form symmetric synapses with principal neurons in layers II and III. These terminals have a basket-like axosomatic configuration. Therefore, it is suggested that basket cells in the whole EC contain PV [Kohler 1986, Jones 1993, Wouterlood 1995].","p7, left bottom","Canto CB, Wouterlood FG, Witter MP","What does the anatomical organization of the entorhinal cortex tell us?","Neural Plast",2008,18769556,0,NULL,NULL,NULL,NULL
1007170,6053,"EC LII Basket-Multipolar (-)230000",6082,"LII-III PC-Tripolar (+)333000p","Fast spiking basket-like cells have small spherical cell bodies with sparsely spiny dendrites that often ramify into layer I [of the entorhinal cortex]. The extensive axonal arbor is mainly confined to layer II. They form basket-like complexes mainly around the soma of other cells, preferably forming symmetric, inhibitory synapses with stellate or pyramidal cells [Kohler 1986, Jones 1993]. Basket cells {EC LII Basket-Multipolar Interneuron} are known to contain GAD [glutamic acid deoxycarbolase] and maybe CCK[cholecystokinin]. Throughout the EC [entorhinal cortex], PV [parvalbumin] positive axons have been found that form symmetric synapses with principal neurons in layers II and III. These terminals have a basket-like axosomatic configuration. Therefore, it is suggested that basket cells in the whole EC contain PV [Kohler 1986, Jones 1993, Wouterlood 1995].","p7, left bottom","Canto CB, Wouterlood FG, Witter MP","What does the anatomical organization of the entorhinal cortex tell us?","Neural Plast",2008,18769556,0,NULL,NULL,NULL,NULL
1007172,4021,"CA1 IS LM-R (-)2100",4091,"CA1 Interneuron Specific R-O (-)0221","Fig. 2. Camera ludica drawings of VIP[vasoactive intestinal polypeptide]-positive interneurons [cell 1,7: {CA1 CA1 Interneuron Specific O-Targeting QuadD}] [cell 2,4: {CA1 CA1 Interneuron Specific LMO-O}] [cell 3: {CA1 CA1 Interneuron Specific RO-O}] [cell 5: {CA1 CA1 Interneuron Specific LM-R}] [cell 6: {CA1 CA1 Interneuron Specific R-O}] projecting to the O/A [stratum oriens and alveus] border in the CA1 region. The reconstructions were made by a drawing tube from two to seven, 60-[micro]m-thick, serial sections. Axon initial segments are labelled by arrowheads. The dendrites are radially oriented, and rarely branch before reaching stratum lacunosum-moleculare. The main axons run directly towards the alvear border, where they emit horizontal collaterals. The latter are difficult to follow as the join the profuse meshwork of VIP-positive boutons in this sublayer. Cells 3,4, and 6 are shown to receive multiple contacts from other VIP-positive cells (arrows). In case of neuron 6 the cell (5) that gave rise to the innervation was also found and drawn. This cell pair can also be seen on Fig. 5. All neurons of this type (and of this figure) contain calretinin.","p304, Fig. 2","Acsady L, Arabadzisz D, Freund TF","Correlated morphological and neurochemical features identify different subsets of vasoactive intestinal polypeptide-immunoreactive interneurons in rat hippocampus.","Neuroscience",1996,8783251,0,NULL,NULL,NULL,NULL
1007174,4021,"CA1 IS LM-R (-)2100",4091,"CA1 Interneuron Specific R-O (-)0221","Fig. 5. A montage of high power light micrographs (A) and a drawing (B) of connections between two different [CA1] VIP[vasoactive intestinal polypeptide]-containing interneuron types {CA1 CA1 Interneuron Specific R-O}. A calretinin-negative, VIP-positive cell projecting to stratum radiatum (1) establishes multiple contacts (arrows) on another VIP-positive cell (2), which sends its axon to the O/A [oriens/alveus] border. The same cells can be seen on Fig. 2 (cells 5-6). Arrowheads label axon initial segments. Scale bar: A, 20 microm","Figure 5A-B","Acsady L, Arabadzisz D, Freund TF","Correlated morphological and neurochemical features identify different subsets of vasoactive intestinal polypeptide-immunoreactive interneurons in rat hippocampus.","Neuroscience",1996,8783251,0,NULL,NULL,NULL,NULL
1007176,4021,"CA1 IS LM-R (-)2100",4020,"CA1 IS O-Target QuadD (-)2223","Fig. 3. Drawings of VIP[vasoactive intestinal polypeptide]-immunoreactive interneurons projecting to stratum radiatum in the CA1 region. In case of cells 2, 3 {CA1 CA1 Interneuron Specific LM-R}, and 6 {CA1 CA1 Interneuron Specific LM-R} the entire dendritic arbour is confined to stratum lacunosum-moleculare, whereas that of cells 1, 5, and 7 {CA1 CA1 Interneuron Specific LMR-R} span layers. The axons arborize mainly in stratum radiatum, but occasional branches cross stratum pyramidale and oriens (cells 2 and 6). Note that boutons are irregularly spaced along the axons, and they are grouped mostly along vertical segments. Cell 3 is shown to innervate another VIP-positive interneuron (cell No. 4 {CA1 CA1 Interneuron Specific O-Targeting QuadD}, arrows), which projects to the O/A [stratum oriens and alveus] border. Axon initial segments are labelled with arrowheads. Cells 2, 3, 6, and 7 proved to be negative, while cells 4 and 5 were positive for the calcium binding protein, calretinin.","p305, Fig. 3","Acsady L, Arabadzisz D, Freund TF","Correlated morphological and neurochemical features identify different subsets of vasoactive intestinal polypeptide-immunoreactive interneurons in rat hippocampus.","Neuroscience",1996,8783251,0,NULL,NULL,NULL,NULL
1007178,4021,"CA1 IS LM-R (-)2100",4000,"CA1 Pyr","Vasoactive intestinal polypeptide-immunoreactive interneurons selectively innervate GABA[gamma aminobutyric acid]ergic cells in stratum radiatum [of the CA1]. One subpopulation of VIP[vasoactive intestinal polypeptide]-containing interneurons {CA1 CA1 Interneuron Specific LM-R} with stratum radiatum projections has a characteristic dendritic arbor restricted entirely to stratum lacunosum-moleculare. Three neurons of this type with profuse axon arbors were selected for correlated light and electron microscopy (two of them are shown in Fig. 2). The characteristics of these neurons were identical to those described in the accompanying paper, 2 [Acsady, 1996] their axons consisted of mainly radially oriented rows of boutons linked with long non-varicose segments (Figs 2, 3). The postsynaptic targets were established for 36 boutons of three identified VIP cells using correlated electron microscopy of serial sections, which were immunoreacted for GABA as well. Nearly all of these (35 out of 36) established symmetrical synapses with GABA-immunoreactive dendrites (Figs 3, 4), identified as such on the basis of consistent accumulation of colloidal gold particles over the positive profiles in several serial sections (see Experimental Procedures).","p321, right top","Acsady L, Gorcs TJ, Freund TF","Different populations of vasoactive intestinal polypeptide-immunoreactive interneurons are specialized to control pyramidal cells or interneurons in the hippocampus.","Neuroscience",1996,8783252,0,NULL,NULL,NULL,NULL
1007180,4091,"CA1 Interneuron Specific R-O",4000,"!!! NO !!! CA1 Pyr","VIP+[vasoactive intestinal peptide]/CR+[calretinin]/nNOS+[neuronal nitric oxide synthase] INTERNEURONS {CA1 CA1 Interneuron Specific R-O} IN CA1-3 The third interneuron subpopulation expressing nNOS consists of a subset of VIP+/CR+ interneurons (Jinno and Kosaka, 2002; Tricoire et al., 2010). This population is specialized to innervate other GABA[gamma amino butyric acid]ergic cells exclusively. To date, three types of interneuron-specific (IS) interneurons have been described on the basis of their anatomical and neurochemical features (Acs?dy et al., 1996a,b; Guly?s et al., 1996). Among them, nNOS has been found in the IS-3 subset (Tricoire et al., 2010). These cells have somas located in stratum pyramidale (s.p.) or in stratum radiatum (s.r.) close to the pyramidal layer, dendritic fields that are vertically oriented, and a primary axon descending to emit several horizontally oriented branches at the s.o.[stratum oriens]-alveus border.","p4, right middle","Tricoire L, Vitalis T","Neuronal nitric oxide synthase expressing neurons: a journey from birth to neuronal circuits.","Front Neural Circuits",2012,23227003,0,NULL,NULL,NULL,NULL
1007182,6005,"EC Perforant Path",1043,"DG Mossy MOLDEN","Figure 3. An example of a spiny ÃmossyÃ hilar cell with a low threshold in response to perforant path stimulation that sent a primary dendrite directly into the molecular layer. A, A montage of a spiny hilar cell is shown. The border of the granule cell layer (GCL) and the hilus (HIL) is marked by a solid line. Complex postsynaptic specializations (thorny excrescences; arrowhead) are typical of spiny hilar cells (Amaral, 1978; Ribak et al., 1985). This cell was located near the upper blade of dorsal hippocampus. Scale bar, 50 [micro]m. B, At lower magnification, it was possible to follow a dendrite of the cell in A into the granule cell layer and the molecular layer (MOL), where it branched several times. Scale bar (in A), 75 [micro]m. C, A higher magnification of the area of the cell near the border of the granule cell layer and the hilus is shown. The dendrites in the hilus were extremely spiny, but there was no evidence of spines on the portion of the dendrite in the granule cell layer. This photomicrograph has the same orientation as the photomicrograph in B (i.e., the solid Iinedemarcates the border of the granule cell layer and the hilus; the molecular layer is to the right). Scale bar (in A), 25 [micro]m. D, A drawing of the cell shown in A-C, illustrating the cell's orientation and the approximate location of recording sites (1-4) and the site of stimulation (STIM). E, The responses of the cell shown in A-D to intracellular current injection (+0.2 nA, 150 msec) are superimposed. Arrows point to spontaneous depolarizations. F, Simultaneous extracellular recordings from the granule cell layer (top) and intracellular recordings from the hilar cell (bottom). A low stimulus strength (left; 0.15 mA) was suprathreshold for the spiny hilar cell but not for the granule cells. A higher stimulus strength (right; 0.2 mA) evoked a small population spike. Hilar cell RMP, -62 mV. Stimulus artifacts are clipped and marked by small solid circles.","p1664, Fig. 3","Scharfman HE","Dentate Hilar Cells with Dendrites in the Molecular Layer Have Lower Thresholds for Synaptic Activation by Perforant Path than Granule Cells","J Neurosci",1991,2045880,0,NULL,NULL,NULL,NULL
1007182,6003,"EC Perforant Path",1043,"DG Mossy MOLDEN","Figure 3. An example of a spiny ÃmossyÃ hilar cell with a low threshold in response to perforant path stimulation that sent a primary dendrite directly into the molecular layer. A, A montage of a spiny hilar cell is shown. The border of the granule cell layer (GCL) and the hilus (HIL) is marked by a solid line. Complex postsynaptic specializations (thorny excrescences; arrowhead) are typical of spiny hilar cells (Amaral, 1978; Ribak et al., 1985). This cell was located near the upper blade of dorsal hippocampus. Scale bar, 50 [micro]m. B, At lower magnification, it was possible to follow a dendrite of the cell in A into the granule cell layer and the molecular layer (MOL), where it branched several times. Scale bar (in A), 75 [micro]m. C, A higher magnification of the area of the cell near the border of the granule cell layer and the hilus is shown. The dendrites in the hilus were extremely spiny, but there was no evidence of spines on the portion of the dendrite in the granule cell layer. This photomicrograph has the same orientation as the photomicrograph in B (i.e., the solid Iinedemarcates the border of the granule cell layer and the hilus; the molecular layer is to the right). Scale bar (in A), 25 [micro]m. D, A drawing of the cell shown in A-C, illustrating the cell's orientation and the approximate location of recording sites (1-4) and the site of stimulation (STIM). E, The responses of the cell shown in A-D to intracellular current injection (+0.2 nA, 150 msec) are superimposed. Arrows point to spontaneous depolarizations. F, Simultaneous extracellular recordings from the granule cell layer (top) and intracellular recordings from the hilar cell (bottom). A low stimulus strength (left; 0.15 mA) was suprathreshold for the spiny hilar cell but not for the granule cells. A higher stimulus strength (right; 0.2 mA) evoked a small population spike. Hilar cell RMP, -62 mV. Stimulus artifacts are clipped and marked by small solid circles.","p1664, Fig. 3","Scharfman HE","Dentate Hilar Cells with Dendrites in the Molecular Layer Have Lower Thresholds for Synaptic Activation by Perforant Path than Granule Cells","J Neurosci",1991,2045880,0,NULL,NULL,NULL,NULL
1007182,6082,"EC Perforant Path",1043,"DG Mossy MOLDEN","Figure 3. An example of a spiny ÃmossyÃ hilar cell with a low threshold in response to perforant path stimulation that sent a primary dendrite directly into the molecular layer. A, A montage of a spiny hilar cell is shown. The border of the granule cell layer (GCL) and the hilus (HIL) is marked by a solid line. Complex postsynaptic specializations (thorny excrescences; arrowhead) are typical of spiny hilar cells (Amaral, 1978; Ribak et al., 1985). This cell was located near the upper blade of dorsal hippocampus. Scale bar, 50 [micro]m. B, At lower magnification, it was possible to follow a dendrite of the cell in A into the granule cell layer and the molecular layer (MOL), where it branched several times. Scale bar (in A), 75 [micro]m. C, A higher magnification of the area of the cell near the border of the granule cell layer and the hilus is shown. The dendrites in the hilus were extremely spiny, but there was no evidence of spines on the portion of the dendrite in the granule cell layer. This photomicrograph has the same orientation as the photomicrograph in B (i.e., the solid Iinedemarcates the border of the granule cell layer and the hilus; the molecular layer is to the right). Scale bar (in A), 25 [micro]m. D, A drawing of the cell shown in A-C, illustrating the cell's orientation and the approximate location of recording sites (1-4) and the site of stimulation (STIM). E, The responses of the cell shown in A-D to intracellular current injection (+0.2 nA, 150 msec) are superimposed. Arrows point to spontaneous depolarizations. F, Simultaneous extracellular recordings from the granule cell layer (top) and intracellular recordings from the hilar cell (bottom). A low stimulus strength (left; 0.15 mA) was suprathreshold for the spiny hilar cell but not for the granule cells. A higher stimulus strength (right; 0.2 mA) evoked a small population spike. Hilar cell RMP, -62 mV. Stimulus artifacts are clipped and marked by small solid circles.","p1664, Fig. 3","Scharfman HE","Dentate Hilar Cells with Dendrites in the Molecular Layer Have Lower Thresholds for Synaptic Activation by Perforant Path than Granule Cells","J Neurosci",1991,2045880,0,NULL,NULL,NULL,NULL
1007182,6085,"EC Perforant Path",1043,"DG Mossy MOLDEN","Figure 3. An example of a spiny ÃmossyÃ hilar cell with a low threshold in response to perforant path stimulation that sent a primary dendrite directly into the molecular layer. A, A montage of a spiny hilar cell is shown. The border of the granule cell layer (GCL) and the hilus (HIL) is marked by a solid line. Complex postsynaptic specializations (thorny excrescences; arrowhead) are typical of spiny hilar cells (Amaral, 1978; Ribak et al., 1985). This cell was located near the upper blade of dorsal hippocampus. Scale bar, 50 [micro]m. B, At lower magnification, it was possible to follow a dendrite of the cell in A into the granule cell layer and the molecular layer (MOL), where it branched several times. Scale bar (in A), 75 [micro]m. C, A higher magnification of the area of the cell near the border of the granule cell layer and the hilus is shown. The dendrites in the hilus were extremely spiny, but there was no evidence of spines on the portion of the dendrite in the granule cell layer. This photomicrograph has the same orientation as the photomicrograph in B (i.e., the solid Iinedemarcates the border of the granule cell layer and the hilus; the molecular layer is to the right). Scale bar (in A), 25 [micro]m. D, A drawing of the cell shown in A-C, illustrating the cell's orientation and the approximate location of recording sites (1-4) and the site of stimulation (STIM). E, The responses of the cell shown in A-D to intracellular current injection (+0.2 nA, 150 msec) are superimposed. Arrows point to spontaneous depolarizations. F, Simultaneous extracellular recordings from the granule cell layer (top) and intracellular recordings from the hilar cell (bottom). A low stimulus strength (left; 0.15 mA) was suprathreshold for the spiny hilar cell but not for the granule cells. A higher stimulus strength (right; 0.2 mA) evoked a small population spike. Hilar cell RMP, -62 mV. Stimulus artifacts are clipped and marked by small solid circles.","p1664, Fig. 3","Scharfman HE","Dentate Hilar Cells with Dendrites in the Molecular Layer Have Lower Thresholds for Synaptic Activation by Perforant Path than Granule Cells","J Neurosci",1991,2045880,0,NULL,NULL,NULL,NULL
1007182,6002,"EC Perforant Path",1043,"DG Mossy MOLDEN","Figure 3. An example of a spiny ÃmossyÃ hilar cell with a low threshold in response to perforant path stimulation that sent a primary dendrite directly into the molecular layer. A, A montage of a spiny hilar cell is shown. The border of the granule cell layer (GCL) and the hilus (HIL) is marked by a solid line. Complex postsynaptic specializations (thorny excrescences; arrowhead) are typical of spiny hilar cells (Amaral, 1978; Ribak et al., 1985). This cell was located near the upper blade of dorsal hippocampus. Scale bar, 50 [micro]m. B, At lower magnification, it was possible to follow a dendrite of the cell in A into the granule cell layer and the molecular layer (MOL), where it branched several times. Scale bar (in A), 75 [micro]m. C, A higher magnification of the area of the cell near the border of the granule cell layer and the hilus is shown. The dendrites in the hilus were extremely spiny, but there was no evidence of spines on the portion of the dendrite in the granule cell layer. This photomicrograph has the same orientation as the photomicrograph in B (i.e., the solid Iinedemarcates the border of the granule cell layer and the hilus; the molecular layer is to the right). Scale bar (in A), 25 [micro]m. D, A drawing of the cell shown in A-C, illustrating the cell's orientation and the approximate location of recording sites (1-4) and the site of stimulation (STIM). E, The responses of the cell shown in A-D to intracellular current injection (+0.2 nA, 150 msec) are superimposed. Arrows point to spontaneous depolarizations. F, Simultaneous extracellular recordings from the granule cell layer (top) and intracellular recordings from the hilar cell (bottom). A low stimulus strength (left; 0.15 mA) was suprathreshold for the spiny hilar cell but not for the granule cells. A higher stimulus strength (right; 0.2 mA) evoked a small population spike. Hilar cell RMP, -62 mV. Stimulus artifacts are clipped and marked by small solid circles.","p1664, Fig. 3","Scharfman HE","Dentate Hilar Cells with Dendrites in the Molecular Layer Have Lower Thresholds for Synaptic Activation by Perforant Path than Granule Cells","J Neurosci",1991,2045880,0,NULL,NULL,NULL,NULL
1007184,4015,"CA1 SCA 2311",4015,"CA1 SCA 2311","Fig. 1. Temporally distinct synaptic facilitation that is delayed on the onset of release. A: reconstruction of a synaptically connected stratum lacunosum moleculare (SLM) interneuron, lacunosum moleculare-Shaffer collateral associated cell (LM-SCA; blue-soma, light blue-axon), and a stratum radiatum (SR), Shaffer collateral associated cell (SCA; deep red-dendrites, red-axon). B: double immunoflorescence labeling revealed the two recorded cells filled with biocytin (AMCA) immunopositive for CCK (FITC) and immunonegative for VIP (Texas red). C: intrinsic membrane properties of the presynaptic LM-SCA cell. In response to hyperpolarizing current injection this interneuron displayed pronounced sag, indicative of Ih current. In response to depolarizing current fast but adapting firing patterns were displayed. D: IPSPs elicited by LM-SCA cells displayed a delayed onset of synaptic facilitation (DORF). IPSPs were usually observed after third to fifth presynaptic spike in a train. E: another synaptic connection between a LM-SCA cell and SCA cell; the onset of first IPSP did not appear earlier in the train when increasing the firing frequency of the presynaptic interneuron from 25 Hz to 50 Hz. At higher presynaptic firing frequencies the IPSPs summated more readily, shown by the black trace. F: comparison of average failure rates of 1st, 2nd, 3rd and 4th IPSPs in control at DORF, frequency dependent facilitating (FDF), and depressing synapses studied. SP, stratum pyramidale, SO, stratum oriens.","p1054, Fig. 1","Ali AB","CB1 modulation of temporally distinct synaptic facilitation among local circuit interneurons mediated by N-type calcium channels in CA1","J Neurophysiol",2011,21123660,0,NULL,NULL,NULL,NULL
1007186,4015,"CA1 SCA 2311",4079,"CA1 BC CCK+","Fig. 2. Temporary release-independence via CB1 receptors at synapses displaying DORF. A: reconstruction of a LM-SCA and a basket cell (black soma, green axon). B: bath application of 14 [micro]M anandamide (CB receptor agonist) enhanced the facilitation. C: the change in the onset of release of GABA in control and in AM-251; data for individual pairs are shown (n = 5). D: the delayed release and suppression of inhibition was blocked by 10 [micro]M CB1 receptor antagonist, AM-251, changing the synaptic efficacy and the onset of the IPSPs, which appeared earlier during the train of action potentials elicited. E and F: bar graphs comparing the onset of first IPSPs during a train of presynaptic action potentials and IPSP latency at DORF, FDF, and depressing synapse in control and after bath application of AM-251. Onset of the first IPSP seem to be delayed at connections between LM-SCA and SCA interneurons. G: comparison of change in paired-pulse ratios (PPRs) in control and AM-251. *Significantly different than control first IPSPs.","p1055, Fig. 2","Ali AB","CB1 modulation of temporally distinct synaptic facilitation among local circuit interneurons mediated by N-type calcium channels in CA1","J Neurophysiol",2011,21123660,0,NULL,NULL,NULL,NULL
1007188,4015,"CA1 SCA 2311",4015,"CA1 SCA 2311","Fig. 3. Synaptic facilitation between 2 CCK-positive, SCA interneurons is release dependent. A: immunofluorescence labeling showing both recorded cells as CCK positive and VIP negative. B: reconstruction of the biocytin-labeled cells shown in A, which displayed synaptic facilitation shown in D. C: firing properties of the presynaptic SCA interneuron (shown in red below) recorded in response to 0.05 and 0.1 nA current injection. SCA cells typically displayed adapting properties (see Table 1). D: averaged responses to trains of presynaptic action potentials (black traces include all sweeps in average; gray traces include specific subsets of data). These connections typically displayed synaptic facilitation, which was greater after excluding first and second IPSP failures or only first IPSP failures. Excluding first IPSP failures resulted in larger first and smaller second IPSPs (gray traces). E: graph to illustrate the recovery of second IPSP from synaptic facilitation at longer interspike intervals (each color represents an individual pair of connection, n = 12).","p1056, Fig. 3","Ali AB","CB1 modulation of temporally distinct synaptic facilitation among local circuit interneurons mediated by N-type calcium channels in CA1","J Neurophysiol",2011,21123660,0,NULL,NULL,NULL,NULL
1007190,4000,"CA1 Pyr",4055,"CA1 O/A","Figure 3. Excitatory synaptic interactions from a CA1 pyramidal cell to an O/A interneuron. A, Depolarizing current pulse (middle trace) in the CA1 pyramidal cell evoked 5 action potentials in the CA1 cell (top trace). In the O/A interneuron (bottom trace), EPSPs (thin arrowheads) were produced following the first 4 action potentials. In the case of the fourth EPSP, it reached threshold and triggered action potential. The fifth CA1 action potential failed to evoke a response in the interneuron (thick arrowhead). A spontaneous EPSP (open arrowhead) preceded this evoked activity. These spontaneous events seemed to occur randomly and were not stimulus dependent. Small dots indicate capacitative coupling artifacts. Arrow points to 5 msec, 10 mV calibration mark. O/A interneuron RMP, -60 mV; CA1 pyramidal cell RMP, -58 mV. B, In a different pair of O/A interneuron and CA1 pyramidal cell, a single spontaneous action potential in the pyramidal cell evoked an EPSP-like event in the interneuron.","p1984, Fig. 3","Lacaille JC, Mueller AL, Kunkel DD, Schwartzkroin PA","Local circuit interactions between oriens/alveus interneurons and CA1 pyramidal cells in hippocampal slices: electrophysiology and morphology","J Neurosci",1987,3612227,0,NULL,NULL,NULL,NULL
1007192,1009,"HICAP (-)2322",4078,"DG Basket (-)2232","In addition to connections obtained from homologous interneuron types, we observed a high probability of synaptically coupled interneuronÃBCs (16.3% HICAPÃBCs, 15 pairs of 92 simultaneous dual recordings of physiologically identified HICAP-like and BC-like cells; 12.8% HIPPÃBCs 12 pairs of 94 simultaneous dual recordings from SOM-GFP and BC-like cells; Fig. 6C; see Materials and Methods), which is in agreement with the high number of GABAergic synapses at apical dendritic domains of BCs (Gulyas et al., 1999).","p8203, right middle","Savanthrapadian S, Meyer T, Elgueta C, Booker SA, Vida I, Bartos M","Synaptic properties of SOM- and CCK-expressing cells in dentate gyrus interneuron networks","J Neurosci",2014,24920624,0,NULL,NULL,NULL,NULL
1007192,1013,"HIPP (-)1002",4078,"DG Basket (-)2232","In addition to connections obtained from homologous interneuron types, we observed a high probability of synaptically coupled interneuronÃBCs (16.3% HICAPÃBCs, 15 pairs of 92 simultaneous dual recordings of physiologically identified HICAP-like and BC-like cells; 12.8% HIPPÃBCs 12 pairs of 94 simultaneous dual recordings from SOM-GFP and BC-like cells; Fig. 6C; see Materials and Methods), which is in agreement with the high number of GABAergic synapses at apical dendritic domains of BCs (Gulyas et al., 1999).","p8203, right middle","Savanthrapadian S, Meyer T, Elgueta C, Booker SA, Vida I, Bartos M","Synaptic properties of SOM- and CCK-expressing cells in dentate gyrus interneuron networks","J Neurosci",2014,24920624,0,NULL,NULL,NULL,NULL
1007194,4069,"CA1 O-LM (-)1002",4012,"CA1 NG 3000","Fig. 2. Inhibitory unitary synaptic connections between interneurons of the stratum oriens (SO) and stratum lacunosum moleculare (SLM). (A) Light microscopic reconstruction (x 100) of a biocytin-labelled O-LM neuron (soma and dendrites in black, axon in blue) and a postsynaptic neurogliaform cell (soma and dendrites in red, and axon in blue) in acute slice. Note that the axonal arbour of the O-LM remains segregated within the SLM where it overlaps extensively with the dendritic and axonal arborization of the neurogliaform cell; PYR, stratum pyramidale. (B) Scheme of the hippocampus depicting the location of the presynaptic (black) and postsynaptic (red) recorded neurons. (C) Electrophysiology of the cell pair illustrated in (A). The upper trace shows an action current elicited in the O-LM cell (black) and the lower trace illustrates the resulting unitary inhibitory postsynaptic currents (uIPSCs) in the neurogliaform cell (average in red, 30 individual sweeps in grey). (D) The uIPSCs were entirely mediated by GABA A receptors. Time course of the reversible effect of 1.2 [micro]m 2-(3-carboxypropyl)-3-amino-6-methoxyphenyl-pyridazinium bromide (SR 95531) on the amplitude of the uIPSC. (E) Summary of the properties of the uIPSCs in the paired recording experiments performed in acute slices and slice cultures. All comparisons between acute slices and slice cultures were statistically insigniÃcant (P > 0.05 ANOVA). (F) Frequency histograms of the occurrence of different types of postsynaptic recorded interneurons. Presynaptic cells in the paired recording experiments were O-LM (black bars), O-Bi (grey bar) or not determined (white bars). (G) Summary of the properties of the uIPSCs pooled from paired recording experiments performed in acute slices and slice cultures for each postsynaptic cell type. All comparisons amongst cell types were statistically insigniÃcant (P > 0.05 ANOVA). Abbreviations in (F) and (G): PP, perforant path-associated interneuron; Sch, Schaffer collateral-associated interneuron; NG, neurogliaform cell; B, basket cell; n.d., not determined.","p107, Fig. 2","Elfant D, Pal BZ, Emptage N, Capogna M","SpeciÃc inhibitory synapses shift the balance from feedforward to feedback inhibition of hippocampal CA1 pyramidal cells","Eur J Neurosci",2008,18184315,0,NULL,NULL,NULL,NULL
1007194,4069,"CA1 O-LM (-)1002",4006,"CA1 Perforant Path-Assoc (-)3200p","Fig. 2. Inhibitory unitary synaptic connections between interneurons of the stratum oriens (SO) and stratum lacunosum moleculare (SLM). (A) Light microscopic reconstruction (x 100) of a biocytin-labelled O-LM neuron (soma and dendrites in black, axon in blue) and a postsynaptic neurogliaform cell (soma and dendrites in red, and axon in blue) in acute slice. Note that the axonal arbour of the O-LM remains segregated within the SLM where it overlaps extensively with the dendritic and axonal arborization of the neurogliaform cell; PYR, stratum pyramidale. (B) Scheme of the hippocampus depicting the location of the presynaptic (black) and postsynaptic (red) recorded neurons. (C) Electrophysiology of the cell pair illustrated in (A). The upper trace shows an action current elicited in the O-LM cell (black) and the lower trace illustrates the resulting unitary inhibitory postsynaptic currents (uIPSCs) in the neurogliaform cell (average in red, 30 individual sweeps in grey). (D) The uIPSCs were entirely mediated by GABA A receptors. Time course of the reversible effect of 1.2 [micro]m 2-(3-carboxypropyl)-3-amino-6-methoxyphenyl-pyridazinium bromide (SR 95531) on the amplitude of the uIPSC. (E) Summary of the properties of the uIPSCs in the paired recording experiments performed in acute slices and slice cultures. All comparisons between acute slices and slice cultures were statistically insigniÃcant (P > 0.05 ANOVA). (F) Frequency histograms of the occurrence of different types of postsynaptic recorded interneurons. Presynaptic cells in the paired recording experiments were O-LM (black bars), O-Bi (grey bar) or not determined (white bars). (G) Summary of the properties of the uIPSCs pooled from paired recording experiments performed in acute slices and slice cultures for each postsynaptic cell type. All comparisons amongst cell types were statistically insigniÃcant (P > 0.05 ANOVA). Abbreviations in (F) and (G): PP, perforant path-associated interneuron; Sch, Schaffer collateral-associated interneuron; NG, neurogliaform cell; B, basket cell; n.d., not determined.","p107, Fig. 2","Elfant D, Pal BZ, Emptage N, Capogna M","SpeciÃc inhibitory synapses shift the balance from feedforward to feedback inhibition of hippocampal CA1 pyramidal cells","Eur J Neurosci",2008,18184315,0,NULL,NULL,NULL,NULL
1007194,4069,"CA1 O-LM (-)1002",4015,"CA1 Schaffer Collateral-Assoc (-)2311","Fig. 2. Inhibitory unitary synaptic connections between interneurons of the stratum oriens (SO) and stratum lacunosum moleculare (SLM). (A) Light microscopic reconstruction (x 100) of a biocytin-labelled O-LM neuron (soma and dendrites in black, axon in blue) and a postsynaptic neurogliaform cell (soma and dendrites in red, and axon in blue) in acute slice. Note that the axonal arbour of the O-LM remains segregated within the SLM where it overlaps extensively with the dendritic and axonal arborization of the neurogliaform cell; PYR, stratum pyramidale. (B) Scheme of the hippocampus depicting the location of the presynaptic (black) and postsynaptic (red) recorded neurons. (C) Electrophysiology of the cell pair illustrated in (A). The upper trace shows an action current elicited in the O-LM cell (black) and the lower trace illustrates the resulting unitary inhibitory postsynaptic currents (uIPSCs) in the neurogliaform cell (average in red, 30 individual sweeps in grey). (D) The uIPSCs were entirely mediated by GABA A receptors. Time course of the reversible effect of 1.2 [micro]m 2-(3-carboxypropyl)-3-amino-6-methoxyphenyl-pyridazinium bromide (SR 95531) on the amplitude of the uIPSC. (E) Summary of the properties of the uIPSCs in the paired recording experiments performed in acute slices and slice cultures. All comparisons between acute slices and slice cultures were statistically insigniÃcant (P > 0.05 ANOVA). (F) Frequency histograms of the occurrence of different types of postsynaptic recorded interneurons. Presynaptic cells in the paired recording experiments were O-LM (black bars), O-Bi (grey bar) or not determined (white bars). (G) Summary of the properties of the uIPSCs pooled from paired recording experiments performed in acute slices and slice cultures for each postsynaptic cell type. All comparisons amongst cell types were statistically insigniÃcant (P > 0.05 ANOVA). Abbreviations in (F) and (G): PP, perforant path-associated interneuron; Sch, Schaffer collateral-associated interneuron; NG, neurogliaform cell; B, basket cell; n.d., not determined.","p107, Fig. 2","Elfant D, Pal BZ, Emptage N, Capogna M","SpeciÃc inhibitory synapses shift the balance from feedforward to feedback inhibition of hippocampal CA1 pyramidal cells","Eur J Neurosci",2008,18184315,0,NULL,NULL,NULL,NULL
1007194,4069,"CA1 O-LM (-)1002",4078,"CA1 Basket (-)2232","Fig. 2. Inhibitory unitary synaptic connections between interneurons of the stratum oriens (SO) and stratum lacunosum moleculare (SLM). (A) Light microscopic reconstruction (x 100) of a biocytin-labelled O-LM neuron (soma and dendrites in black, axon in blue) and a postsynaptic neurogliaform cell (soma and dendrites in red, and axon in blue) in acute slice. Note that the axonal arbour of the O-LM remains segregated within the SLM where it overlaps extensively with the dendritic and axonal arborization of the neurogliaform cell; PYR, stratum pyramidale. (B) Scheme of the hippocampus depicting the location of the presynaptic (black) and postsynaptic (red) recorded neurons. (C) Electrophysiology of the cell pair illustrated in (A). The upper trace shows an action current elicited in the O-LM cell (black) and the lower trace illustrates the resulting unitary inhibitory postsynaptic currents (uIPSCs) in the neurogliaform cell (average in red, 30 individual sweeps in grey). (D) The uIPSCs were entirely mediated by GABA A receptors. Time course of the reversible effect of 1.2 [micro]m 2-(3-carboxypropyl)-3-amino-6-methoxyphenyl-pyridazinium bromide (SR 95531) on the amplitude of the uIPSC. (E) Summary of the properties of the uIPSCs in the paired recording experiments performed in acute slices and slice cultures. All comparisons between acute slices and slice cultures were statistically insigniÃcant (P > 0.05 ANOVA). (F) Frequency histograms of the occurrence of different types of postsynaptic recorded interneurons. Presynaptic cells in the paired recording experiments were O-LM (black bars), O-Bi (grey bar) or not determined (white bars). (G) Summary of the properties of the uIPSCs pooled from paired recording experiments performed in acute slices and slice cultures for each postsynaptic cell type. All comparisons amongst cell types were statistically insigniÃcant (P > 0.05 ANOVA). Abbreviations in (F) and (G): PP, perforant path-associated interneuron; Sch, Schaffer collateral-associated interneuron; NG, neurogliaform cell; B, basket cell; n.d., not determined.","p107, Fig. 2","Elfant D, Pal BZ, Emptage N, Capogna M","SpeciÃc inhibitory synapses shift the balance from feedforward to feedback inhibition of hippocampal CA1 pyramidal cells","Eur J Neurosci",2008,18184315,0,NULL,NULL,NULL,NULL
1007196,4012,"CA1 NG 3000",4012,"CA1 NG 3000","Figure 1. Slow IPSCs recorded from NGFCs. A1, A short square depolarizing voltage pulse applied to a presynaptic NGFC elicited a fast initial action current (top trace), which in turn gave rise to a slow IPSC in a postsynaptic NGFC (bottom trace). A2, Closer inspection of the presynaptic current trace reveals an inward autaptic current after the action current (truncated), which has a similar waveform to the postsynaptic IPSC. B, Representative traces showing unitary postsynaptic (B1) and unitary autaptic (B2) IPSCs evoked in NGFCs in control conditions (black) and abolished by the GABA A receptor antagonist SR95531 (5 [micro]M; red). Note that the presynaptic action current that evoked the response shown in B1 is omitted. Note also the presence of a fast transient inward current (arrow) in the traces illustrated in B1 indicating the presence of an electrical connection in the IPSC. C, Light microscopic reconstruction (100 x) of a biocytin-labeled NGFC (soma and dendrites in red; axon in blue) in acute slice. The axonal arbor remains mostly segregated within the SLM but at some locations crosses the hippocampal fissure into the stratum moleculare. Note also that the axon overlaps extensively with the dendritic arbor forming putative autaptic contacts.","p9900, Fig. 1","Karayannia T, Elfant D, Huerta-Ocampo I, Teki S, Scott RS, Rusakov DA, Jones MV, Capogna M","Slow GABA Transient and Receptor Desensitization Shape Synaptic Responses Evoked by Hippocampal Neurogliaform Cells","J Neurosci",2010,20660272,0,NULL,NULL,NULL,NULL
1007198,4078,"CA1 BC",4080,"CA1 Bistratified","Fig. 2. Intracellularly labelled basket cell-to-bistratiÃed cell pair. The light microscopic reconstruction shows the presynaptic basket cell (soma and dendrites in red, axon in black) and the nearby postsynaptic interneuron (blue) which has the distinctive dendritic characteristics of a bistratiÃed cell. 31 Arrows indicate the main axons originating from each cell. The axon of the basket cell was similar to those published earlier, 31 therefore only the branches innervating the putative bistratiÃed cell are indicated for clarity. The postsynaptic cell gives rise to two main axons, which emerge from the basal portion of the soma. The inset indicates all electron microscopically identiÃed sites of synaptic contact (n=12; see Fig. 3) made by 10 boutons of the presynaptic basket cell axon onto the postsynaptic bistratiÃed cell. In two instances (marked with an asterisk), a single bouton formed two active zones, so that in total, seven synaptic junctions were made onto the soma and the remaining Ãve onto proximal dendritic shafts. Electron microscopic evaluation of randomly selected synaptic terminals (n=12) showed that the basket cell innervated somata (50% of targets tested) and proximal dendritic shafts (50%) of unlabelled pyramidal cells. SP, stratum pyramidale; SR, stratum radiatum. Scale bar=100 Âµm; Inset scale bar=50 Âµm.","p633, Fig. 2","Cobb SR, Halasy K, Vida I, Nyiri G, TamÂs G, Buhl EH, Somogyi P","Synaptic effects of identified interneurons innervating both interneurons and pyramidal cells in the rat hippocampus.","Neuroscience",1997,9219929,0,NULL,NULL,NULL,NULL
1007200,4078,"CA1 BC",4078,"CA1 BC","Fig. 1. Light microscopic reconstruction and physiological characterization of basket-to-basket cell interaction. (A) The presynaptic cell (soma and dendrites in red, axon in black) and the postsynaptic cell (soma and dendrites in blue, axon in red) are similar, showing a concentration of axon in the pyramidal cell layer (SP), which is characteristic of basket cells. Electron microscopic analysis of the postsynaptic targets identiÃed both cells as basket cells. Both dendritic arbors were reconstructed from the entire slice, but, for clarity, from the axonal arbors only those collaterals are illustrated which were in continuity with the respective initial segments in two adjacent 60-Âµm-thick sections. Note that in these sections, the presynaptic axon overlaps with the dendrites of the postsynaptic cell. (B, C) Synaptic coupling was revealed by evoking single action potentials in the presynaptic basket neuron (red) and concomitantly monitoring the evoked response in the postsynaptic neuron (blue). In the average (n=828 sweeps) it is apparent that presynaptic Ãring elicited short-latency hyperpolarizing IPSPs with fast kinetics. (D) In response to depolarizing current pulses (350 ms; 1.1 nA) the postsynaptic basket cell Ãred a weakly accommodating train of short-duration action potentials. (E) Upon injection of hyperpolarizing pulses a small degree of time-dependent inward rectiÃcation became apparent. SR, stratum radiatum; SO, stratum oriens; SLM, stratum lacunosum moleculare. Scale bar=100 Âµm.","p632, Fig. 1","Cobb SR, Halasy K, Vida I, Nyiri G, TamÂs G, Buhl EH, Somogyi P","Synaptic effects of identified interneurons innervating both interneurons and pyramidal cells in the rat hippocampus.","Neuroscience",1997,9219929,0,NULL,NULL,NULL,NULL
1007202,4078,"CA1 BC",4013,"CA1 Radial Trilaminar","FIG. 9. IPSPs elicited in a single postsynaptic radial trilaminar interneuron (A, black soma/dendrites, grey axon) by a R-AHP (Basket cell 1 in B, only axon recovered) and a RS cell (Basket cell 2, in B). Since the three axonal arbours overlapped, they are drawn separately, but in register (A and B). (C and D) The IPSPs elicited by Basket cells 1 and 2, respectively, by single spikes and spike pairs are superimposed (above, dotted lines represent the decay of the single spike IPSP) and by trains of Ãve spikes (below). Summation and second IPSP depression are apparent. The IPSPs elicited by the R-AHP cell are briefer than those elicited by the RS cell.","p1751, Fig. 9","Ali AB, Bannister AP, Thomson AM","IPSPs elicited in CA1 pyramidal cells by putative basket cells in slices of adult rat hippocampus.","Eur J Neurosci",1999,10215927,0,NULL,NULL,NULL,NULL
1007204,4012,"CA1 Neurogliaform ??",4094,"CA1 Cajal-Retzius","Figure 3. Synaptic signaling between stratum lacunosum-moleculare interneurons and Cajal-Retzius cells. A, Anatomical reconstruction of a neurogliaform -> Cajal-Retzius cell connected pair (P12). Somatodendritic arborization of the interneuron in blue, axon in black. Somatodendritic structure of the Cajal-Retzius cell in red, axon in gray. The inset shows the averaged postsynaptic response of the Cajal-Retzius cell (red) to a train of action potentials in the interneuron (blue). B, C, Examples of uPSCs recorded on Cajal-Retzius cells in different pairs. B, Postsynaptic currents in response to a train of action potentials in the interneuron (blue) generate a very weak signal, barely recognizable in single sweeps (black) but clearly identifiable in an averaged trace (red, P12). C, Identical to B, but notice the larger postsynaptic responses already recognizable in single trials (P12).","p5489, Fig. 3","Quattrocolo G, Maccaferri G","Novel GABAergic circuits mediating excitation/inhibition of Cajal-Retzius cells in the developing hippocampus.","J Neurosci",2013,23536064,0,NULL,NULL,NULL,NULL
1007204,4011,"CA1 Neurogliaform ??",4094,"CA1 Cajal-Retzius","Figure 3. Synaptic signaling between stratum lacunosum-moleculare interneurons and Cajal-Retzius cells. A, Anatomical reconstruction of a neurogliaform -> Cajal-Retzius cell connected pair (P12). Somatodendritic arborization of the interneuron in blue, axon in black. Somatodendritic structure of the Cajal-Retzius cell in red, axon in gray. The inset shows the averaged postsynaptic response of the Cajal-Retzius cell (red) to a train of action potentials in the interneuron (blue). B, C, Examples of uPSCs recorded on Cajal-Retzius cells in different pairs. B, Postsynaptic currents in response to a train of action potentials in the interneuron (blue) generate a very weak signal, barely recognizable in single sweeps (black) but clearly identifiable in an averaged trace (red, P12). C, Identical to B, but notice the larger postsynaptic responses already recognizable in single trials (P12).","p5489, Fig. 3","Quattrocolo G, Maccaferri G","Novel GABAergic circuits mediating excitation/inhibition of Cajal-Retzius cells in the developing hippocampus.","J Neurosci",2013,23536064,0,NULL,NULL,NULL,NULL
1007206,4012,"CA1 Neurogliaform ??",4094,"CA1 Cajal-Retzius","Figure 13. Cajal-Retzius cells within the hippocampal circuit. The main conclusions of this work and relevant previous reports in the literature are summarized in a diagram. We have identified two novel presynaptic sources of GABAergic input to Cajal-Retzius cells (C-R): neurogliaform cells (NG; synapse indicated by 1) and O-LM cells (O-LM; synapse indicated by 2). Results of our work, together with previous results in the literature suggest that the disynaptic loop from pyramidal cells (P) to O-LM cells (synapse 6, facilitating; Ali and Thomson, 1998; Losonczy et al., 2002) and from O-LM cells to Cajal-Retzius cells (present work; synapse 2) may be particular efficient in activating Cajal-Retzius cells. Notice that, at the same time, O-LM cells have been reported to provide GABAergic input to neurogliaform cells (synapse 3; Elfant et al., 2008) and pyramidal neurons (synapse 5; Maccaferri et al., 2000). Also, neurogliaform cells have been shown to be the source of GABA A,slow-mediated synaptic input to pyramidal neurons (for review, see Capogna and Pearce, 2011). L-M, Stratum lacunosum-moleculare; R, stratum radiatum; P, stratum pyramidale; O, stratum oriens; A, alveus.","p5497, Fig. 13","Quattrocolo G, Maccaferri G","Novel GABAergic circuits mediating excitation/inhibition of Cajal-Retzius cells in the developing hippocampus.","J Neurosci",2013,23536064,0,NULL,NULL,NULL,NULL
1007206,4011,"CA1 Neurogliaform ??",4094,"CA1 Cajal-Retzius","Figure 13. Cajal-Retzius cells within the hippocampal circuit. The main conclusions of this work and relevant previous reports in the literature are summarized in a diagram. We have identified two novel presynaptic sources of GABAergic input to Cajal-Retzius cells (C-R): neurogliaform cells (NG; synapse indicated by 1) and O-LM cells (O-LM; synapse indicated by 2). Results of our work, together with previous results in the literature suggest that the disynaptic loop from pyramidal cells (P) to O-LM cells (synapse 6, facilitating; Ali and Thomson, 1998; Losonczy et al., 2002) and from O-LM cells to Cajal-Retzius cells (present work; synapse 2) may be particular efficient in activating Cajal-Retzius cells. Notice that, at the same time, O-LM cells have been reported to provide GABAergic input to neurogliaform cells (synapse 3; Elfant et al., 2008) and pyramidal neurons (synapse 5; Maccaferri et al., 2000). Also, neurogliaform cells have been shown to be the source of GABA A,slow-mediated synaptic input to pyramidal neurons (for review, see Capogna and Pearce, 2011). L-M, Stratum lacunosum-moleculare; R, stratum radiatum; P, stratum pyramidale; O, stratum oriens; A, alveus.","p5497, Fig. 13","Quattrocolo G, Maccaferri G","Novel GABAergic circuits mediating excitation/inhibition of Cajal-Retzius cells in the developing hippocampus.","J Neurosci",2013,23536064,0,NULL,NULL,NULL,NULL
1007206,4069,"CA1 O-LM 1002",4094,"CA1 Cajal-Retzius","Figure 13. Cajal-Retzius cells within the hippocampal circuit. The main conclusions of this work and relevant previous reports in the literature are summarized in a diagram. We have identified two novel presynaptic sources of GABAergic input to Cajal-Retzius cells (C-R): neurogliaform cells (NG; synapse indicated by 1) and O-LM cells (O-LM; synapse indicated by 2). Results of our work, together with previous results in the literature suggest that the disynaptic loop from pyramidal cells (P) to O-LM cells (synapse 6, facilitating; Ali and Thomson, 1998; Losonczy et al., 2002) and from O-LM cells to Cajal-Retzius cells (present work; synapse 2) may be particular efficient in activating Cajal-Retzius cells. Notice that, at the same time, O-LM cells have been reported to provide GABAergic input to neurogliaform cells (synapse 3; Elfant et al., 2008) and pyramidal neurons (synapse 5; Maccaferri et al., 2000). Also, neurogliaform cells have been shown to be the source of GABA A,slow-mediated synaptic input to pyramidal neurons (for review, see Capogna and Pearce, 2011). L-M, Stratum lacunosum-moleculare; R, stratum radiatum; P, stratum pyramidale; O, stratum oriens; A, alveus.","p5497, Fig. 13","Quattrocolo G, Maccaferri G","Novel GABAergic circuits mediating excitation/inhibition of Cajal-Retzius cells in the developing hippocampus.","J Neurosci",2013,23536064,0,NULL,NULL,NULL,NULL
1007208,4094,"CA1 Cajal-Retzius",4012,"CA1 Neurogliaform 3000","Figure 3. Light stimulation of Cajal-Retzius cells triggers inward currents in stratum lacunosum-moleculare interneurons held in voltage clamp (V h =_x0005_ -60 mV). A, Anatomical reconstruction of four neurogliaform-like cells with local axonal arborization in stratum lacunosum-moleculare (gray area, l-m). Somatodendritic arborization in red, axon in black. B, Corresponding postsynaptic currents recorded from the interneurons in A after the delivery of light flashes (blue traces) to stratum lacunosum-moleculare. Three overlapping responses are shown for every neuron.","p13022, Fig. 3","Quattrocolo G, Maccaferri G","Optogenetic activation of cajal-retzius cells reveals their glutamatergic output and a novel feedforward circuit in the developing mouse hippocampus.","J Neurosci",2014,25253849,0,NULL,NULL,NULL,NULL
1007210,4094,"CA1 Cajal-Retzius",4000,"CA1 Pyramidal","Figure 6. Cajal-Retzius cells contact CA1 pyramidal cells via AMPA and NMDA glutamate receptors. A, Anatomical reconstruction of a CA1 pyramidal cell in which a postsynaptic response with a D-AP5-sensitive component was recorded following light stimulation [gray, stratum lacunosum-moleculare (l-m)]. B, Top, Postsynaptic responses recorded at V h = -60 mV in control conditions and after the addition of NBQX (20 _x0002_[micro]M). Three sweeps are superimposed for each condition. Bottom, Summary plot (empty circles, mean; bars, SE) of the time course of the effect of NBQX application (black bar) on the postsynaptic responses (norm peak, normalized peak). C, Top, Postsynaptic responses (three sweeps superimposed) recorded at V h = -30 mV before and after the application of D-AP5 (50 [micro]_x0002_M). Averaged traces in the two conditions (black trace, control; gray trace, D-AP5) are superimposed after scaling. Bottom, Summary graphs of the effect of D-AP5 on the normalized amplitude (left, norm peak, empty circles are individual experiments) and the half-width (right, empty squares are individual experiments) of the postsynaptic responses.","p13023, Fig. 6","Quattrocolo G, Maccaferri G","Optogenetic activation of cajal-retzius cells reveals their glutamatergic output and a novel feedforward circuit in the developing mouse hippocampus.","J Neurosci",2014,25253849,0,NULL,NULL,NULL,NULL
1007212,4094,"CA1 Cajal-Retzius",4012,"CA1 Neurogliaform 3000","Figure 14. Cajal-Retzius cells within the hippocampal circuit. We identified Cajal-Retzius cells (C-R) as a novel source of glutamatergic inputs for neurogliaform cells (NG; synapse indicated by 1) and pyramidal cells (P; synapse indicated by 2; but notice that the possibility that different types of Cajal-Retzius cells target either interneurons or pyramidal cells cannot be excluded; also, please see Discussion for the possibility of spillover). In addition, Cajal-Retzius cells, through the modulation of the interneurons activity, are able to drive a powerful disynaptic inhibition on pyramidal cells (synapse 3; for a review of the neurogliaform-pyramidal cells connection, see Capogna and Pearce, 2011). Data in the literature show that neurogliaform cells activity can be modulated by inputs from O-LM cells (synapse 4; Elfant et al., 2008), which also provides GABAergic inhibitory inputs to pyramidal cells (synapse indicated by 5; Maccaferri et al., 2000) and GABAergic excitatory inputs to Cajal-Retzius cells (synapse indicated by 6; Quattrocolo and Maccaferri, 2013). O-LM cells create a feedback inhibitory loop with pyramidal cells, which are their main source of excitatory inputs (synapse indicated by 7; Ali and Thomson, 1998; Losonczy et al., 2002). The activity of Cajal-Retzius cells can also be modulated by GABAergic inputs from neurogliaform cells (synapse indicated by 8; Quattrocolo and Maccaferri, 2013), whose final effect depends on the level of polarization of the membrane of Cajal-Retzius cells. L-M, stratum lacunosum-moleculare; R, Stratum radiatum; P, stratum pyramidale; O, stratum oriens; A, alveus.","p13029, Fig. 14","Quattrocolo G, Maccaferri G","Optogenetic activation of cajal-retzius cells reveals their glutamatergic output and a novel feedforward circuit in the developing mouse hippocampus.","J Neurosci",2014,25253849,0,NULL,NULL,NULL,NULL
1007212,4094,"CA1 Cajal-Retzius",4000,"CA1 Pyramidal","Figure 14. Cajal-Retzius cells within the hippocampal circuit. We identified Cajal-Retzius cells (C-R) as a novel source of glutamatergic inputs for neurogliaform cells (NG; synapse indicated by 1) and pyramidal cells (P; synapse indicated by 2; but notice that the possibility that different types of Cajal-Retzius cells target either interneurons or pyramidal cells cannot be excluded; also, please see Discussion for the possibility of spillover). In addition, Cajal-Retzius cells, through the modulation of the interneurons activity, are able to drive a powerful disynaptic inhibition on pyramidal cells (synapse 3; for a review of the neurogliaform-pyramidal cells connection, see Capogna and Pearce, 2011). Data in the literature show that neurogliaform cells activity can be modulated by inputs from O-LM cells (synapse 4; Elfant et al., 2008), which also provides GABAergic inhibitory inputs to pyramidal cells (synapse indicated by 5; Maccaferri et al., 2000) and GABAergic excitatory inputs to Cajal-Retzius cells (synapse indicated by 6; Quattrocolo and Maccaferri, 2013). O-LM cells create a feedback inhibitory loop with pyramidal cells, which are their main source of excitatory inputs (synapse indicated by 7; Ali and Thomson, 1998; Losonczy et al., 2002). The activity of Cajal-Retzius cells can also be modulated by GABAergic inputs from neurogliaform cells (synapse indicated by 8; Quattrocolo and Maccaferri, 2013), whose final effect depends on the level of polarization of the membrane of Cajal-Retzius cells. L-M, stratum lacunosum-moleculare; R, Stratum radiatum; P, stratum pyramidale; O, stratum oriens; A, alveus.","p13029, Fig. 14","Quattrocolo G, Maccaferri G","Optogenetic activation of cajal-retzius cells reveals their glutamatergic output and a novel feedforward circuit in the developing mouse hippocampus.","J Neurosci",2014,25253849,0,NULL,NULL,NULL,NULL
1007214,2047,"CA3 Horiz AA",2000,"CA3 Pyramidal (+)23223p","Fig. 1. Electrophysiological and morphological properties of the three types of perisomatic inhibitory interneurons in the CA3 region of the mouse hippocampus. ... (B) Camera lucida reconstructions of representative biocytin-loaded neurons. Left, fast-spiking basket cell (FSBC); middle, axo-axonic cell {CA3 Horizontal Axo-axonic} (AAC); right, regular-spiking basket cell (RSBC). Cell bodies and dendrites of interneurons are shown in black and axon clouds in red. ... (E) Double immunofluorescent labelling as in C shows tight appositions of biocytin-labelled boutons (green; arrowheads) and ankyrin-G-labelled AISs [action initial segments] (yellow; arrows), suggesting that this neuron is an AAC {CA3 Horizontal Axo-axonic}. (F) An electron micrograph of a peroxidase-labelled axon ending of the same cell as in E confirms that this interneuron formed synapses (arrow) on AISs of CA3 pyramidal cells, indicating that the recorded neuron was an AAC. Arrowheads show undercoating, characteristic of AISs. Scale bar in F, 100 [micro]m (B), 15 [micro]m (C and E) and 0.5 [micro]m (D and F).","p2237, Figure 1B,E,F","Szabo GG, Holderith N, Gulyas AI, Freund TF, Hajos N","Distinct synaptic properties of perisomatic inhibitory cell types and their different modulation by cholinergic receptor activation in the CA3 region of the mouse hippocampus.","Eur J Neurosci",2010,20529124,0,NULL,NULL,NULL,NULL
1007218,2028,NULL,2000,"CA3, CA1 Pyramidal cells","Single AACs have been shown to innervate between 250 (in cortex) [14] and 1200 (in hippocampus) [19] pyramidal cells, indicating the potential to synchronize many cells.","p311, left middle","Howard A, Tamas G, Soltesz I","Lighting the chandelier: new vistas for axo-axonic cells","Trends in Neuroscience",2005,15927687,0,NULL,NULL,NULL,NULL
1007218,4036,NULL,4000,"CA3, CA1 Pyramidal cells","Single AACs have been shown to innervate between 250 (in cortex) [14] and 1200 (in hippocampus) [19] pyramidal cells, indicating the potential to synchronize many cells.","p311, left middle","Howard A, Tamas G, Soltesz I","Lighting the chandelier: new vistas for axo-axonic cells","Trends in Neuroscience",2005,15927687,0,NULL,NULL,NULL,NULL
1007220,1010,NULL,1000,"GC, MC, CA3&CA1 PC","Although other cell types show target specificity, AACs outshine them all with their remarkable precision. In nearly all quantitative studies, regardless of species or brain area, every chandelier cell terminal synapses with the AISs of pyramidal cells, granule cells or mossy cells [3,7,10,14,16,28Ã30].","p311, left bottom","Howard A, Tamas G, Soltesz I","Lighting the chandelier: new vistas for axo-axonic cells","Trends in Neuroscience",2005,15927687,0,NULL,NULL,NULL,NULL
1007220,1010,NULL,1002,"GC, MC, CA3&CA1 PC","Although other cell types show target specificity, AACs outshine them all with their remarkable precision. In nearly all quantitative studies, regardless of species or brain area, every chandelier cell terminal synapses with the AISs of pyramidal cells, granule cells or mossy cells [3,7,10,14,16,28Ã30].","p311, left bottom","Howard A, Tamas G, Soltesz I","Lighting the chandelier: new vistas for axo-axonic cells","Trends in Neuroscience",2005,15927687,0,NULL,NULL,NULL,NULL
1007220,2028,NULL,2000,"GC, MC, CA3&CA1 PC","Although other cell types show target specificity, AACs outshine them all with their remarkable precision. In nearly all quantitative studies, regardless of species or brain area, every chandelier cell terminal synapses with the AISs of pyramidal cells, granule cells or mossy cells [3,7,10,14,16,28Ã30].","p311, left bottom","Howard A, Tamas G, Soltesz I","Lighting the chandelier: new vistas for axo-axonic cells","Trends in Neuroscience",2005,15927687,0,NULL,NULL,NULL,NULL
1007220,4036,NULL,4000,"GC, MC, CA3&CA1 PC","Although other cell types show target specificity, AACs outshine them all with their remarkable precision. In nearly all quantitative studies, regardless of species or brain area, every chandelier cell terminal synapses with the AISs of pyramidal cells, granule cells or mossy cells [3,7,10,14,16,28Ã30].","p311, left bottom","Howard A, Tamas G, Soltesz I","Lighting the chandelier: new vistas for axo-axonic cells","Trends in Neuroscience",2005,15927687,0,NULL,NULL,NULL,NULL
1007222,2028,NULL,2000,"CA3, CA1 Pyramidal cells","Figure 2. Axon initial segment (AIS) specializations: the differences between the axo-axonic cell (AAC)Ãpyramidal cell synapse (left) and the cerebellar basket cellÃPurkinje cell synapse (right). Some molecules are present only in subsets of AAC boutons, such as PSA-NCAM in human temporal cortex and subiculum [25,26], 5-HT1A in monkey and human temporal neocortex [47] and M2 ACh receptors in rat hippocampus [48]. Importantly, the NaC channel Nav1.6 and the cell adhesion molecules NrCAM and neurofascin are only known to be localized at the Purkinje cell AIS [49,51]. The different morphologies of the two types of presynaptic terminals and the presence of glia in the case of the cerebellum are also illustrated. Note that AACs provide multiple synapses exclusively to pyramidal cell AISs, whereas cerebellar basket cells provide synapses mostly to Purkinje cell somata, and at most two synapses to the Purkinje cell AIS.","p312, Fig. 2","Howard A, Tamas G, Soltesz I","Lighting the chandelier: new vistas for axo-axonic cells","Trends in Neuroscience",2005,15927687,0,NULL,NULL,NULL,NULL
1007222,4036,NULL,4000,"CA3, CA1 Pyramidal cells","Figure 2. Axon initial segment (AIS) specializations: the differences between the axo-axonic cell (AAC)Ãpyramidal cell synapse (left) and the cerebellar basket cellÃPurkinje cell synapse (right). Some molecules are present only in subsets of AAC boutons, such as PSA-NCAM in human temporal cortex and subiculum [25,26], 5-HT1A in monkey and human temporal neocortex [47] and M2 ACh receptors in rat hippocampus [48]. Importantly, the NaC channel Nav1.6 and the cell adhesion molecules NrCAM and neurofascin are only known to be localized at the Purkinje cell AIS [49,51]. The different morphologies of the two types of presynaptic terminals and the presence of glia in the case of the cerebellum are also illustrated. Note that AACs provide multiple synapses exclusively to pyramidal cell AISs, whereas cerebellar basket cells provide synapses mostly to Purkinje cell somata, and at most two synapses to the Purkinje cell AIS.","p312, Fig. 2","Howard A, Tamas G, Soltesz I","Lighting the chandelier: new vistas for axo-axonic cells","Trends in Neuroscience",2005,15927687,0,NULL,NULL,NULL,NULL
2000000,1000,"DG Granule (+)2201p",4012,"DG Neurogliaform (+)3000p","No GC to NGFC connections were observed in any of the 59 paired recordings.","p1480, right bottom","Armstrong C, Szabadics J, TamÂs G, Soltesz I.","Neurogliaform cells in the molecular layer of the dentate gyrus as feed-forward _-aminobutyric acidergic modulators of entorhinal-hippocampal interplay.","J Comp Neurol",2011,21452204,0,NULL,NULL,NULL,NULL
2000001,4011,"DG Neurogliaform (+)3000p",1000,"DG Granule (+)2201p","Among 59 paired recordings of molecular layer interneurons with late-spiking firing patterns and GCs, 32 were connected (54%) and 14 connected pairs were confirmed as NGFCs (see Materials and Methods); 11 of the 14 connected NGFC pairs could be observed with a single presynaptic action potential.","p1480, right bottom","Armstrong C, Szabadics J, TamÂs G, Soltesz I.","Neurogliaform cells in the molecular layer of the dentate gyrus as feed-forward _-aminobutyric acidergic modulators of entorhinal-hippocampal interplay.","J Comp Neurol",2011,21452204,0,NULL,NULL,NULL,NULL
2000002,4011,"DG Neurogliaform (+)3000p",4012,"DG Neurogliaform (+)3000p","Among the 11 total pairs, both neurons could be positively identified as either NGFCs or non-NGFCs in nine pairs; two pairs were between two NGFCs, and seven pairs were between NGFCs and non-NGFCs. Some examples and a summary of the diversity of connectivity of dentate NGFCs observed in these experiments are given in Figure 6.","p1485, right top","Armstrong C, Szabadics J, TamÂs G, Soltesz I.","Neurogliaform cells in the molecular layer of the dentate gyrus as feed-forward _-aminobutyric acidergic modulators of entorhinal-hippocampal interplay.","J Comp Neurol",2011,21452204,0,NULL,NULL,NULL,NULL
2000003,1000,"DG Granule (+)2201p",1000,"DG Granule (+)2201p","Table 4. Synaptic parameters of dentate network","p440, Bottom","Santhakumar V, Aradi I, Soltesz I","Role of mossy fiber sprouting and mossy cell loss in hyperexcitability: a network model of the dentate gyrus incorporating cell types and axonal topography.","J Neurophysiol",2005,15342722,0,NULL,NULL,NULL,NULL
2000004,1035,"DG Basket (-)2232",4078,"DG Basket (-)2232","Fig 1 C1","p8200","Savanthrapadian S, Meyer T, Elgueta C, Booker SA, Vida I, Bartos M","Synaptic properties of SOM- and CCK-expressing cells in dentate gyrus interneuron networks","J Neurosci",2014,24920624,0,NULL,NULL,NULL,NULL
2000005,1009,"HICAP (-)2322",1009,"HICAP (-)2322","Fig 1 C2","p8200","Savanthrapadian S, Meyer T, Elgueta C, Booker SA, Vida I, Bartos M","Synaptic properties of SOM- and CCK-expressing cells in dentate gyrus interneuron networks","J Neurosci",2014,24920624,0,NULL,NULL,NULL,NULL
2000006,1013,"HIPP (-)1002",1013,"HIPP (-)1002","Fig 1 C3","p8200","Savanthrapadian S, Meyer T, Elgueta C, Booker SA, Vida I, Bartos M","Synaptic properties of SOM- and CCK-expressing cells in dentate gyrus interneuron networks","J Neurosci",2014,24920624,0,NULL,NULL,NULL,NULL
2000007,1009,"HICAP (-)2322",4078,"DG Basket (-)2232","Signaling characteristics of HICAPÃBCs were quite similar to HICAPÃHICAP synapses. Conformities applied to the low synaptic strength and reliability in GABA release, indicating weak and unreliable inhibition (amplitude: 24.4 Â± 5.8 pA vs 12.9 Â± 3.9 pA, respectively, p = 0.771; failures: 48.3 Â± 5.3 vs 57.2 Â± 6.5%, respectively, p = 0.845). Furthermore, the mean synaptic latency (HICAPÃBC: 2.1 Â± 0.1 ms vs HICAPÃHICAP: 2.2 Â± 0.1 ms; 8 vs 15 pairs, p = 0.705) as well as the mean rise time of uIPSCs (HICAPÃBC: 0.69 Â± 0.06 ms vs HICAPÃHICAP: 0.7 Â± 0.08 ms, p = 0.762) did not differ between both types of synapses (Figs. 2A and 6A). This can be largely explained by the proposed same proximal dendritic synapse location (Fig. 3A). Moreover, precision in GABA release defined as the CV of synaptic latency was comparably low (HICAPÃBC: 0.46 Â± 0.07 vs HICAPÃHICAP: 0.43 Â± 0.08, p = 0.874; Figs. 2A and 6B).","p8203 right middle","Savanthrapadian S, Meyer T, Elgueta C, Booker SA, Vida I, Bartos M","Synaptic properties of SOM- and CCK-expressing cells in dentate gyrus interneuron networks","J Neurosci",2014,24920624,0,NULL,NULL,NULL,NULL
2000008,1013,"HIPP (-)1002",4078,"DG Basket (-)2232","In contrast, some signaling properties of HIPPÃBCs were markedly different from HIPPÃHIPP synapses. The synaptic latency was 1.6-fold, and the rise time was 1.4 times longer at HIPPÃBC than HIPPÃHIPP synapses (latency: 2.1 Â± 0.2 ms, 6 pairs vs 1.5 Â± 0.16 ms, 6 pairs, respectively; p = 0.03; rise time: 0.7 Â± 0.1 ms vs 0.4 Â± 0.06 ms, respectively, p = 0.05; Figs. 2A and 6A; but see amplitude 62.1 Â± 28.4 pA vs 25.0 Â± 11.3 pA; p = 0.366). One explanation for this discrepancy is very likely to be the distal location of HIPP-mediated contacts at postsynaptic apical BC dendrites, which will cause longer delays in action potential conduction in contrast to the proposed proximal contacts among interconnected HIPP cells (Fig. 3B). Consistent with this hypothesis, we observed bouton-like structures of HIPP axons in close apposition to apical BC dendrites in the middle molecular layer (3 HIPPÃBC pairs; Fig. 6B).","p8203 right bottom","Savanthrapadian S, Meyer T, Elgueta C, Booker SA, Vida I, Bartos M","Synaptic properties of SOM- and CCK-expressing cells in dentate gyrus interneuron networks","J Neurosci",2014,24920624,0,NULL,NULL,NULL,NULL
2000009,1009,"HICAP (-)2322",1000,"DG Granule (+)2201p","However, the comparable IPSC decay kinetics at FSÃbasket cell and NFSÃHICAP cell synapses suggest a functional (if not molecular) homogeneity of GABAA receptor subtypes.","p591 top left","Harney SC, Jones MV","Pre- and postsynaptic properties of somatic and dendritic inhibition in dentate gyrus","Neuropharmacology",2002,12367604,0,NULL,NULL,NULL,NULL
2000010,1009,"HICAP (-)2322",1000,"DG Granule (+)2201p","The postsynaptic responses at both types of interneuronÃgranule cell synapse were remarkably similar (Fig. 3). Median IPSC amplitudes varied widely within each group (ranging from 0.3 to 6.5 nS for FS pairs and from 0.1 to 8.4 nS for NFS pairs); however, the conductance was not significantly different, with values of 1.65Â±0.34 nS for FS pairs and 1.12Â±0.25 nS for NFS pairs (P>0.05, n=24 FS and 35 NFS pairs). IPSC decay kinetics were similar for FS- and NFS-evoked IPSCs, with weighted decay time constants of 22Â±0.8 ms and 24Â±1 ms for FS and NFS pairs, respectively. IPSC kinetics differed only in the rising phase, which was slower for NFS pairs, with a rise time constant of 1.7Â±0.2 ms compared with 0.9Â±0.06 ms for FS pairs (P<0.05). Thus, the only differences we observed in postsynaptic properties of transmission were a longer latency and slower rise time at NFSÃgranule cell synapses and are most likely due to the distal location of these synapses on granule cell dendrites, in contrast to the somatic and proximal dendritic contacts formed by the FS or basket cells.","p588 Right","Harney SC, Jones MV","Pre- and postsynaptic properties of somatic and dendritic inhibition in dentate gyrus","Neuropharmacology",2002,12367604,0,NULL,NULL,NULL,NULL
2000010,1035,"DG Basket (-)2232",1000,"DG Granule (+)2201p","The postsynaptic responses at both types of interneuronÃgranule cell synapse were remarkably similar (Fig. 3). Median IPSC amplitudes varied widely within each group (ranging from 0.3 to 6.5 nS for FS pairs and from 0.1 to 8.4 nS for NFS pairs); however, the conductance was not significantly different, with values of 1.65Â±0.34 nS for FS pairs and 1.12Â±0.25 nS for NFS pairs (P>0.05, n=24 FS and 35 NFS pairs). IPSC decay kinetics were similar for FS- and NFS-evoked IPSCs, with weighted decay time constants of 22Â±0.8 ms and 24Â±1 ms for FS and NFS pairs, respectively. IPSC kinetics differed only in the rising phase, which was slower for NFS pairs, with a rise time constant of 1.7Â±0.2 ms compared with 0.9Â±0.06 ms for FS pairs (P<0.05). Thus, the only differences we observed in postsynaptic properties of transmission were a longer latency and slower rise time at NFSÃgranule cell synapses and are most likely due to the distal location of these synapses on granule cell dendrites, in contrast to the somatic and proximal dendritic contacts formed by the FS or basket cells.","p588 Right","Harney SC, Jones MV","Pre- and postsynaptic properties of somatic and dendritic inhibition in dentate gyrus","Neuropharmacology",2002,12367604,0,NULL,NULL,NULL,NULL
2000011,1000,"DG Granule (+)2201p",1035,"DG Basket (-)2232","Fig 8","p405 Left","Han ZS, Buhl EH, LÂrinczi Z, Somogyi P","A high degree of spatial selectivity in the axonal and dendritic domains of physiologically identified local-circuit neurons in the dentate gyrus of the rat hippocampus","Eur J Neurosci",1993,8261117,0,NULL,NULL,NULL,NULL
2000012,NULL,"CA3 (+) ?",1010,"DG Axo-Axonic (-)2233","Fig 10E; an EPSP and action potential were elicited following extracellular stimulation of the cell body layer in proximal CA3 with 3 and 5 V, respectively. Arrowheads denote stimulus artefact.","p408","Han ZS, Buhl EH, LÂrinczi Z, Somogyi P","A high degree of spatial selectivity in the axonal and dendritic domains of physiologically identified local-circuit neurons in the dentate gyrus of the rat hippocampus","Eur J Neurosci",1993,8261117,0,NULL,NULL,NULL,NULL
2000013,2004,"CA3c Pyramidal (+)03223p",1000,"DG Granule (+)2201p","Fig 1 In the presence of bicuculline, epileptiform bursts occur in area CA3 and EPSP-IPSP sequences occur in granule cells. A, Simultaneously recorded spontaneous activity in the area CA3b pyramidal cell layer and a dentate granule cell is shown. Recordings were made in the presence of 25 microM bicuculline. Top, An epileptiform burst in area CA3b that occurred spontaneously. Bottom, Simultaneous to the burst in area CA3b, an EPSP-IPSP sequence occurred in the granule cell. Granule cell membrane potential -65 mV; resting potential = -72 mY. B, The parts of the traces in A labeled by numbers are shown with an expanded time base. 1, The onset of the epileptiform burst shows that the first population spike of the area CA3 burst preceded the onset of the granule cell EPSP. 2 and 3, The afterdischarges of the pyramidal cells preceded small, secondary EPSPs in the granule cell.","p6043 top","Scharfman HE","EPSPs of dentate gyrus granule cells during epileptiform bursts of dentate hilar mossy cells and area CA3 pyramidal cells in disinhibited rat hippocampal slices","J Neurosci",1994,7931561,0,NULL,NULL,NULL,NULL
2000014,1002,"Mossy (+)0103",1000,"DG Granule (+)2201p","Fig 2","p6044 top","Scharfman HE","EPSPs of dentate gyrus granule cells during epileptiform bursts of dentate hilar mossy cells and area CA3 pyramidal cells in disinhibited rat hippocampal slices","J Neurosci",1994,7931561,0,NULL,NULL,NULL,NULL
2000015,NULL,"(+) Fimbria, Schaffer Collaterals, Hilus, DG:SMo",1000,"DG Granule (+)2201p","Fig 3","p6045 top","Scharfman HE","EPSPs of dentate gyrus granule cells during epileptiform bursts of dentate hilar mossy cells and area CA3 pyramidal cells in disinhibited rat hippocampal slices","J Neurosci",1994,7931561,0,NULL,NULL,NULL,NULL
2000016,NULL,"CA3 (+) ?",NULL,"hilar interneuron","Fig 8","p6049 top","Scharfman HE","EPSPs of dentate gyrus granule cells during epileptiform bursts of dentate hilar mossy cells and area CA3 pyramidal cells in disinhibited rat hippocampal slices","J Neurosci",1994,7931561,0,NULL,NULL,NULL,NULL
2000017,NULL,"CA3 (+) ?",1002,"Mossy (+)0103","the data suggest that granule cell EPSPs were due to area CA3 pyramidal cell excitation of mossy cells that in turn excited granule cells","p6049 Right Bottom","Scharfman HE","EPSPs of dentate gyrus granule cells during epileptiform bursts of dentate hilar mossy cells and area CA3 pyramidal cells in disinhibited rat hippocampal slices","J Neurosci",1994,7931561,0,NULL,NULL,NULL,NULL
2000018,2004,"CA3c Pyramidal (+)",1002,"Mossy (+)0103","The hypothesis raised by the results is that spontaneous and fimbria-evoked EPSPs of granule cells in disinhibited slices are due to discharges of pyramidal cells and mossy cells. Specifically, it is proposed that pyramidal cells excite mossy cells and mossy cells depolarize granule cells. AMPA/kainate receptors mediate excitation at each synapse. A small contribution by nonsynaptic mechanisms may also occur.","p6054 Left Bottom","Scharfman HE","EPSPs of dentate gyrus granule cells during epileptiform bursts of dentate hilar mossy cells and area CA3 pyramidal cells in disinhibited rat hippocampal slices","J Neurosci",1994,7931561,0,NULL,NULL,NULL,NULL
2000018,1002,"Mossy (+)0103",1000,"DG Granule (+)2201p","The hypothesis raised by the results is that spontaneous and fimbria-evoked EPSPs of granule cells in disinhibited slices are due to discharges of pyramidal cells and mossy cells. Specifically, it is proposed that pyramidal cells excite mossy cells and mossy cells depolarize granule cells. AMPA/kainate receptors mediate excitation at each synapse. A small contribution by nonsynaptic mechanisms may also occur.","p6054 Left Bottom","Scharfman HE","EPSPs of dentate gyrus granule cells during epileptiform bursts of dentate hilar mossy cells and area CA3 pyramidal cells in disinhibited rat hippocampal slices","J Neurosci",1994,7931561,0,NULL,NULL,NULL,NULL
2000019,4000,"CA1 Pyramidal (+)2223p",4004,"CA1 LMR Projecting (-)3300p","No physiologic evidence of synaptic connections was found from pyramidal cells to L-M interneurons.","Abstract","Lacaille JC, Schwartzkroin PA","Stratum lacunosum-moleculare interneurons of hippocampal CA1 region. II. Intrasomatic and intradendritic recordings of local circuit synaptic interactions","J Neurosci",1988,3357024,0,NULL,NULL,NULL,NULL
2000020,4080,"CA1 Bistratified (-)0333",4080,"CA1 Bistratified (-)0333","In addition to targeting interneurons and pyramidal cells, individual basket and bistratified cells also appeared to form multiple sites of autaptic[90]self-innervation with their own membrane surface. For each of 18 interneurons, one 60Ã70Ã_m section containing the cell body and the majority of the dendrites was analysed. For 12 of 12 basket cells and six of six bistratified cells tested, light microscopic evaluation revealed bouton-laden axon collaterals of the same cell closely apposed to its somata and /or dendrites. In a single section, at least two and up to seven boutons appeared to be apposed to the somatodendritic domain of each cell.","p640 Left Bottom","Cobb SR, Halasy K, Vida I, Nyiri G, TamÂs G, Buhl EH, Somogyi P","Synaptic effects of identified interneurons innervating both interneurons and pyramidal cells in the rat hippocampus","Neuroscience",1997,9219929,0,NULL,NULL,NULL,NULL
2000021,2043,"CA3 Basket (-)22232",2000,"CA3 Pyramidal (+)23223p","Basket cells (n = 31 CA1; n = 3 CA3; n = 5 dentate gyrus (DG)) had most of their axon terminals in the cellular layers (Fig. 1C). Electron microscopic analysis of a random sample of synapses (Ã = 1 56) showed that they make synaptic contacts predominantly on somata (50.6%) and proximal dendrites (46.8%) of pyramidal cells (Table 1)","p823-4","Buhl EH, Halasy K, Somogyi P","Diverse sources of hippocampal unitary inhibitory postsynaptic potentials and the number of synaptic release sites","Nature",1994,8159242,0,NULL,NULL,NULL,NULL
2000021,4078,"CA1 Basket (-)2232",4000,"CA1 Pyramidal (+)2223p","Basket cells (n = 31 CA1; n = 3 CA3; n = 5 dentate gyrus (DG)) had most of their axon terminals in the cellular layers (Fig. 1C). Electron microscopic analysis of a random sample of synapses (Ã = 1 56) showed that they make synaptic contacts predominantly on somata (50.6%) and proximal dendrites (46.8%) of pyramidal cells (Table 1)","p823-4","Buhl EH, Halasy K, Somogyi P","Diverse sources of hippocampal unitary inhibitory postsynaptic potentials and the number of synaptic release sites","Nature",1994,8159242,0,NULL,NULL,NULL,NULL
2000021,1035,"DG Basket (-)2232",1000,"Granule (+)2201p","Basket cells (n = 31 CA1; n = 3 CA3; n = 5 dentate gyrus (DG)) had most of their axon terminals in the cellular layers (Fig. 1C). Electron microscopic analysis of a random sample of synapses (Ã = 1 56) showed that they make synaptic contacts predominantly on somata (50.6%) and proximal dendrites (46.8%) of pyramidal cells (Table 1)","p823-4","Buhl EH, Halasy K, Somogyi P","Diverse sources of hippocampal unitary inhibitory postsynaptic potentials and the number of synaptic release sites","Nature",1994,8159242,0,NULL,NULL,NULL,NULL
2000022,4079,"CA1 Basket CCK+ (-)2232",4000,"CA1 Pyramidal (+)2223p","Table 3","p4149","Karson MA, Tang AH, Milner TA, Alger BE","Synaptic cross talk between perisomatic-targeting interneuron classes expressing cholecystokinin and parvalbumin in hippocampus","J Neurosci",2009,19339609,0,NULL,NULL,NULL,NULL
2000022,4079,"CA1 Basket CCK+ (-)2232",4078,"CA1 Basket (-)2232","Table 3","p4149","Karson MA, Tang AH, Milner TA, Alger BE","Synaptic cross talk between perisomatic-targeting interneuron classes expressing cholecystokinin and parvalbumin in hippocampus","J Neurosci",2009,19339609,0,NULL,NULL,NULL,NULL
2000022,4079,"CA1 Basket CCK+ (-)2232",4079,"CA1 Basket CCK+ (-)2232","Table 3","p4149","Karson MA, Tang AH, Milner TA, Alger BE","Synaptic cross talk between perisomatic-targeting interneuron classes expressing cholecystokinin and parvalbumin in hippocampus","J Neurosci",2009,19339609,0,NULL,NULL,NULL,NULL
2000023,4078,"CA1 Basket (-)2232",4079,"CA1 Basket CCK+ (-)2232","We observed many axosomatic, axodendritic, and axoaxonic synapses between CCK and PV cells at both light and ultrastructural levels, as well as CCK_PV (_ designates presynaptic to postsynaptic polarity) GABAAergic synaptic transmission, although only morphological evidence for PV_CCK synapses.","p4141 Left Top","Karson MA, Tang AH, Milner TA, Alger BE","Synaptic cross talk between perisomatic-targeting interneuron classes expressing cholecystokinin and parvalbumin in hippocampus","J Neurosci",2009,19339609,0,NULL,NULL,NULL,NULL
2000024,NULL,"CA1? DG? Schaffer-associated interneuron",NULL,"non-principal neuron","Fig 8, D, vesicle-filled terminal of a second Schaffer-associated interneuron (1805951; cell 5 of Table 2; shown in Fig. 2A) in synaptic contact with the shaft of a non-principal dendrite (D), also receiving converging synaptic input (arrowheads).","p768","Vida I, Halasy K, Szinyei C, Somogyi P, Buhl EH","Unitary IPSPs evoked by interneurons at the stratum radiatum-stratum lacunosum-moleculare border in the CA1 area of the rat hippocampus in vitro","J Physiol",1998,9503336,0,NULL,NULL,NULL,NULL
2000025,4006,"CA1 Perforant Path Associated cell (-)3200p-DG 1000-SUB 100",1000,"DG Granule (+)2201p","Fig 8, E, a synaptic junction established by a perforant pathway-associated interneuron (1505951; cell 12 of Table 2) on a granule cell dendrite (D) in the outer molecular layer of the dentate gyrus.","p768","Vida I, Halasy K, Szinyei C, Somogyi P, Buhl EH","Unitary IPSPs evoked by interneurons at the stratum radiatum-stratum lacunosum-moleculare border in the CA1 area of the rat hippocampus in vitro","J Physiol",1998,9503336,0,NULL,NULL,NULL,NULL
2000026,4080,"CA1 Bistratified CCK+",4000,"CA1 Pyramidal (+)2223p","Bistratified cells, synapsing onto small-caliber dendrites in both the SO and SR (Buhl et al., 1994), were found among the PV-IR cells (6 of 36) and CCK-IR cells (4 of 27, Fig. 13).","p362-365","Pawelzik H, Hughes DI, Thomson AM","Physiological and morphological diversity of immunocytochemically defined parvalbumin- and cholecystokinin-positive interneurones in CA1 of the adult rat hippocampus.","J Comp Neurol",2002,11807843,0,NULL,NULL,NULL,NULL
2000027,NULL,"CA1 New Cell (original author: quadrilaminar)",4015,"CA1 Schaffer Collateral-Assoc (-)2311 (need axon info to make sure)","Fig 4 CCK-negative, long-range quadrilaminar cells display synaptic depression. A: reconstruction of a synaptically connected CCK-negative quadrilaminar cell (green soma, red axon) to a LM-SCA cell (gray). B: double immunoflorescence labeling reveals the 2 recorded cells filled with biocytin (AMCA) immunonegative for VIP (Texas red) and only the postsynaptic cell was immunopositive for CCK (FITC). C: intrinsic membrane properties of the presynaptic back projecting cell shown in A and B. D: this synapse displayed release of neurotransmitter at short latencies of 2.5 ms with precision. IPSPs elicited by a train of action potentials displayed synaptic depression. The gray traces are superimposed averages of second IPSPs at different spike intervals; the shorter the spike interval, the stronger the depression (illustrated by smaller IPSPs). These IPSPs were insensitive to AM-251 (red trace). E: graph to illustrate the recovery from synaptic depression at longer inter spike intervals (each color represents an individual pair, n = 8).","p1058","Ali AB","CB1 modulation of temporally distinct synaptic facilitation among local circuit interneurons mediated by N-type calcium channels in CA1","J Neurophysiol",2011,21123660,0,NULL,NULL,NULL,NULL
2000028,4021,"CA1 Interneuron Specific LM-R (-)2100",4015,"CA1 Schaffer Collateral-Assoc (-)2311","Fig 1 Temporally distinct synaptic facilitation that is delayed on the onset of release. A: reconstruction of a synaptically connected stratum lacunosum moleculare (SLM) interneuron, lacunosum moleculare-Shaffer collateral associated cell (LM-SCA; blue-soma, light blue-axon), and a stratum radiatum (SR), Shaffer collateral associated cell (SCA; deep red- dendrites, red-axon). B: double immunoflorescence labeling revealed the two recorded cells filled with biocytin (AMCA) immunopositive for CCK (FITC) and immunonegative for VIP (Texas red). C: intrinsic membrane properties of the presynaptic LM-SCA cell. In response to hyperpolarizing current injection this interneuron displayed pronounced sag, indicative of Ih current. In response to depolarizing current fast but adapting firing patterns were displayed. D: IPSPs elicited by LM-SCA cells displayed a delayed onset of synaptic facilitation (DORF). IPSPs were usually observed after third to fifth presynaptic spike in a train. E: another synaptic connection between a LM-SCA cell and SCA cell; the onset of first IPSP did not appear earlier in the train when increasing the firing frequency of the presynaptic interneuron from 25 Hz to 50 Hz. At higher presynaptic firing frequencies the IPSPs summated more readily, shown by the black trace. F: comparison of average failure rates of 1st, 2nd, 3rd and 4th IPSPs in control at DORF, frequency dependent facilitating (FDF), and depressing synapses studied. SP, stratum pyramidale, SO, stratum oriens.","p1054","Ali AB","CB1 modulation of temporally distinct synaptic facilitation among local circuit interneurons mediated by N-type calcium channels in CA1","J Neurophysiol",2011,21123660,0,NULL,NULL,NULL,NULL
2000029,NULL,"CA1 New Cell (original author: quadrilaminar)",4021,"CA1 Interneuron Specific LM-R (-)2100","Fig 3 Synaptic facilitation between 2 CCK-positive, SCA interneurons is release dependent. A: immunofluorescence labeling showing both recorded cells as CCK positive and VIP negative. B: reconstruction of the biocytin-labeled cells shown in A, which displayed synaptic facilitation shown in D. C: firing properties of the presynaptic SCA interneuron (shown in red below) recorded in response to _0.05 and 0.1 nA current injection. SCA cells typically displayed adapting properties (see Table 1). D: averaged responses to trains of presynaptic action potentials (black traces include all sweeps in average; gray traces include specific subsets of data). These connections typically displayed synaptic facilitation, which was greater after excluding first and second IPSP failures or only first IPSP failures. Excluding first IPSP failures resulted in larger first and smaller second IPSPs (gray traces). E: graph to illustrate the recovery of second IPSP from synaptic facilitation at longer interspike intervals (each color represents an individual pair of connection, n = 12).","p1056","Ali AB","CB1 modulation of temporally distinct synaptic facilitation among local circuit interneurons mediated by N-type calcium channels in CA1","J Neurophysiol",2011,21123660,0,NULL,NULL,NULL,NULL
2000032,2000,"CA3 Pyramidal (+)23223p",4011,"CA1 NGF Hub (-)3000p","Figure 5. SC stimulation monosynaptically excites NG cells. A, SC stimulation evokes EPSCs with a short and constant latency in voltage-clamped NG cells. The left inset shows the differentiated traces illustrating onset latency; the right inset depicts the position of recording and stimulating electrodes. B, Under conditions favoring the recording of NMDA currents (20 _m DNQX; holding potential, +40 mV), monosynaptic EPSCs were also evoked in the same neuron. For each panel, 10 superimposed sweeps are shown. Onset latency distributions for both AMPA-mediated (C1) and NMDA-mediated (C2) EPSCs were similar, confirming that the glutamatergic input from the SCs onto this cell was monosynaptic.","p6781","Price CJ, Cauli B, Kovacs ER, Kulik A, Lambolez B, Shigemoto R, Capogna M","Neurogliaform neurons form a novel inhibitory network in the hippocampal CA1 area","The Journal of Neuroscience",2005,16033887,0,NULL,NULL,NULL,NULL
2000032,2000,"CA3 Pyramidal (+)23223p",4012,"CA1 NGF (-)3000","Figure 5. SC stimulation monosynaptically excites NG cells. A, SC stimulation evokes EPSCs with a short and constant latency in voltage-clamped NG cells. The left inset shows the differentiated traces illustrating onset latency; the right inset depicts the position of recording and stimulating electrodes. B, Under conditions favoring the recording of NMDA currents (20 _m DNQX; holding potential, +40 mV), monosynaptic EPSCs were also evoked in the same neuron. For each panel, 10 superimposed sweeps are shown. Onset latency distributions for both AMPA-mediated (C1) and NMDA-mediated (C2) EPSCs were similar, confirming that the glutamatergic input from the SCs onto this cell was monosynaptic.","p6781","Price CJ, Cauli B, Kovacs ER, Kulik A, Lambolez B, Shigemoto R, Capogna M","Neurogliaform neurons form a novel inhibitory network in the hippocampal CA1 area","The Journal of Neuroscience",2005,16033887,0,NULL,NULL,NULL,NULL
2000032,2004,"CA3c Pyramidal (+)03223p",4011,"CA1 NGF Hub (-)3000p","Figure 5. SC stimulation monosynaptically excites NG cells. A, SC stimulation evokes EPSCs with a short and constant latency in voltage-clamped NG cells. The left inset shows the differentiated traces illustrating onset latency; the right inset depicts the position of recording and stimulating electrodes. B, Under conditions favoring the recording of NMDA currents (20 _m DNQX; holding potential, +40 mV), monosynaptic EPSCs were also evoked in the same neuron. For each panel, 10 superimposed sweeps are shown. Onset latency distributions for both AMPA-mediated (C1) and NMDA-mediated (C2) EPSCs were similar, confirming that the glutamatergic input from the SCs onto this cell was monosynaptic.","p6781","Price CJ, Cauli B, Kovacs ER, Kulik A, Lambolez B, Shigemoto R, Capogna M","Neurogliaform neurons form a novel inhibitory network in the hippocampal CA1 area","The Journal of Neuroscience",2005,16033887,0,NULL,NULL,NULL,NULL
2000032,2004,"CA3c Pyramidal (+)03223p",4012,"CA1 NGF (-)3000","Figure 5. SC stimulation monosynaptically excites NG cells. A, SC stimulation evokes EPSCs with a short and constant latency in voltage-clamped NG cells. The left inset shows the differentiated traces illustrating onset latency; the right inset depicts the position of recording and stimulating electrodes. B, Under conditions favoring the recording of NMDA currents (20 _m DNQX; holding potential, +40 mV), monosynaptic EPSCs were also evoked in the same neuron. For each panel, 10 superimposed sweeps are shown. Onset latency distributions for both AMPA-mediated (C1) and NMDA-mediated (C2) EPSCs were similar, confirming that the glutamatergic input from the SCs onto this cell was monosynaptic.","p6781","Price CJ, Cauli B, Kovacs ER, Kulik A, Lambolez B, Shigemoto R, Capogna M","Neurogliaform neurons form a novel inhibitory network in the hippocampal CA1 area","The Journal of Neuroscience",2005,16033887,0,NULL,NULL,NULL,NULL
2000100,1000,"DG Granule (+)2201p",2036,"CA3 Mossy Fiber-Associated (-)03330p-DG_0001","Figure 6. CA3-specific MFAs were not found to be monosynaptically innervated by MFs. Dendritic (gray) and axonal (black) arborizations, firing pattern, and immunoreactivities of a representative MFA (abbreviations same as in Fig. 3A). Note that the majority of the axons are located in the stratum lucidum and in the hilus, and also that the dendrites are not aligned with the mossy fiber pathway.","p4246, right upper","Szabadics J, Soltesz I","Functional specificity of mossy fiber innervation of GABAergic cells in the hippocampus","The Journal of Neuroscience",2009,19339618,0,NULL,NULL,NULL,NULL
2000033,4011,"CA1 Neurogliaform 3000p",4011,"CA1 Neurogliaform 3000p","Figure 6. Mixed electrical and chemical synapses between pairs of NG cells. A, Unitary IPSCs recorded in voltage clamp (bottom trace) evoked by an action current in the presynaptic neuron (top trace). The arrow points to the initial inward current flowing through the electrical synapse, which was then followed by an outward current with slow decay kinetics. B, Current-clamp recording showing the voltage deflection seen in the prejunctional neuron after injection of 250 pA of hyperpolarizing current (top) and the subsequent deflection seen in the postjunctional neuron (bottom). C, Current-clamp recording in which 190 pA of depolarizing current was injected into the prejunctional neuron to induce spiking activity (top). In the postjunctional neuron, smaller amplitude spikelets, followed by AHPs, were observed. D1, Results of a voltage-clamp experiment charting the time course of inhibition after application of 500 _m carbenoxolone. D2, Top traces superimposed show the currents evoked by hyperpolarizing voltage steps from -70 to -130 mV in the prejunctional cell before and after application of carbenoxolone. The middle and bottom traces are the postjunctional responses before (1) and after (2) carbenoxolone. Traces are the average of 10 individual sweeps.","p6781","Price CJ, Cauli B, Kovacs ER, Kulik A, Lambolez B, Shigemoto R, Capogna M","Neurogliaform neurons form a novel inhibitory network in the hippocampal CA1 area","The Journal of Neuroscience",2005,16033887,0,NULL,NULL,NULL,NULL
2000033,4012,"CA1 Neurogliaform 3000",4012,"CA1 Neurogliaform 3000","Figure 6. Mixed electrical and chemical synapses between pairs of NG cells. A, Unitary IPSCs recorded in voltage clamp (bottom trace) evoked by an action current in the presynaptic neuron (top trace). The arrow points to the initial inward current flowing through the electrical synapse, which was then followed by an outward current with slow decay kinetics. B, Current-clamp recording showing the voltage deflection seen in the prejunctional neuron after injection of 250 pA of hyperpolarizing current (top) and the subsequent deflection seen in the postjunctional neuron (bottom). C, Current-clamp recording in which 190 pA of depolarizing current was injected into the prejunctional neuron to induce spiking activity (top). In the postjunctional neuron, smaller amplitude spikelets, followed by AHPs, were observed. D1, Results of a voltage-clamp experiment charting the time course of inhibition after application of 500 _m carbenoxolone. D2, Top traces superimposed show the currents evoked by hyperpolarizing voltage steps from -70 to -130 mV in the prejunctional cell before and after application of carbenoxolone. The middle and bottom traces are the postjunctional responses before (1) and after (2) carbenoxolone. Traces are the average of 10 individual sweeps.","p6781","Price CJ, Cauli B, Kovacs ER, Kulik A, Lambolez B, Shigemoto R, Capogna M","Neurogliaform neurons form a novel inhibitory network in the hippocampal CA1 area","The Journal of Neuroscience",2005,16033887,0,NULL,NULL,NULL,NULL
2000034,4036,"CA1 axoaxonic, basket, or bistratified cells and unidentified PV or _1-GABAARÃimmunoreactive dendrites",4036,"CA1 axoaxonic, basket, or bistratified cells and unidentified PV or _1-GABAARÃimmunoreactive dendrites","The presence of Cx36-immunoreactive spots at dendrodendritic alignments of the 3 identified PV-positive cell types strongly suggests that they are involved in electrical coupling via gap junctions, as shown by electron microscopy of PV-positive neurons previously (Fukuda and Kosaka 2003; Fukuda et al. 2006) and confirmed for the anti-Cx36 antibody with electron microscopy here.","p2103 right bottom","Baude A, Bleasdale C, Dalezios Y, Somogyi P, Klausberger T.","Immunoreactivity for the GABAA receptor alpha1 subunit, somatostatin and Connexin36 distinguishes axoaxonic, basket, and bistratified interneurons of the rat hippocampus","Cereb Cortex",2007,17122364,0,NULL,NULL,NULL,NULL
2000034,4036,"CA1 axoaxonic, basket, or bistratified cells and unidentified PV or _1-GABAARÃimmunoreactive dendrites",4078,"CA1 axoaxonic, basket, or bistratified cells and unidentified PV or _1-GABAARÃimmunoreactive dendrites","The presence of Cx36-immunoreactive spots at dendrodendritic alignments of the 3 identified PV-positive cell types strongly suggests that they are involved in electrical coupling via gap junctions, as shown by electron microscopy of PV-positive neurons previously (Fukuda and Kosaka 2003; Fukuda et al. 2006) and confirmed for the anti-Cx36 antibody with electron microscopy here.","p2103 right bottom","Baude A, Bleasdale C, Dalezios Y, Somogyi P, Klausberger T.","Immunoreactivity for the GABAA receptor alpha1 subunit, somatostatin and Connexin36 distinguishes axoaxonic, basket, and bistratified interneurons of the rat hippocampus","Cereb Cortex",2007,17122364,0,NULL,NULL,NULL,NULL
2000034,4036,"CA1 axoaxonic, basket, or bistratified cells and unidentified PV or _1-GABAARÃimmunoreactive dendrites",4080,"CA1 axoaxonic, basket, or bistratified cells and unidentified PV or _1-GABAARÃimmunoreactive dendrites","The presence of Cx36-immunoreactive spots at dendrodendritic alignments of the 3 identified PV-positive cell types strongly suggests that they are involved in electrical coupling via gap junctions, as shown by electron microscopy of PV-positive neurons previously (Fukuda and Kosaka 2003; Fukuda et al. 2006) and confirmed for the anti-Cx36 antibody with electron microscopy here.","p2103 right bottom","Baude A, Bleasdale C, Dalezios Y, Somogyi P, Klausberger T.","Immunoreactivity for the GABAA receptor alpha1 subunit, somatostatin and Connexin36 distinguishes axoaxonic, basket, and bistratified interneurons of the rat hippocampus","Cereb Cortex",2007,17122364,0,NULL,NULL,NULL,NULL
2000034,4078,"CA1 axoaxonic, basket, or bistratified cells and unidentified PV or _1-GABAARÃimmunoreactive dendrites",4036,"CA1 axoaxonic, basket, or bistratified cells and unidentified PV or _1-GABAARÃimmunoreactive dendrites","The presence of Cx36-immunoreactive spots at dendrodendritic alignments of the 3 identified PV-positive cell types strongly suggests that they are involved in electrical coupling via gap junctions, as shown by electron microscopy of PV-positive neurons previously (Fukuda and Kosaka 2003; Fukuda et al. 2006) and confirmed for the anti-Cx36 antibody with electron microscopy here.","p2103 right bottom","Baude A, Bleasdale C, Dalezios Y, Somogyi P, Klausberger T.","Immunoreactivity for the GABAA receptor alpha1 subunit, somatostatin and Connexin36 distinguishes axoaxonic, basket, and bistratified interneurons of the rat hippocampus","Cereb Cortex",2007,17122364,0,NULL,NULL,NULL,NULL
2000034,4078,"CA1 axoaxonic, basket, or bistratified cells and unidentified PV or _1-GABAARÃimmunoreactive dendrites",4078,"CA1 axoaxonic, basket, or bistratified cells and unidentified PV or _1-GABAARÃimmunoreactive dendrites","The presence of Cx36-immunoreactive spots at dendrodendritic alignments of the 3 identified PV-positive cell types strongly suggests that they are involved in electrical coupling via gap junctions, as shown by electron microscopy of PV-positive neurons previously (Fukuda and Kosaka 2003; Fukuda et al. 2006) and confirmed for the anti-Cx36 antibody with electron microscopy here.","p2103 right bottom","Baude A, Bleasdale C, Dalezios Y, Somogyi P, Klausberger T.","Immunoreactivity for the GABAA receptor alpha1 subunit, somatostatin and Connexin36 distinguishes axoaxonic, basket, and bistratified interneurons of the rat hippocampus","Cereb Cortex",2007,17122364,0,NULL,NULL,NULL,NULL
2000034,4078,"CA1 axoaxonic, basket, or bistratified cells and unidentified PV or _1-GABAARÃimmunoreactive dendrites",4080,"CA1 axoaxonic, basket, or bistratified cells and unidentified PV or _1-GABAARÃimmunoreactive dendrites","The presence of Cx36-immunoreactive spots at dendrodendritic alignments of the 3 identified PV-positive cell types strongly suggests that they are involved in electrical coupling via gap junctions, as shown by electron microscopy of PV-positive neurons previously (Fukuda and Kosaka 2003; Fukuda et al. 2006) and confirmed for the anti-Cx36 antibody with electron microscopy here.","p2103 right bottom","Baude A, Bleasdale C, Dalezios Y, Somogyi P, Klausberger T.","Immunoreactivity for the GABAA receptor alpha1 subunit, somatostatin and Connexin36 distinguishes axoaxonic, basket, and bistratified interneurons of the rat hippocampus","Cereb Cortex",2007,17122364,0,NULL,NULL,NULL,NULL
2000034,4080,"CA1 axoaxonic, basket, or bistratified cells and unidentified PV or _1-GABAARÃimmunoreactive dendrites",4036,"CA1 axoaxonic, basket, or bistratified cells and unidentified PV or _1-GABAARÃimmunoreactive dendrites","The presence of Cx36-immunoreactive spots at dendrodendritic alignments of the 3 identified PV-positive cell types strongly suggests that they are involved in electrical coupling via gap junctions, as shown by electron microscopy of PV-positive neurons previously (Fukuda and Kosaka 2003; Fukuda et al. 2006) and confirmed for the anti-Cx36 antibody with electron microscopy here.","p2103 right bottom","Baude A, Bleasdale C, Dalezios Y, Somogyi P, Klausberger T.","Immunoreactivity for the GABAA receptor alpha1 subunit, somatostatin and Connexin36 distinguishes axoaxonic, basket, and bistratified interneurons of the rat hippocampus","Cereb Cortex",2007,17122364,0,NULL,NULL,NULL,NULL
2000034,4080,"CA1 axoaxonic, basket, or bistratified cells and unidentified PV or _1-GABAARÃimmunoreactive dendrites",4078,"CA1 axoaxonic, basket, or bistratified cells and unidentified PV or _1-GABAARÃimmunoreactive dendrites","The presence of Cx36-immunoreactive spots at dendrodendritic alignments of the 3 identified PV-positive cell types strongly suggests that they are involved in electrical coupling via gap junctions, as shown by electron microscopy of PV-positive neurons previously (Fukuda and Kosaka 2003; Fukuda et al. 2006) and confirmed for the anti-Cx36 antibody with electron microscopy here.","p2103 right bottom","Baude A, Bleasdale C, Dalezios Y, Somogyi P, Klausberger T.","Immunoreactivity for the GABAA receptor alpha1 subunit, somatostatin and Connexin36 distinguishes axoaxonic, basket, and bistratified interneurons of the rat hippocampus","Cereb Cortex",2007,17122364,0,NULL,NULL,NULL,NULL
2000034,4080,"CA1 axoaxonic, basket, or bistratified cells and unidentified PV or _1-GABAARÃimmunoreactive dendrites",4080,"CA1 axoaxonic, basket, or bistratified cells and unidentified PV or _1-GABAARÃimmunoreactive dendrites","The presence of Cx36-immunoreactive spots at dendrodendritic alignments of the 3 identified PV-positive cell types strongly suggests that they are involved in electrical coupling via gap junctions, as shown by electron microscopy of PV-positive neurons previously (Fukuda and Kosaka 2003; Fukuda et al. 2006) and confirmed for the anti-Cx36 antibody with electron microscopy here.","p2103 right bottom","Baude A, Bleasdale C, Dalezios Y, Somogyi P, Klausberger T.","Immunoreactivity for the GABAA receptor alpha1 subunit, somatostatin and Connexin36 distinguishes axoaxonic, basket, and bistratified interneurons of the rat hippocampus","Cereb Cortex",2007,17122364,0,NULL,NULL,NULL,NULL
2000035,4036,"CA1 axoaxonic, basket, or bistratified cells and unidentified PV or _1-GABAARÃimmunoreactive dendrites",4036,"CA1 axoaxonic, basket, or bistratified cells and unidentified PV or _1-GABAARÃimmunoreactive dendrites","Immunofluorescence labeling with antibodies against Cx36 resulted in dotty labeling in the CA1 area. The most prominent labeling was found in stratum radiatum toward stratum lacunosum-moleculare and in stratum lacunosum-moleculare and at the border between stratum oriens and alveus. When immunolabeling for Cx36 was combined with PV immunocytochemistry, most of the Cx36-positive dots were colocalized with PV-positive dendrites (Fig. 8A). Counts in 3 animals show that 76 Â± 7% (mean Â± standard deviation) of Cx36-positive dots (n = 249) were associated with the crossings of 2 PV-expressing dendrites, 18 Â± 8% were associated with a single PV-expressing dendrites, and 6 Â± 2% were not associated with PV-expressing processes. No significant differences were found for the distributions in stratum radiatum/lacunosum-moleculare versus stratum oriens in the 3 animals (P > 0.2, _2 test).","p2101 left bottom","Baude A, Bleasdale C, Dalezios Y, Somogyi P, Klausberger T.","Immunoreactivity for the GABAA receptor alpha1 subunit, somatostatin and Connexin36 distinguishes axoaxonic, basket, and bistratified interneurons of the rat hippocampus","Cereb Cortex",2007,17122364,0,NULL,NULL,NULL,NULL
2000035,4036,"CA1 axoaxonic, basket, or bistratified cells and unidentified PV or _1-GABAARÃimmunoreactive dendrites",4078,"CA1 axoaxonic, basket, or bistratified cells and unidentified PV or _1-GABAARÃimmunoreactive dendrites","Immunofluorescence labeling with antibodies against Cx36 resulted in dotty labeling in the CA1 area. The most prominent labeling was found in stratum radiatum toward stratum lacunosum-moleculare and in stratum lacunosum-moleculare and at the border between stratum oriens and alveus. When immunolabeling for Cx36 was combined with PV immunocytochemistry, most of the Cx36-positive dots were colocalized with PV-positive dendrites (Fig. 8A). Counts in 3 animals show that 76 Â± 7% (mean Â± standard deviation) of Cx36-positive dots (n = 249) were associated with the crossings of 2 PV-expressing dendrites, 18 Â± 8% were associated with a single PV-expressing dendrites, and 6 Â± 2% were not associated with PV-expressing processes. No significant differences were found for the distributions in stratum radiatum/lacunosum-moleculare versus stratum oriens in the 3 animals (P > 0.2, _2 test).","p2101 left bottom","Baude A, Bleasdale C, Dalezios Y, Somogyi P, Klausberger T.","Immunoreactivity for the GABAA receptor alpha1 subunit, somatostatin and Connexin36 distinguishes axoaxonic, basket, and bistratified interneurons of the rat hippocampus","Cereb Cortex",2007,17122364,0,NULL,NULL,NULL,NULL
2000035,4036,"CA1 axoaxonic, basket, or bistratified cells and unidentified PV or _1-GABAARÃimmunoreactive dendrites",4080,"CA1 axoaxonic, basket, or bistratified cells and unidentified PV or _1-GABAARÃimmunoreactive dendrites","Immunofluorescence labeling with antibodies against Cx36 resulted in dotty labeling in the CA1 area. The most prominent labeling was found in stratum radiatum toward stratum lacunosum-moleculare and in stratum lacunosum-moleculare and at the border between stratum oriens and alveus. When immunolabeling for Cx36 was combined with PV immunocytochemistry, most of the Cx36-positive dots were colocalized with PV-positive dendrites (Fig. 8A). Counts in 3 animals show that 76 Â± 7% (mean Â± standard deviation) of Cx36-positive dots (n = 249) were associated with the crossings of 2 PV-expressing dendrites, 18 Â± 8% were associated with a single PV-expressing dendrites, and 6 Â± 2% were not associated with PV-expressing processes. No significant differences were found for the distributions in stratum radiatum/lacunosum-moleculare versus stratum oriens in the 3 animals (P > 0.2, _2 test).","p2101 left bottom","Baude A, Bleasdale C, Dalezios Y, Somogyi P, Klausberger T.","Immunoreactivity for the GABAA receptor alpha1 subunit, somatostatin and Connexin36 distinguishes axoaxonic, basket, and bistratified interneurons of the rat hippocampus","Cereb Cortex",2007,17122364,0,NULL,NULL,NULL,NULL
2000035,4078,"CA1 axoaxonic, basket, or bistratified cells and unidentified PV or _1-GABAARÃimmunoreactive dendrites",4036,"CA1 axoaxonic, basket, or bistratified cells and unidentified PV or _1-GABAARÃimmunoreactive dendrites","Immunofluorescence labeling with antibodies against Cx36 resulted in dotty labeling in the CA1 area. The most prominent labeling was found in stratum radiatum toward stratum lacunosum-moleculare and in stratum lacunosum-moleculare and at the border between stratum oriens and alveus. When immunolabeling for Cx36 was combined with PV immunocytochemistry, most of the Cx36-positive dots were colocalized with PV-positive dendrites (Fig. 8A). Counts in 3 animals show that 76 Â± 7% (mean Â± standard deviation) of Cx36-positive dots (n = 249) were associated with the crossings of 2 PV-expressing dendrites, 18 Â± 8% were associated with a single PV-expressing dendrites, and 6 Â± 2% were not associated with PV-expressing processes. No significant differences were found for the distributions in stratum radiatum/lacunosum-moleculare versus stratum oriens in the 3 animals (P > 0.2, _2 test).","p2101 left bottom","Baude A, Bleasdale C, Dalezios Y, Somogyi P, Klausberger T.","Immunoreactivity for the GABAA receptor alpha1 subunit, somatostatin and Connexin36 distinguishes axoaxonic, basket, and bistratified interneurons of the rat hippocampus","Cereb Cortex",2007,17122364,0,NULL,NULL,NULL,NULL
2000035,4078,"CA1 axoaxonic, basket, or bistratified cells and unidentified PV or _1-GABAARÃimmunoreactive dendrites",4078,"CA1 axoaxonic, basket, or bistratified cells and unidentified PV or _1-GABAARÃimmunoreactive dendrites","Immunofluorescence labeling with antibodies against Cx36 resulted in dotty labeling in the CA1 area. The most prominent labeling was found in stratum radiatum toward stratum lacunosum-moleculare and in stratum lacunosum-moleculare and at the border between stratum oriens and alveus. When immunolabeling for Cx36 was combined with PV immunocytochemistry, most of the Cx36-positive dots were colocalized with PV-positive dendrites (Fig. 8A). Counts in 3 animals show that 76 Â± 7% (mean Â± standard deviation) of Cx36-positive dots (n = 249) were associated with the crossings of 2 PV-expressing dendrites, 18 Â± 8% were associated with a single PV-expressing dendrites, and 6 Â± 2% were not associated with PV-expressing processes. No significant differences were found for the distributions in stratum radiatum/lacunosum-moleculare versus stratum oriens in the 3 animals (P > 0.2, _2 test).","p2101 left bottom","Baude A, Bleasdale C, Dalezios Y, Somogyi P, Klausberger T.","Immunoreactivity for the GABAA receptor alpha1 subunit, somatostatin and Connexin36 distinguishes axoaxonic, basket, and bistratified interneurons of the rat hippocampus","Cereb Cortex",2007,17122364,0,NULL,NULL,NULL,NULL
2000035,4078,"CA1 axoaxonic, basket, or bistratified cells and unidentified PV or _1-GABAARÃimmunoreactive dendrites",4080,"CA1 axoaxonic, basket, or bistratified cells and unidentified PV or _1-GABAARÃimmunoreactive dendrites","Immunofluorescence labeling with antibodies against Cx36 resulted in dotty labeling in the CA1 area. The most prominent labeling was found in stratum radiatum toward stratum lacunosum-moleculare and in stratum lacunosum-moleculare and at the border between stratum oriens and alveus. When immunolabeling for Cx36 was combined with PV immunocytochemistry, most of the Cx36-positive dots were colocalized with PV-positive dendrites (Fig. 8A). Counts in 3 animals show that 76 Â± 7% (mean Â± standard deviation) of Cx36-positive dots (n = 249) were associated with the crossings of 2 PV-expressing dendrites, 18 Â± 8% were associated with a single PV-expressing dendrites, and 6 Â± 2% were not associated with PV-expressing processes. No significant differences were found for the distributions in stratum radiatum/lacunosum-moleculare versus stratum oriens in the 3 animals (P > 0.2, _2 test).","p2101 left bottom","Baude A, Bleasdale C, Dalezios Y, Somogyi P, Klausberger T.","Immunoreactivity for the GABAA receptor alpha1 subunit, somatostatin and Connexin36 distinguishes axoaxonic, basket, and bistratified interneurons of the rat hippocampus","Cereb Cortex",2007,17122364,0,NULL,NULL,NULL,NULL
2000035,4080,"CA1 axoaxonic, basket, or bistratified cells and unidentified PV or _1-GABAARÃimmunoreactive dendrites",4036,"CA1 axoaxonic, basket, or bistratified cells and unidentified PV or _1-GABAARÃimmunoreactive dendrites","Immunofluorescence labeling with antibodies against Cx36 resulted in dotty labeling in the CA1 area. The most prominent labeling was found in stratum radiatum toward stratum lacunosum-moleculare and in stratum lacunosum-moleculare and at the border between stratum oriens and alveus. When immunolabeling for Cx36 was combined with PV immunocytochemistry, most of the Cx36-positive dots were colocalized with PV-positive dendrites (Fig. 8A). Counts in 3 animals show that 76 Â± 7% (mean Â± standard deviation) of Cx36-positive dots (n = 249) were associated with the crossings of 2 PV-expressing dendrites, 18 Â± 8% were associated with a single PV-expressing dendrites, and 6 Â± 2% were not associated with PV-expressing processes. No significant differences were found for the distributions in stratum radiatum/lacunosum-moleculare versus stratum oriens in the 3 animals (P > 0.2, _2 test).","p2101 left bottom","Baude A, Bleasdale C, Dalezios Y, Somogyi P, Klausberger T.","Immunoreactivity for the GABAA receptor alpha1 subunit, somatostatin and Connexin36 distinguishes axoaxonic, basket, and bistratified interneurons of the rat hippocampus","Cereb Cortex",2007,17122364,0,NULL,NULL,NULL,NULL
2000035,4080,"CA1 axoaxonic, basket, or bistratified cells and unidentified PV or _1-GABAARÃimmunoreactive dendrites",4078,"CA1 axoaxonic, basket, or bistratified cells and unidentified PV or _1-GABAARÃimmunoreactive dendrites","Immunofluorescence labeling with antibodies against Cx36 resulted in dotty labeling in the CA1 area. The most prominent labeling was found in stratum radiatum toward stratum lacunosum-moleculare and in stratum lacunosum-moleculare and at the border between stratum oriens and alveus. When immunolabeling for Cx36 was combined with PV immunocytochemistry, most of the Cx36-positive dots were colocalized with PV-positive dendrites (Fig. 8A). Counts in 3 animals show that 76 Â± 7% (mean Â± standard deviation) of Cx36-positive dots (n = 249) were associated with the crossings of 2 PV-expressing dendrites, 18 Â± 8% were associated with a single PV-expressing dendrites, and 6 Â± 2% were not associated with PV-expressing processes. No significant differences were found for the distributions in stratum radiatum/lacunosum-moleculare versus stratum oriens in the 3 animals (P > 0.2, _2 test).","p2101 left bottom","Baude A, Bleasdale C, Dalezios Y, Somogyi P, Klausberger T.","Immunoreactivity for the GABAA receptor alpha1 subunit, somatostatin and Connexin36 distinguishes axoaxonic, basket, and bistratified interneurons of the rat hippocampus","Cereb Cortex",2007,17122364,0,NULL,NULL,NULL,NULL
2000035,4080,"CA1 axoaxonic, basket, or bistratified cells and unidentified PV or _1-GABAARÃimmunoreactive dendrites",4080,"CA1 axoaxonic, basket, or bistratified cells and unidentified PV or _1-GABAARÃimmunoreactive dendrites","Immunofluorescence labeling with antibodies against Cx36 resulted in dotty labeling in the CA1 area. The most prominent labeling was found in stratum radiatum toward stratum lacunosum-moleculare and in stratum lacunosum-moleculare and at the border between stratum oriens and alveus. When immunolabeling for Cx36 was combined with PV immunocytochemistry, most of the Cx36-positive dots were colocalized with PV-positive dendrites (Fig. 8A). Counts in 3 animals show that 76 Â± 7% (mean Â± standard deviation) of Cx36-positive dots (n = 249) were associated with the crossings of 2 PV-expressing dendrites, 18 Â± 8% were associated with a single PV-expressing dendrites, and 6 Â± 2% were not associated with PV-expressing processes. No significant differences were found for the distributions in stratum radiatum/lacunosum-moleculare versus stratum oriens in the 3 animals (P > 0.2, _2 test).","p2101 left bottom","Baude A, Bleasdale C, Dalezios Y, Somogyi P, Klausberger T.","Immunoreactivity for the GABAA receptor alpha1 subunit, somatostatin and Connexin36 distinguishes axoaxonic, basket, and bistratified interneurons of the rat hippocampus","Cereb Cortex",2007,17122364,0,NULL,NULL,NULL,NULL
2000036,4036,"CA1 axoaxonic, basket, or bistratified cells and unidentified PV or _1-GABAARÃimmunoreactive dendrites",4036,"CA1 axoaxonic, basket, or bistratified cells and unidentified PV or _1-GABAARÃimmunoreactive dendrites","Figure 8. (CÃF) Confocal views of neurobiotin-filled dendrites (arrowheads) of axoaxonic (T103b, T88a), basket (T119a), and bistratified (C22a) cells expressing Cx36-immunoreactive dots (arrows) at junctions with dendrites of unfilled cells immunoreactive for PV and _1-GABAAR (double arrows). Note that in (C1), one of the Cx36-immunoreactive dots (arrow) is located on a spine emanating from the filled dendrite (arrow in C2). Axoaxonic cell T88a in (D3) expresses low amounts of _1-GABAAR but forms a Cx36-immunoreactive junction with a strongly _1-GABAARÃexpressing dendrite, presumably originating from another type of cell. Arrowheads show that the dendrites of the filled cells are immunoreactive for PV (C3, E3) or _1-GABAA (D3, F3). Scale bars: (B) 50 nm; (A, CÃF) 5 _m.","p2104","Baude A, Bleasdale C, Dalezios Y, Somogyi P, Klausberger T.","Immunoreactivity for the GABAA receptor alpha1 subunit, somatostatin and Connexin36 distinguishes axoaxonic, basket, and bistratified interneurons of the rat hippocampus","Cereb Cortex",2007,17122364,0,NULL,NULL,NULL,NULL
2000036,4036,"CA1 axoaxonic, basket, or bistratified cells and unidentified PV or _1-GABAARÃimmunoreactive dendrites",4078,"CA1 axoaxonic, basket, or bistratified cells and unidentified PV or _1-GABAARÃimmunoreactive dendrites","Figure 8. (CÃF) Confocal views of neurobiotin-filled dendrites (arrowheads) of axoaxonic (T103b, T88a), basket (T119a), and bistratified (C22a) cells expressing Cx36-immunoreactive dots (arrows) at junctions with dendrites of unfilled cells immunoreactive for PV and _1-GABAAR (double arrows). Note that in (C1), one of the Cx36-immunoreactive dots (arrow) is located on a spine emanating from the filled dendrite (arrow in C2). Axoaxonic cell T88a in (D3) expresses low amounts of _1-GABAAR but forms a Cx36-immunoreactive junction with a strongly _1-GABAARÃexpressing dendrite, presumably originating from another type of cell. Arrowheads show that the dendrites of the filled cells are immunoreactive for PV (C3, E3) or _1-GABAA (D3, F3). Scale bars: (B) 50 nm; (A, CÃF) 5 _m.","p2104","Baude A, Bleasdale C, Dalezios Y, Somogyi P, Klausberger T.","Immunoreactivity for the GABAA receptor alpha1 subunit, somatostatin and Connexin36 distinguishes axoaxonic, basket, and bistratified interneurons of the rat hippocampus","Cereb Cortex",2007,17122364,0,NULL,NULL,NULL,NULL
2000036,4036,"CA1 axoaxonic, basket, or bistratified cells and unidentified PV or _1-GABAARÃimmunoreactive dendrites",4080,"CA1 axoaxonic, basket, or bistratified cells and unidentified PV or _1-GABAARÃimmunoreactive dendrites","Figure 8. (CÃF) Confocal views of neurobiotin-filled dendrites (arrowheads) of axoaxonic (T103b, T88a), basket (T119a), and bistratified (C22a) cells expressing Cx36-immunoreactive dots (arrows) at junctions with dendrites of unfilled cells immunoreactive for PV and _1-GABAAR (double arrows). Note that in (C1), one of the Cx36-immunoreactive dots (arrow) is located on a spine emanating from the filled dendrite (arrow in C2). Axoaxonic cell T88a in (D3) expresses low amounts of _1-GABAAR but forms a Cx36-immunoreactive junction with a strongly _1-GABAARÃexpressing dendrite, presumably originating from another type of cell. Arrowheads show that the dendrites of the filled cells are immunoreactive for PV (C3, E3) or _1-GABAA (D3, F3). Scale bars: (B) 50 nm; (A, CÃF) 5 _m.","p2104","Baude A, Bleasdale C, Dalezios Y, Somogyi P, Klausberger T.","Immunoreactivity for the GABAA receptor alpha1 subunit, somatostatin and Connexin36 distinguishes axoaxonic, basket, and bistratified interneurons of the rat hippocampus","Cereb Cortex",2007,17122364,0,NULL,NULL,NULL,NULL
2000036,4078,"CA1 axoaxonic, basket, or bistratified cells and unidentified PV or _1-GABAARÃimmunoreactive dendrites",4036,"CA1 axoaxonic, basket, or bistratified cells and unidentified PV or _1-GABAARÃimmunoreactive dendrites","Figure 8. (CÃF) Confocal views of neurobiotin-filled dendrites (arrowheads) of axoaxonic (T103b, T88a), basket (T119a), and bistratified (C22a) cells expressing Cx36-immunoreactive dots (arrows) at junctions with dendrites of unfilled cells immunoreactive for PV and _1-GABAAR (double arrows). Note that in (C1), one of the Cx36-immunoreactive dots (arrow) is located on a spine emanating from the filled dendrite (arrow in C2). Axoaxonic cell T88a in (D3) expresses low amounts of _1-GABAAR but forms a Cx36-immunoreactive junction with a strongly _1-GABAARÃexpressing dendrite, presumably originating from another type of cell. Arrowheads show that the dendrites of the filled cells are immunoreactive for PV (C3, E3) or _1-GABAA (D3, F3). Scale bars: (B) 50 nm; (A, CÃF) 5 _m.","p2104","Baude A, Bleasdale C, Dalezios Y, Somogyi P, Klausberger T.","Immunoreactivity for the GABAA receptor alpha1 subunit, somatostatin and Connexin36 distinguishes axoaxonic, basket, and bistratified interneurons of the rat hippocampus","Cereb Cortex",2007,17122364,0,NULL,NULL,NULL,NULL
2000036,4078,"CA1 axoaxonic, basket, or bistratified cells and unidentified PV or _1-GABAARÃimmunoreactive dendrites",4078,"CA1 axoaxonic, basket, or bistratified cells and unidentified PV or _1-GABAARÃimmunoreactive dendrites","Figure 8. (CÃF) Confocal views of neurobiotin-filled dendrites (arrowheads) of axoaxonic (T103b, T88a), basket (T119a), and bistratified (C22a) cells expressing Cx36-immunoreactive dots (arrows) at junctions with dendrites of unfilled cells immunoreactive for PV and _1-GABAAR (double arrows). Note that in (C1), one of the Cx36-immunoreactive dots (arrow) is located on a spine emanating from the filled dendrite (arrow in C2). Axoaxonic cell T88a in (D3) expresses low amounts of _1-GABAAR but forms a Cx36-immunoreactive junction with a strongly _1-GABAARÃexpressing dendrite, presumably originating from another type of cell. Arrowheads show that the dendrites of the filled cells are immunoreactive for PV (C3, E3) or _1-GABAA (D3, F3). Scale bars: (B) 50 nm; (A, CÃF) 5 _m.","p2104","Baude A, Bleasdale C, Dalezios Y, Somogyi P, Klausberger T.","Immunoreactivity for the GABAA receptor alpha1 subunit, somatostatin and Connexin36 distinguishes axoaxonic, basket, and bistratified interneurons of the rat hippocampus","Cereb Cortex",2007,17122364,0,NULL,NULL,NULL,NULL
2000036,4078,"CA1 axoaxonic, basket, or bistratified cells and unidentified PV or _1-GABAARÃimmunoreactive dendrites",4080,"CA1 axoaxonic, basket, or bistratified cells and unidentified PV or _1-GABAARÃimmunoreactive dendrites","Figure 8. (CÃF) Confocal views of neurobiotin-filled dendrites (arrowheads) of axoaxonic (T103b, T88a), basket (T119a), and bistratified (C22a) cells expressing Cx36-immunoreactive dots (arrows) at junctions with dendrites of unfilled cells immunoreactive for PV and _1-GABAAR (double arrows). Note that in (C1), one of the Cx36-immunoreactive dots (arrow) is located on a spine emanating from the filled dendrite (arrow in C2). Axoaxonic cell T88a in (D3) expresses low amounts of _1-GABAAR but forms a Cx36-immunoreactive junction with a strongly _1-GABAARÃexpressing dendrite, presumably originating from another type of cell. Arrowheads show that the dendrites of the filled cells are immunoreactive for PV (C3, E3) or _1-GABAA (D3, F3). Scale bars: (B) 50 nm; (A, CÃF) 5 _m.","p2104","Baude A, Bleasdale C, Dalezios Y, Somogyi P, Klausberger T.","Immunoreactivity for the GABAA receptor alpha1 subunit, somatostatin and Connexin36 distinguishes axoaxonic, basket, and bistratified interneurons of the rat hippocampus","Cereb Cortex",2007,17122364,0,NULL,NULL,NULL,NULL
2000036,4080,"CA1 axoaxonic, basket, or bistratified cells and unidentified PV or _1-GABAARÃimmunoreactive dendrites",4036,"CA1 axoaxonic, basket, or bistratified cells and unidentified PV or _1-GABAARÃimmunoreactive dendrites","Figure 8. (CÃF) Confocal views of neurobiotin-filled dendrites (arrowheads) of axoaxonic (T103b, T88a), basket (T119a), and bistratified (C22a) cells expressing Cx36-immunoreactive dots (arrows) at junctions with dendrites of unfilled cells immunoreactive for PV and _1-GABAAR (double arrows). Note that in (C1), one of the Cx36-immunoreactive dots (arrow) is located on a spine emanating from the filled dendrite (arrow in C2). Axoaxonic cell T88a in (D3) expresses low amounts of _1-GABAAR but forms a Cx36-immunoreactive junction with a strongly _1-GABAARÃexpressing dendrite, presumably originating from another type of cell. Arrowheads show that the dendrites of the filled cells are immunoreactive for PV (C3, E3) or _1-GABAA (D3, F3). Scale bars: (B) 50 nm; (A, CÃF) 5 _m.","p2104","Baude A, Bleasdale C, Dalezios Y, Somogyi P, Klausberger T.","Immunoreactivity for the GABAA receptor alpha1 subunit, somatostatin and Connexin36 distinguishes axoaxonic, basket, and bistratified interneurons of the rat hippocampus","Cereb Cortex",2007,17122364,0,NULL,NULL,NULL,NULL
2000036,4080,"CA1 axoaxonic, basket, or bistratified cells and unidentified PV or _1-GABAARÃimmunoreactive dendrites",4078,"CA1 axoaxonic, basket, or bistratified cells and unidentified PV or _1-GABAARÃimmunoreactive dendrites","Figure 8. (CÃF) Confocal views of neurobiotin-filled dendrites (arrowheads) of axoaxonic (T103b, T88a), basket (T119a), and bistratified (C22a) cells expressing Cx36-immunoreactive dots (arrows) at junctions with dendrites of unfilled cells immunoreactive for PV and _1-GABAAR (double arrows). Note that in (C1), one of the Cx36-immunoreactive dots (arrow) is located on a spine emanating from the filled dendrite (arrow in C2). Axoaxonic cell T88a in (D3) expresses low amounts of _1-GABAAR but forms a Cx36-immunoreactive junction with a strongly _1-GABAARÃexpressing dendrite, presumably originating from another type of cell. Arrowheads show that the dendrites of the filled cells are immunoreactive for PV (C3, E3) or _1-GABAA (D3, F3). Scale bars: (B) 50 nm; (A, CÃF) 5 _m.","p2104","Baude A, Bleasdale C, Dalezios Y, Somogyi P, Klausberger T.","Immunoreactivity for the GABAA receptor alpha1 subunit, somatostatin and Connexin36 distinguishes axoaxonic, basket, and bistratified interneurons of the rat hippocampus","Cereb Cortex",2007,17122364,0,NULL,NULL,NULL,NULL
2000036,4080,"CA1 axoaxonic, basket, or bistratified cells and unidentified PV or _1-GABAARÃimmunoreactive dendrites",4080,"CA1 axoaxonic, basket, or bistratified cells and unidentified PV or _1-GABAARÃimmunoreactive dendrites","Figure 8. (CÃF) Confocal views of neurobiotin-filled dendrites (arrowheads) of axoaxonic (T103b, T88a), basket (T119a), and bistratified (C22a) cells expressing Cx36-immunoreactive dots (arrows) at junctions with dendrites of unfilled cells immunoreactive for PV and _1-GABAAR (double arrows). Note that in (C1), one of the Cx36-immunoreactive dots (arrow) is located on a spine emanating from the filled dendrite (arrow in C2). Axoaxonic cell T88a in (D3) expresses low amounts of _1-GABAAR but forms a Cx36-immunoreactive junction with a strongly _1-GABAARÃexpressing dendrite, presumably originating from another type of cell. Arrowheads show that the dendrites of the filled cells are immunoreactive for PV (C3, E3) or _1-GABAA (D3, F3). Scale bars: (B) 50 nm; (A, CÃF) 5 _m.","p2104","Baude A, Bleasdale C, Dalezios Y, Somogyi P, Klausberger T.","Immunoreactivity for the GABAA receptor alpha1 subunit, somatostatin and Connexin36 distinguishes axoaxonic, basket, and bistratified interneurons of the rat hippocampus","Cereb Cortex",2007,17122364,0,NULL,NULL,NULL,NULL
2000037,4036,"CA1 axoaxonic, basket, or bistratified cells and unidentified PV or _1-GABAARÃimmunoreactive dendrites",4036,"CA1 axoaxonic, basket, or bistratified cells and unidentified PV or _1-GABAARÃimmunoreactive dendrites","The presence of immunoreactivity for Cx36 at meeting points between dendrites of identified axoaxonic, basket, or bistratified cells and unidentified PV or _1-GABAARÃimmunoreactive dendrites is in line with reports of electrical coupling between interneurons of the same class (Galarreta and Hestrin 1999; Gibson et al. 1999; Tamas et al. 2000; Fukuda and Kosaka 2003; Price et al. 2005; Zsiros and Maccaferri 2005). This might be of particular importance for the synchronization of axoaxonic cells because no GABAergic synaptic input or interconnectivity has been reported between members of this cell type. However, in one case, an axoaxonic cell dendrite shared Cx36 immunolabeling with a strongly _1-GABAARÃimmunoreactive dendrite, suggesting the formation of a gap junction with a non-axoaxonic cell. Electrical coupling between neurons of different classes has been described rarely for fast-spiking cortical interneurons (Gibson et al. 1999) and more frequently for other interneurons (Simon et al. 2005). In addition, gap junctions between PV-positive and negative, presumptive interneuron dendrites have been also described in rat cortex (Fukuda and Kosaka 2003).","p2105","Baude A, Bleasdale C, Dalezios Y, Somogyi P, Klausberger T.","Immunoreactivity for the GABAA receptor alpha1 subunit, somatostatin and Connexin36 distinguishes axoaxonic, basket, and bistratified interneurons of the rat hippocampus","Cereb Cortex",2007,17122364,0,NULL,NULL,NULL,NULL
2000037,4036,"CA1 axoaxonic, basket, or bistratified cells and unidentified PV or _1-GABAARÃimmunoreactive dendrites",4078,"CA1 axoaxonic, basket, or bistratified cells and unidentified PV or _1-GABAARÃimmunoreactive dendrites","The presence of immunoreactivity for Cx36 at meeting points between dendrites of identified axoaxonic, basket, or bistratified cells and unidentified PV or _1-GABAARÃimmunoreactive dendrites is in line with reports of electrical coupling between interneurons of the same class (Galarreta and Hestrin 1999; Gibson et al. 1999; Tamas et al. 2000; Fukuda and Kosaka 2003; Price et al. 2005; Zsiros and Maccaferri 2005). This might be of particular importance for the synchronization of axoaxonic cells because no GABAergic synaptic input or interconnectivity has been reported between members of this cell type. However, in one case, an axoaxonic cell dendrite shared Cx36 immunolabeling with a strongly _1-GABAARÃimmunoreactive dendrite, suggesting the formation of a gap junction with a non-axoaxonic cell. Electrical coupling between neurons of different classes has been described rarely for fast-spiking cortical interneurons (Gibson et al. 1999) and more frequently for other interneurons (Simon et al. 2005). In addition, gap junctions between PV-positive and negative, presumptive interneuron dendrites have been also described in rat cortex (Fukuda and Kosaka 2003).","p2105","Baude A, Bleasdale C, Dalezios Y, Somogyi P, Klausberger T.","Immunoreactivity for the GABAA receptor alpha1 subunit, somatostatin and Connexin36 distinguishes axoaxonic, basket, and bistratified interneurons of the rat hippocampus","Cereb Cortex",2007,17122364,0,NULL,NULL,NULL,NULL
2000037,4036,"CA1 axoaxonic, basket, or bistratified cells and unidentified PV or _1-GABAARÃimmunoreactive dendrites",4080,"CA1 axoaxonic, basket, or bistratified cells and unidentified PV or _1-GABAARÃimmunoreactive dendrites","The presence of immunoreactivity for Cx36 at meeting points between dendrites of identified axoaxonic, basket, or bistratified cells and unidentified PV or _1-GABAARÃimmunoreactive dendrites is in line with reports of electrical coupling between interneurons of the same class (Galarreta and Hestrin 1999; Gibson et al. 1999; Tamas et al. 2000; Fukuda and Kosaka 2003; Price et al. 2005; Zsiros and Maccaferri 2005). This might be of particular importance for the synchronization of axoaxonic cells because no GABAergic synaptic input or interconnectivity has been reported between members of this cell type. However, in one case, an axoaxonic cell dendrite shared Cx36 immunolabeling with a strongly _1-GABAARÃimmunoreactive dendrite, suggesting the formation of a gap junction with a non-axoaxonic cell. Electrical coupling between neurons of different classes has been described rarely for fast-spiking cortical interneurons (Gibson et al. 1999) and more frequently for other interneurons (Simon et al. 2005). In addition, gap junctions between PV-positive and negative, presumptive interneuron dendrites have been also described in rat cortex (Fukuda and Kosaka 2003).","p2105","Baude A, Bleasdale C, Dalezios Y, Somogyi P, Klausberger T.","Immunoreactivity for the GABAA receptor alpha1 subunit, somatostatin and Connexin36 distinguishes axoaxonic, basket, and bistratified interneurons of the rat hippocampus","Cereb Cortex",2007,17122364,0,NULL,NULL,NULL,NULL
2000037,4078,"CA1 axoaxonic, basket, or bistratified cells and unidentified PV or _1-GABAARÃimmunoreactive dendrites",4036,"CA1 axoaxonic, basket, or bistratified cells and unidentified PV or _1-GABAARÃimmunoreactive dendrites","The presence of immunoreactivity for Cx36 at meeting points between dendrites of identified axoaxonic, basket, or bistratified cells and unidentified PV or _1-GABAARÃimmunoreactive dendrites is in line with reports of electrical coupling between interneurons of the same class (Galarreta and Hestrin 1999; Gibson et al. 1999; Tamas et al. 2000; Fukuda and Kosaka 2003; Price et al. 2005; Zsiros and Maccaferri 2005). This might be of particular importance for the synchronization of axoaxonic cells because no GABAergic synaptic input or interconnectivity has been reported between members of this cell type. However, in one case, an axoaxonic cell dendrite shared Cx36 immunolabeling with a strongly _1-GABAARÃimmunoreactive dendrite, suggesting the formation of a gap junction with a non-axoaxonic cell. Electrical coupling between neurons of different classes has been described rarely for fast-spiking cortical interneurons (Gibson et al. 1999) and more frequently for other interneurons (Simon et al. 2005). In addition, gap junctions between PV-positive and negative, presumptive interneuron dendrites have been also described in rat cortex (Fukuda and Kosaka 2003).","p2105","Baude A, Bleasdale C, Dalezios Y, Somogyi P, Klausberger T.","Immunoreactivity for the GABAA receptor alpha1 subunit, somatostatin and Connexin36 distinguishes axoaxonic, basket, and bistratified interneurons of the rat hippocampus","Cereb Cortex",2007,17122364,0,NULL,NULL,NULL,NULL
2000037,4078,"CA1 axoaxonic, basket, or bistratified cells and unidentified PV or _1-GABAARÃimmunoreactive dendrites",4078,"CA1 axoaxonic, basket, or bistratified cells and unidentified PV or _1-GABAARÃimmunoreactive dendrites","The presence of immunoreactivity for Cx36 at meeting points between dendrites of identified axoaxonic, basket, or bistratified cells and unidentified PV or _1-GABAARÃimmunoreactive dendrites is in line with reports of electrical coupling between interneurons of the same class (Galarreta and Hestrin 1999; Gibson et al. 1999; Tamas et al. 2000; Fukuda and Kosaka 2003; Price et al. 2005; Zsiros and Maccaferri 2005). This might be of particular importance for the synchronization of axoaxonic cells because no GABAergic synaptic input or interconnectivity has been reported between members of this cell type. However, in one case, an axoaxonic cell dendrite shared Cx36 immunolabeling with a strongly _1-GABAARÃimmunoreactive dendrite, suggesting the formation of a gap junction with a non-axoaxonic cell. Electrical coupling between neurons of different classes has been described rarely for fast-spiking cortical interneurons (Gibson et al. 1999) and more frequently for other interneurons (Simon et al. 2005). In addition, gap junctions between PV-positive and negative, presumptive interneuron dendrites have been also described in rat cortex (Fukuda and Kosaka 2003).","p2105","Baude A, Bleasdale C, Dalezios Y, Somogyi P, Klausberger T.","Immunoreactivity for the GABAA receptor alpha1 subunit, somatostatin and Connexin36 distinguishes axoaxonic, basket, and bistratified interneurons of the rat hippocampus","Cereb Cortex",2007,17122364,0,NULL,NULL,NULL,NULL
2000037,4078,"CA1 axoaxonic, basket, or bistratified cells and unidentified PV or _1-GABAARÃimmunoreactive dendrites",4080,"CA1 axoaxonic, basket, or bistratified cells and unidentified PV or _1-GABAARÃimmunoreactive dendrites","The presence of immunoreactivity for Cx36 at meeting points between dendrites of identified axoaxonic, basket, or bistratified cells and unidentified PV or _1-GABAARÃimmunoreactive dendrites is in line with reports of electrical coupling between interneurons of the same class (Galarreta and Hestrin 1999; Gibson et al. 1999; Tamas et al. 2000; Fukuda and Kosaka 2003; Price et al. 2005; Zsiros and Maccaferri 2005). This might be of particular importance for the synchronization of axoaxonic cells because no GABAergic synaptic input or interconnectivity has been reported between members of this cell type. However, in one case, an axoaxonic cell dendrite shared Cx36 immunolabeling with a strongly _1-GABAARÃimmunoreactive dendrite, suggesting the formation of a gap junction with a non-axoaxonic cell. Electrical coupling between neurons of different classes has been described rarely for fast-spiking cortical interneurons (Gibson et al. 1999) and more frequently for other interneurons (Simon et al. 2005). In addition, gap junctions between PV-positive and negative, presumptive interneuron dendrites have been also described in rat cortex (Fukuda and Kosaka 2003).","p2105","Baude A, Bleasdale C, Dalezios Y, Somogyi P, Klausberger T.","Immunoreactivity for the GABAA receptor alpha1 subunit, somatostatin and Connexin36 distinguishes axoaxonic, basket, and bistratified interneurons of the rat hippocampus","Cereb Cortex",2007,17122364,0,NULL,NULL,NULL,NULL
2000037,4080,"CA1 axoaxonic, basket, or bistratified cells and unidentified PV or _1-GABAARÃimmunoreactive dendrites",4036,"CA1 axoaxonic, basket, or bistratified cells and unidentified PV or _1-GABAARÃimmunoreactive dendrites","The presence of immunoreactivity for Cx36 at meeting points between dendrites of identified axoaxonic, basket, or bistratified cells and unidentified PV or _1-GABAARÃimmunoreactive dendrites is in line with reports of electrical coupling between interneurons of the same class (Galarreta and Hestrin 1999; Gibson et al. 1999; Tamas et al. 2000; Fukuda and Kosaka 2003; Price et al. 2005; Zsiros and Maccaferri 2005). This might be of particular importance for the synchronization of axoaxonic cells because no GABAergic synaptic input or interconnectivity has been reported between members of this cell type. However, in one case, an axoaxonic cell dendrite shared Cx36 immunolabeling with a strongly _1-GABAARÃimmunoreactive dendrite, suggesting the formation of a gap junction with a non-axoaxonic cell. Electrical coupling between neurons of different classes has been described rarely for fast-spiking cortical interneurons (Gibson et al. 1999) and more frequently for other interneurons (Simon et al. 2005). In addition, gap junctions between PV-positive and negative, presumptive interneuron dendrites have been also described in rat cortex (Fukuda and Kosaka 2003).","p2105","Baude A, Bleasdale C, Dalezios Y, Somogyi P, Klausberger T.","Immunoreactivity for the GABAA receptor alpha1 subunit, somatostatin and Connexin36 distinguishes axoaxonic, basket, and bistratified interneurons of the rat hippocampus","Cereb Cortex",2007,17122364,0,NULL,NULL,NULL,NULL
2000037,4080,"CA1 axoaxonic, basket, or bistratified cells and unidentified PV or _1-GABAARÃimmunoreactive dendrites",4078,"CA1 axoaxonic, basket, or bistratified cells and unidentified PV or _1-GABAARÃimmunoreactive dendrites","The presence of immunoreactivity for Cx36 at meeting points between dendrites of identified axoaxonic, basket, or bistratified cells and unidentified PV or _1-GABAARÃimmunoreactive dendrites is in line with reports of electrical coupling between interneurons of the same class (Galarreta and Hestrin 1999; Gibson et al. 1999; Tamas et al. 2000; Fukuda and Kosaka 2003; Price et al. 2005; Zsiros and Maccaferri 2005). This might be of particular importance for the synchronization of axoaxonic cells because no GABAergic synaptic input or interconnectivity has been reported between members of this cell type. However, in one case, an axoaxonic cell dendrite shared Cx36 immunolabeling with a strongly _1-GABAARÃimmunoreactive dendrite, suggesting the formation of a gap junction with a non-axoaxonic cell. Electrical coupling between neurons of different classes has been described rarely for fast-spiking cortical interneurons (Gibson et al. 1999) and more frequently for other interneurons (Simon et al. 2005). In addition, gap junctions between PV-positive and negative, presumptive interneuron dendrites have been also described in rat cortex (Fukuda and Kosaka 2003).","p2105","Baude A, Bleasdale C, Dalezios Y, Somogyi P, Klausberger T.","Immunoreactivity for the GABAA receptor alpha1 subunit, somatostatin and Connexin36 distinguishes axoaxonic, basket, and bistratified interneurons of the rat hippocampus","Cereb Cortex",2007,17122364,0,NULL,NULL,NULL,NULL
2000037,4080,"CA1 axoaxonic, basket, or bistratified cells and unidentified PV or _1-GABAARÃimmunoreactive dendrites",4080,"CA1 axoaxonic, basket, or bistratified cells and unidentified PV or _1-GABAARÃimmunoreactive dendrites","The presence of immunoreactivity for Cx36 at meeting points between dendrites of identified axoaxonic, basket, or bistratified cells and unidentified PV or _1-GABAARÃimmunoreactive dendrites is in line with reports of electrical coupling between interneurons of the same class (Galarreta and Hestrin 1999; Gibson et al. 1999; Tamas et al. 2000; Fukuda and Kosaka 2003; Price et al. 2005; Zsiros and Maccaferri 2005). This might be of particular importance for the synchronization of axoaxonic cells because no GABAergic synaptic input or interconnectivity has been reported between members of this cell type. However, in one case, an axoaxonic cell dendrite shared Cx36 immunolabeling with a strongly _1-GABAARÃimmunoreactive dendrite, suggesting the formation of a gap junction with a non-axoaxonic cell. Electrical coupling between neurons of different classes has been described rarely for fast-spiking cortical interneurons (Gibson et al. 1999) and more frequently for other interneurons (Simon et al. 2005). In addition, gap junctions between PV-positive and negative, presumptive interneuron dendrites have been also described in rat cortex (Fukuda and Kosaka 2003).","p2105","Baude A, Bleasdale C, Dalezios Y, Somogyi P, Klausberger T.","Immunoreactivity for the GABAA receptor alpha1 subunit, somatostatin and Connexin36 distinguishes axoaxonic, basket, and bistratified interneurons of the rat hippocampus","Cereb Cortex",2007,17122364,0,NULL,NULL,NULL,NULL
2000038,2004,"CA3c Pyramidal (+)03223p",1000,"DG Granule (+)2201p","Some of the first physiological evidence that CA3 axons innervated the dentate gyrus came from studies in hippocampal slices, which showed that a stimulating electrode placed in the hilus could activate an antidromic population spike, recorded extracellularly in the CA3 pyramidal cell layer.Subsequent studies identified what cell types in the dentate gyrus could be influenced by the CA3 projection. Several approaches established that hilar neurons could be activated readily, but granule cells could not. First, fimbria stimulation was used to activate CA3 pyramidal cells instead of the hilus, because antidromic action potentials are easily elicited in CA3 neurons by stimulation at this site, with no evidence for direct activation of hilar neurons and granule cells. Direct activation would be expected because hilar cells that project commissurally have an axon that descends into stratum oriens of CA3b, presumably on its way to the fimbria, but in our slices, we have found that it is severed before reaching the fimbria. Direct activation of granule cells would only be possible if current spread entered stratum lucidum, which recordings show does not occur after fimbria stimulation using the methods we have employed. Extracellular recordings showed that such fimbria stimulation led to antidromic and orthodromic activation of CA3 b and c pyramidal cells, followed by an extracellular negative wave in the granule cell layer and inner molecular layer that reversed polarity in the middle molecular layer (Fig. 2). Due to the negative resting potential of granule cells, the negative potential could reflect an EPSP or depolarized IPSP, and it was shown subsequently by intracellular recording that it was a depolarized GABAA receptor-mediated IPSP (Fig. 3; Scharfman, 1994a, Scharfman, 1994b and Scharfman, 1994c). This fimbria stimulation site activated hilar mossy cells and hilar GABAergic neurons disynaptically, and was sensitive to the AMPA receptor antagonist CNQX but not the muscarinic antagonist atropine (Scharfman, 1993a). At a longer latency, the granule cell IPSP began. These data suggesting that fimbria activation of CA3 pyramidal cells led to hilar neuron activation, presumably by hilar collaterals of CA3 pyramidal cells. Comparing the latency to the response of CA3 pyramidal cells and hilar cells supported this hypothesis, because CA3 pyramidal cells were activated at short latency and hilar cells approximately 2 ms later. The same stimulus evoked a long latency IPSP in granule cells, consistent with a CA3-hilar neuron-granule cell pathway. In the presence of bicuculline, a GABAA receptor antagonist, fimbria stimulation evoked EPSPs in granule cells, and did so with a similar latency as the IPSPs, suggesting a CA3-mossy cell-granule cell pathway is normally masked by the activation of GABAergic interneurons by CA3 hilar collaterals (Fig. 3). Additional studies revealed that the GABAergic neurons may not only involve those in the hilus, but also the Ãbasket cellsÃ of the granule cell layer (Scharfman, 1994a and Scharfman, 1994c; Kneisler and Dingledine, 1995).","p630 right","Scharfman HE","The CA3 backprojection to the dentate gyrus","Prog Brain Res",2007,17765742,0,NULL,NULL,NULL,NULL
2000038,2004,"CA3c Pyramidal (+)03223p",1002,"DG Mossy","Some of the first physiological evidence that CA3 axons innervated the dentate gyrus came from studies in hippocampal slices, which showed that a stimulating electrode placed in the hilus could activate an antidromic population spike, recorded extracellularly in the CA3 pyramidal cell layer.Subsequent studies identified what cell types in the dentate gyrus could be influenced by the CA3 projection. Several approaches established that hilar neurons could be activated readily, but granule cells could not. First, fimbria stimulation was used to activate CA3 pyramidal cells instead of the hilus, because antidromic action potentials are easily elicited in CA3 neurons by stimulation at this site, with no evidence for direct activation of hilar neurons and granule cells. Direct activation would be expected because hilar cells that project commissurally have an axon that descends into stratum oriens of CA3b, presumably on its way to the fimbria, but in our slices, we have found that it is severed before reaching the fimbria. Direct activation of granule cells would only be possible if current spread entered stratum lucidum, which recordings show does not occur after fimbria stimulation using the methods we have employed. Extracellular recordings showed that such fimbria stimulation led to antidromic and orthodromic activation of CA3 b and c pyramidal cells, followed by an extracellular negative wave in the granule cell layer and inner molecular layer that reversed polarity in the middle molecular layer (Fig. 2). Due to the negative resting potential of granule cells, the negative potential could reflect an EPSP or depolarized IPSP, and it was shown subsequently by intracellular recording that it was a depolarized GABAA receptor-mediated IPSP (Fig. 3; Scharfman, 1994a, Scharfman, 1994b and Scharfman, 1994c). This fimbria stimulation site activated hilar mossy cells and hilar GABAergic neurons disynaptically, and was sensitive to the AMPA receptor antagonist CNQX but not the muscarinic antagonist atropine (Scharfman, 1993a). At a longer latency, the granule cell IPSP began. These data suggesting that fimbria activation of CA3 pyramidal cells led to hilar neuron activation, presumably by hilar collaterals of CA3 pyramidal cells. Comparing the latency to the response of CA3 pyramidal cells and hilar cells supported this hypothesis, because CA3 pyramidal cells were activated at short latency and hilar cells approximately 2 ms later. The same stimulus evoked a long latency IPSP in granule cells, consistent with a CA3-hilar neuron-granule cell pathway. In the presence of bicuculline, a GABAA receptor antagonist, fimbria stimulation evoked EPSPs in granule cells, and did so with a similar latency as the IPSPs, suggesting a CA3-mossy cell-granule cell pathway is normally masked by the activation of GABAergic interneurons by CA3 hilar collaterals (Fig. 3). Additional studies revealed that the GABAergic neurons may not only involve those in the hilus, but also the Ãbasket cellsÃ of the granule cell layer (Scharfman, 1994a and Scharfman, 1994c; Kneisler and Dingledine, 1995).","p630 right","Scharfman HE","The CA3 backprojection to the dentate gyrus","Prog Brain Res",2007,17765742,0,NULL,NULL,NULL,NULL
2000039,2004,"CA3c Pyramidal (+)03223p",1000,"DG Granule (+)2201p","Li et al. (1994) also noted that CA3 pyramidal cell axons entered the granule cell layer and collateralized in the inner molecular layer, and this was predominantly a characteristic of ventral CA3c pyramidal cells. These axons exhibited numerous varicosities, suggesting that they innervated dentate gyrus granule cells, and possibly other cell types. Therefore, the CA3c population of ventral hippocampus appears to be a subset of CA3 pyramidal cells with the highest potential for dentate gyrus interactions. These studies were the first to define hilar collateralization of CA3 neurons unequivocally. However, one caveat was that the sample sizes were small, and it remains unclear exactly how representative the data were of the entire CA3 population. It also is unclear whether the data from adult rat might vary across age and species. Due to the labor-intensive nature of the experiments, these questions remain unanswered.","p629 top right","Scharfman HE","The CA3 backprojection to the dentate gyrus","Prog Brain Res",2007,17765742,0,NULL,NULL,NULL,NULL
2000041,2004,"CA3c Pyramidal (+)03223p",1002,"DG Mossy","Fig. 3. Physiological evidence for a CA3 backprojection mediated by hilar neurons. (A) A schematic illustrates the backprojection supported by physiological evidence collected to date. It shows that CA3 pyramidal cells innervate GABAergic and glutamatergic mossy cells of the hilus, which in turn innervate granule cells. (B) Recordings illustrate the physiological correlates of the schematic in A. Intracellular recordings from granule cells in response to fimbria stimulation in an adult male rat slice illustrate an evoked IPSP that reverses at _70 mV, indicated a GABAA receptor-mediated IPSP is primarily evoked under normal conditions. After the GABAA receptor antagonist bicuculline was bath-applied, the evoked response was an EPSP followed by an IPSP that reversed at approximately _80 mV, suggesting an EPSP followed by a GABAB receptor-mediated IPSP is normally masked by GABAA receptor-mediated inhibition. From Scharfman (1994a). Reprinted with permission from the Society for Neuroscience.","p632 top","Scharfman HE","The CA3 backprojection to the dentate gyrus","Prog Brain Res",2007,17765742,0,NULL,NULL,NULL,NULL
2000042,2004,"CA3c Pyramidal (+)03223p",1002,"DG Mossy","In summary, there is strong evidence from studies in hippocampal slices that the CA3 backprojection innervates hilar neurons, both mossy cells and GABAergic neurons. Currently there is no physiological evidence that CA3 directly innervates the granule cells of the dentate gyrus, but absence of evidence is not a proof of absence.  At the present time, the evidence suggests that the granule cells, even if they receive a direct projection from CA3 neurons, are primarily inhibited by the backprojection, not activated. However, once they are relieved of GABAA receptor-mediated inhibition, a strong excitatory circuit is unmasked. The excitatory circuit appears to be primarily derived from the mossy cell projection to the inner molecular layer.","p632-633","Scharfman HE","The CA3 backprojection to the dentate gyrus","Prog Brain Res",2007,17765742,0,NULL,NULL,NULL,NULL
2000042,2004,"CA3c Pyramidal (+)03223p",1000,"DG Granule Cells","In summary, there is strong evidence from studies in hippocampal slices that the CA3 backprojection innervates hilar neurons, both mossy cells and GABAergic neurons. Currently there is no physiological evidence that CA3 directly innervates the granule cells of the dentate gyrus, but absence of evidence is not a proof of absence.  At the present time, the evidence suggests that the granule cells, even if they receive a direct projection from CA3 neurons, are primarily inhibited by the backprojection, not activated. However, once they are relieved of GABAA receptor-mediated inhibition, a strong excitatory circuit is unmasked. The excitatory circuit appears to be primarily derived from the mossy cell projection to the inner molecular layer.","p632-633","Scharfman HE","The CA3 backprojection to the dentate gyrus","Prog Brain Res",2007,17765742,0,NULL,NULL,NULL,NULL
2000045,6003,"EC LII Stallate",6003,"EC LII Stallate","Paired intracellular recordings were used to investigate recurrent excitatory transmission in layers II, III and V of the rat entorhinal cortex in vitro. There was a relatively high probability of finding a recurrent connection between pairs of pyramidal neurons in both layer V (around 12%) and layer III (around 9%). In complete contrast, we have failed to find any recurrent synaptic connections between principal neurons in layer II, and this may be an important factor in the relative resistance of this layer in generating synchronized epileptiform activity. In general, recurrent excitatory postsynaptic potentials in layers III and V of the entorhinal cortex had similar properties to those recorded in other cortical areas, although the probabilities of connection are among the highest reported. Recurrent excitatory postsynaptic potentials recorded in layer V were smaller with faster rise times than those recorded in layer III. In both layers, the recurrent potentials were mediated by glutamate primarily acting at _-amino-3-hydroxy-5-methyl-4-isoxazole receptors, although there appeared to be a slow component mediated by N-methyl-d-aspartate receptors. In layer III, recurrent transmission failed on about 30% of presynaptic action potentials evoked at 0.2 Hz. This failure rate increased markedly with increasing (2, 3 Hz) frequency of activation. In layer V the failure rate at low frequency was less (19%), and although it increased at higher frequencies this effect was less pronounced than in layer III. Finally, in layer III, there was evidence for a relatively high probability of electrical coupling between pyramidal neurons.","Abstract","Dhillon A, Jones RS.","Laminar differences in recurrent excitatory transmission in the rat entorhinal cortex in vitro","Neuroscience",2000,11029534,0,NULL,NULL,NULL,NULL
2000047,6003,"LII stallate",6094,"LII pyramidal","We had a high success rate when targeting stellate cells in layer II, but we recorded from 24 pyramidal cells in layer II as well (Fig. 1a, cell 4), as part of the predetermined stimulation routine to check for connectivity within clusters. In two of the cases, stimulation of stellate cells resulted in postsynaptic excitatory responses in pyramidal neurons (mean responses, 0.8 mV and 0.4 mV). However, we did not observe postsynaptic responses, neither excitatory nor inhibitory, in stellate cells (N = 52) when stimulating pyramidal cells.","p319 Right Bottom","Couey JJ, Witoelar A, Zhang SJ, Zheng K, Ye J, Dunn B, Czajkowski R, Moser MB, Moser EI, Roudi Y, Witter MP","Recurrent inhibitory circuitry as a mechanism for grid formation","Nat Neurosci.",2013,23334580,0,NULL,NULL,NULL,NULL
2000047,6003,"LII stallate",6005,"LII pyramidal","We had a high success rate when targeting stellate cells in layer II, but we recorded from 24 pyramidal cells in layer II as well (Fig. 1a, cell 4), as part of the predetermined stimulation routine to check for connectivity within clusters. In two of the cases, stimulation of stellate cells resulted in postsynaptic excitatory responses in pyramidal neurons (mean responses, 0.8 mV and 0.4 mV). However, we did not observe postsynaptic responses, neither excitatory nor inhibitory, in stellate cells (N = 52) when stimulating pyramidal cells.","p319 Right Bottom","Couey JJ, Witoelar A, Zhang SJ, Zheng K, Ye J, Dunn B, Czajkowski R, Moser MB, Moser EI, Roudi Y, Witter MP","Recurrent inhibitory circuitry as a mechanism for grid formation","Nat Neurosci.",2013,23334580,0,NULL,NULL,NULL,NULL
2000047,6003,"LII stallate",6008,"LII pyramidal","We had a high success rate when targeting stellate cells in layer II, but we recorded from 24 pyramidal cells in layer II as well (Fig. 1a, cell 4), as part of the predetermined stimulation routine to check for connectivity within clusters. In two of the cases, stimulation of stellate cells resulted in postsynaptic excitatory responses in pyramidal neurons (mean responses, 0.8 mV and 0.4 mV). However, we did not observe postsynaptic responses, neither excitatory nor inhibitory, in stellate cells (N = 52) when stimulating pyramidal cells.","p319 Right Bottom","Couey JJ, Witoelar A, Zhang SJ, Zheng K, Ye J, Dunn B, Czajkowski R, Moser MB, Moser EI, Roudi Y, Witter MP","Recurrent inhibitory circuitry as a mechanism for grid formation","Nat Neurosci.",2013,23334580,0,NULL,NULL,NULL,NULL
2000047,6003,"LII stallate",6019,"LII pyramidal","We had a high success rate when targeting stellate cells in layer II, but we recorded from 24 pyramidal cells in layer II as well (Fig. 1a, cell 4), as part of the predetermined stimulation routine to check for connectivity within clusters. In two of the cases, stimulation of stellate cells resulted in postsynaptic excitatory responses in pyramidal neurons (mean responses, 0.8 mV and 0.4 mV). However, we did not observe postsynaptic responses, neither excitatory nor inhibitory, in stellate cells (N = 52) when stimulating pyramidal cells.","p319 Right Bottom","Couey JJ, Witoelar A, Zhang SJ, Zheng K, Ye J, Dunn B, Czajkowski R, Moser MB, Moser EI, Roudi Y, Witter MP","Recurrent inhibitory circuitry as a mechanism for grid formation","Nat Neurosci.",2013,23334580,0,NULL,NULL,NULL,NULL
2000047,6003,"LII stallate",6082,"LII pyramidal","We had a high success rate when targeting stellate cells in layer II, but we recorded from 24 pyramidal cells in layer II as well (Fig. 1a, cell 4), as part of the predetermined stimulation routine to check for connectivity within clusters. In two of the cases, stimulation of stellate cells resulted in postsynaptic excitatory responses in pyramidal neurons (mean responses, 0.8 mV and 0.4 mV). However, we did not observe postsynaptic responses, neither excitatory nor inhibitory, in stellate cells (N = 52) when stimulating pyramidal cells.","p319 Right Bottom","Couey JJ, Witoelar A, Zhang SJ, Zheng K, Ye J, Dunn B, Czajkowski R, Moser MB, Moser EI, Roudi Y, Witter MP","Recurrent inhibitory circuitry as a mechanism for grid formation","Nat Neurosci.",2013,23334580,0,NULL,NULL,NULL,NULL
2000048,6003,"LII stallate",6096,"MEC LII fast-spiking interneuron","Stellate cells are connected via inhibitory interneurons. In slices obtained from rats older than postnatal day 21, activation of short bursts of synchronous action potentials in a single stellate cell (3Ã10 pulses at 10 Hz, 20 Hz, 40 Hz or 70 Hz) resulted in inhibitory responses in only 4% of recorded pairs (amplitude = Ã0.6 mV Â± 0.5 mV; peak time = 13.1 ms Â± 4 ms), whereas in the remaining stellate cells we observed no measurable responses (Fig. 1b,c). The evoked inhibitory responses were independent of presynaptic firing frequency (Fig. 1c), and we observed no differences along the dorsal-ventral axis. Concurrent activation of short bursts of synchronous action potentials (3Ã10 pulses at 70 Hz) in three stellate cells resulted in simple and compound inhibitory responses in the fourth nonstimulated stellate cell in 64% of all cells within recorded clusters under normal recording conditions over all recording locations; Fig. 1d). The evoked inhibitory responses exhibited stable amplitudes (Ã0.70 mV Â± 0.06 mV; Fig. 2) and peak times (12.2 ms Â± 2 ms).","p320 Left Middle","Couey JJ, Witoelar A, Zhang SJ, Zheng K, Ye J, Dunn B, Czajkowski R, Moser MB, Moser EI, Roudi Y, Witter MP","Recurrent inhibitory circuitry as a mechanism for grid formation","Nat Neurosci.",2013,23334580,0,NULL,NULL,NULL,NULL
2000049,6003,"LII stallate",6096,"MEC LII fast-spiking interneuron","Inhibition is mediated by inhibitory fast-spiking cells. To identify possible sources of the recurrent inhibition, we examined cluster recordings containing both stellate cells and one or more local putative interneurons. We grouped the recorded putative interneurons into two electrophysiological types, based on their electrophysiological profile23, 24 (Supplementary Table 1, Supplementary Fig. 2a and Online Methods). These two subgroups were differently connected to stellate cells: 43 putative fast-spiking interneurons (resting membrane voltage (Vm) = Ã68.8 mV Â± 3 mV; non-adapting: action potential halfwidth, 0.6 ms Â± 0.09 ms) made abundant inhibitory synapses onto 24 stellate cells (54% connectivity rate; peak latency = 10.27 ms Â± 0.5 ms; Fig. 3a,b23), whereas we found no connections from 10 low-threshold spiking (LTS) putative interneurons (rest Vm = Ã56 mV Â± 4 mV; adapting; action potential halfwidth, 0.9 ms Â± 0.08 ms). The amplitudes of the postsynaptic inhibitory responses evoked in fast-spiking stellate cell pairs were not statistically different from the mean recurrent inhibitory response shown in Figure 1d (mean = Ã0.54 mV Â± 0.2 mV; P = 0.106, t-test; Fig. 3c). Stellate cells were also highly connected with fast-spiking interneurons when compared with the LTS group (16 of 43 fast-spiking interneurons (37%); peak latency = 5.7 ms Â± 0.8 ms, mean amplitude 1.67 mV Â± 1.19 mV; 2 of 10 LTS interneurons (20%); peak latency = 6.1 and 5.9 ms; mean amplitude = 1.6 and 1.2 mV), and reciprocity between fast-spiking interneurons and stellate cells was high (11 of 16 stellate cell to fast-spiking interneuron excitatory connections were paired with a reciprocal inhibitory connection, equal to 26% of all pairs; Fig. 3b). Clusters containing interconnected stellate cells and fast-spiking interneurons could be used to demonstrate the functional recurrent inhibitory circuit (Supplementary Fig. 2b). These data implicate the latter microcircuit as a primary component of the recurrent inhibitory network in layer II23.","p321","Couey JJ, Witoelar A, Zhang SJ, Zheng K, Ye J, Dunn B, Czajkowski R, Moser MB, Moser EI, Roudi Y, Witter MP","Recurrent inhibitory circuitry as a mechanism for grid formation","Nat Neurosci.",2013,23334580,0,NULL,NULL,NULL,NULL
2000049,6096,"MEC LII fast-spiking interneuron",6003,"LII stallate","Inhibition is mediated by inhibitory fast-spiking cells. To identify possible sources of the recurrent inhibition, we examined cluster recordings containing both stellate cells and one or more local putative interneurons. We grouped the recorded putative interneurons into two electrophysiological types, based on their electrophysiological profile23, 24 (Supplementary Table 1, Supplementary Fig. 2a and Online Methods). These two subgroups were differently connected to stellate cells: 43 putative fast-spiking interneurons (resting membrane voltage (Vm) = Ã68.8 mV Â± 3 mV; non-adapting: action potential halfwidth, 0.6 ms Â± 0.09 ms) made abundant inhibitory synapses onto 24 stellate cells (54% connectivity rate; peak latency = 10.27 ms Â± 0.5 ms; Fig. 3a,b23), whereas we found no connections from 10 low-threshold spiking (LTS) putative interneurons (rest Vm = Ã56 mV Â± 4 mV; adapting; action potential halfwidth, 0.9 ms Â± 0.08 ms). The amplitudes of the postsynaptic inhibitory responses evoked in fast-spiking stellate cell pairs were not statistically different from the mean recurrent inhibitory response shown in Figure 1d (mean = Ã0.54 mV Â± 0.2 mV; P = 0.106, t-test; Fig. 3c). Stellate cells were also highly connected with fast-spiking interneurons when compared with the LTS group (16 of 43 fast-spiking interneurons (37%); peak latency = 5.7 ms Â± 0.8 ms, mean amplitude 1.67 mV Â± 1.19 mV; 2 of 10 LTS interneurons (20%); peak latency = 6.1 and 5.9 ms; mean amplitude = 1.6 and 1.2 mV), and reciprocity between fast-spiking interneurons and stellate cells was high (11 of 16 stellate cell to fast-spiking interneuron excitatory connections were paired with a reciprocal inhibitory connection, equal to 26% of all pairs; Fig. 3b). Clusters containing interconnected stellate cells and fast-spiking interneurons could be used to demonstrate the functional recurrent inhibitory circuit (Supplementary Fig. 2b). These data implicate the latter microcircuit as a primary component of the recurrent inhibitory network in layer II23.","p321","Couey JJ, Witoelar A, Zhang SJ, Zheng K, Ye J, Dunn B, Czajkowski R, Moser MB, Moser EI, Roudi Y, Witter MP","Recurrent inhibitory circuitry as a mechanism for grid formation","Nat Neurosci.",2013,23334580,0,NULL,NULL,NULL,NULL
2000050,4000,"CA1 glutamatergic",4033,"CA1 SO-SO","Maturation of glutamatergic synapses in INs of GluN2B_GAD67 mice. We next examined potential consequences of GluN2B deletion in INs on the functional development of glutamatergic synapses. We recorded at P12ÃP13 from INs that can be readily identified in acute hippocampal slices. We selected INs with the cell body in stratum oriens and confirmed IN identity based on the firing pattern and morphology (n = 10; Fig. 5A). We examined evoked synaptic glutamatergic currents in the presence of gabazine (10 _m) with sequential block of AMPA- and NMDAR-mediated EPSCs (CNQX, 10 _m, and d-AP5, 50 _m, respectively; Fig. 5B). In wt mice, all recorded INs exhibited NMDAR-mediated EPSCs. The ratio of NMDAR/AMPAR-mediated eEPSCs was reduced in GluN2B_GAD67 mice compared with age-matched wt littermates (p < 0.001, MannÃWhitney test; Fig. 5B,E) compatible with the ablation of the dominant GluN2 subunit in postnatal development. Interestingly, the ratio of AMPAR-mediated eEPSCs over gabazine-sensitive eIPSCs was increased in GluN2B_GAD67 mice compared with control littermates (p < 0.001, MannÃWhitney test; Fig. 5C,F). The paired-pulse ratio of AMPAR-mediated eEPSCs was similar in GluN2B_GAD67 and control neurons (n.s., MannÃWhitney test; Fig. 5D,G), supporting that the observed amplitude changes reflect postsynaptic alterations.","p16026-16027","Kelsch W, Li Z, Wieland S, Senkov O, Herb A, GÂngrich C, Monyer H","GluN2B-Containing NMDA Receptors Promote Glutamate Synapse Development in Hippocampal Interneurons","J Neurosci.",2014,25429143,0,NULL,NULL,NULL,NULL
2000050,4054,"CA1 glutamatergic",4033,"CA1 SO-SO","Maturation of glutamatergic synapses in INs of GluN2B_GAD67 mice. We next examined potential consequences of GluN2B deletion in INs on the functional development of glutamatergic synapses. We recorded at P12ÃP13 from INs that can be readily identified in acute hippocampal slices. We selected INs with the cell body in stratum oriens and confirmed IN identity based on the firing pattern and morphology (n = 10; Fig. 5A). We examined evoked synaptic glutamatergic currents in the presence of gabazine (10 _m) with sequential block of AMPA- and NMDAR-mediated EPSCs (CNQX, 10 _m, and d-AP5, 50 _m, respectively; Fig. 5B). In wt mice, all recorded INs exhibited NMDAR-mediated EPSCs. The ratio of NMDAR/AMPAR-mediated eEPSCs was reduced in GluN2B_GAD67 mice compared with age-matched wt littermates (p < 0.001, MannÃWhitney test; Fig. 5B,E) compatible with the ablation of the dominant GluN2 subunit in postnatal development. Interestingly, the ratio of AMPAR-mediated eEPSCs over gabazine-sensitive eIPSCs was increased in GluN2B_GAD67 mice compared with control littermates (p < 0.001, MannÃWhitney test; Fig. 5C,F). The paired-pulse ratio of AMPAR-mediated eEPSCs was similar in GluN2B_GAD67 and control neurons (n.s., MannÃWhitney test; Fig. 5D,G), supporting that the observed amplitude changes reflect postsynaptic alterations.","p16026-16027","Kelsch W, Li Z, Wieland S, Senkov O, Herb A, GÂngrich C, Monyer H","GluN2B-Containing NMDA Receptors Promote Glutamate Synapse Development in Hippocampal Interneurons","J Neurosci.",2014,25429143,0,NULL,NULL,NULL,NULL
2000055,2044,"CA3 Basket CCK+",2000,"CA3 PC","A subpopulation of GABAergic cells in cortical structures expresses CB1 cannabinoid receptors (CB1) on their axon terminals. To understand the function of these interneurons in information processing, it is necessary to uncover how they are embedded into neuronal circuits. Therefore, the proportion of GABAergic terminals expressing CB1 and the morphological and electrophysiological properties of CB1-immunoreactive interneurons should be revealed. We investigated the ratio and the origin of CB1-expressing inhibitory boutons in the CA3 region of the hippocampus. Using immunocytochemical techniques, we estimated that _40% of GABAergic axon terminals in different layers of CA3 also expressed CB1. To identify the inhibitory cell types expressing CB1 in this region, we recorded and intracellularly labeled interneurons in hippocampal slices. CB1-expressing interneurons showed distinct axonal arborization, and were classified as basket cells, mossy-fiber-associated cells, dendritic-layer-innervating cells or perforant-path-associated cells. In each morphological category, a substantial variability in axonal projection was observed. In contrast to the diverse morphology, the active and passive membrane properties were found to be rather similar. Using paired recordings, we found that pyramidal cells displayed large and fast unitary postsynaptic currents in response to activating basket and mossy-fiber-associated cells, while they showed slower and smaller synaptic events in pairs originating from interneurons that innervate the dendritic layer, which may be due to dendritic filtering. In addition, CB1 activation significantly reduced the amplitude of the postsynaptic currents in each cell pair tested. Our data suggest that CB1-expressing interneurons with different axonal projections have comparable physiological characteristics, contributing to a similar proportion of GABAergic inputs along the somato-dendritic axis of CA3 pyramidal cells. Â© 2014 Wiley Periodicals, Inc.","Abstract","SzabÂ GG, Papp OI, MÂtÂ Z, SzabÂ G, HÂjos N.","Anatomically heterogeneous populations of CB1 cannabinoid receptor-expressing interneurons in the CA3 region of the hippocampus show homogeneous input-output characteristics","Hippocampus",2014,25044969,0,NULL,NULL,NULL,NULL
2000055,2036,"CA3 Mossy-fiber-associated cells",2000,"CA3 PC","A subpopulation of GABAergic cells in cortical structures expresses CB1 cannabinoid receptors (CB1) on their axon terminals. To understand the function of these interneurons in information processing, it is necessary to uncover how they are embedded into neuronal circuits. Therefore, the proportion of GABAergic terminals expressing CB1 and the morphological and electrophysiological properties of CB1-immunoreactive interneurons should be revealed. We investigated the ratio and the origin of CB1-expressing inhibitory boutons in the CA3 region of the hippocampus. Using immunocytochemical techniques, we estimated that _40% of GABAergic axon terminals in different layers of CA3 also expressed CB1. To identify the inhibitory cell types expressing CB1 in this region, we recorded and intracellularly labeled interneurons in hippocampal slices. CB1-expressing interneurons showed distinct axonal arborization, and were classified as basket cells, mossy-fiber-associated cells, dendritic-layer-innervating cells or perforant-path-associated cells. In each morphological category, a substantial variability in axonal projection was observed. In contrast to the diverse morphology, the active and passive membrane properties were found to be rather similar. Using paired recordings, we found that pyramidal cells displayed large and fast unitary postsynaptic currents in response to activating basket and mossy-fiber-associated cells, while they showed slower and smaller synaptic events in pairs originating from interneurons that innervate the dendritic layer, which may be due to dendritic filtering. In addition, CB1 activation significantly reduced the amplitude of the postsynaptic currents in each cell pair tested. Our data suggest that CB1-expressing interneurons with different axonal projections have comparable physiological characteristics, contributing to a similar proportion of GABAergic inputs along the somato-dendritic axis of CA3 pyramidal cells. Â© 2014 Wiley Periodicals, Inc.","Abstract","SzabÂ GG, Papp OI, MÂtÂ Z, SzabÂ G, HÂjos N.","Anatomically heterogeneous populations of CB1 cannabinoid receptor-expressing interneurons in the CA3 region of the hippocampus show homogeneous input-output characteristics","Hippocampus",2014,25044969,0,NULL,NULL,NULL,NULL
2000055,2044,"CA3 Basket CCK+",2004,"CA3c PC","A subpopulation of GABAergic cells in cortical structures expresses CB1 cannabinoid receptors (CB1) on their axon terminals. To understand the function of these interneurons in information processing, it is necessary to uncover how they are embedded into neuronal circuits. Therefore, the proportion of GABAergic terminals expressing CB1 and the morphological and electrophysiological properties of CB1-immunoreactive interneurons should be revealed. We investigated the ratio and the origin of CB1-expressing inhibitory boutons in the CA3 region of the hippocampus. Using immunocytochemical techniques, we estimated that _40% of GABAergic axon terminals in different layers of CA3 also expressed CB1. To identify the inhibitory cell types expressing CB1 in this region, we recorded and intracellularly labeled interneurons in hippocampal slices. CB1-expressing interneurons showed distinct axonal arborization, and were classified as basket cells, mossy-fiber-associated cells, dendritic-layer-innervating cells or perforant-path-associated cells. In each morphological category, a substantial variability in axonal projection was observed. In contrast to the diverse morphology, the active and passive membrane properties were found to be rather similar. Using paired recordings, we found that pyramidal cells displayed large and fast unitary postsynaptic currents in response to activating basket and mossy-fiber-associated cells, while they showed slower and smaller synaptic events in pairs originating from interneurons that innervate the dendritic layer, which may be due to dendritic filtering. In addition, CB1 activation significantly reduced the amplitude of the postsynaptic currents in each cell pair tested. Our data suggest that CB1-expressing interneurons with different axonal projections have comparable physiological characteristics, contributing to a similar proportion of GABAergic inputs along the somato-dendritic axis of CA3 pyramidal cells. Â© 2014 Wiley Periodicals, Inc.","Abstract","SzabÂ GG, Papp OI, MÂtÂ Z, SzabÂ G, HÂjos N.","Anatomically heterogeneous populations of CB1 cannabinoid receptor-expressing interneurons in the CA3 region of the hippocampus show homogeneous input-output characteristics","Hippocampus",2014,25044969,0,NULL,NULL,NULL,NULL
2000055,2036,"CA3 Mossy-fiber-associated cells",2004,"CA3c PC","A subpopulation of GABAergic cells in cortical structures expresses CB1 cannabinoid receptors (CB1) on their axon terminals. To understand the function of these interneurons in information processing, it is necessary to uncover how they are embedded into neuronal circuits. Therefore, the proportion of GABAergic terminals expressing CB1 and the morphological and electrophysiological properties of CB1-immunoreactive interneurons should be revealed. We investigated the ratio and the origin of CB1-expressing inhibitory boutons in the CA3 region of the hippocampus. Using immunocytochemical techniques, we estimated that _40% of GABAergic axon terminals in different layers of CA3 also expressed CB1. To identify the inhibitory cell types expressing CB1 in this region, we recorded and intracellularly labeled interneurons in hippocampal slices. CB1-expressing interneurons showed distinct axonal arborization, and were classified as basket cells, mossy-fiber-associated cells, dendritic-layer-innervating cells or perforant-path-associated cells. In each morphological category, a substantial variability in axonal projection was observed. In contrast to the diverse morphology, the active and passive membrane properties were found to be rather similar. Using paired recordings, we found that pyramidal cells displayed large and fast unitary postsynaptic currents in response to activating basket and mossy-fiber-associated cells, while they showed slower and smaller synaptic events in pairs originating from interneurons that innervate the dendritic layer, which may be due to dendritic filtering. In addition, CB1 activation significantly reduced the amplitude of the postsynaptic currents in each cell pair tested. Our data suggest that CB1-expressing interneurons with different axonal projections have comparable physiological characteristics, contributing to a similar proportion of GABAergic inputs along the somato-dendritic axis of CA3 pyramidal cells. Â© 2014 Wiley Periodicals, Inc.","Abstract","SzabÂ GG, Papp OI, MÂtÂ Z, SzabÂ G, HÂjos N.","Anatomically heterogeneous populations of CB1 cannabinoid receptor-expressing interneurons in the CA3 region of the hippocampus show homogeneous input-output characteristics","Hippocampus",2014,25044969,0,NULL,NULL,NULL,NULL
2000056,4079,"CA1 Basket CCK+",4000,"CA1 PC","In the CA1 region of the hippocampus, CB1 was shown to be present at boutons of inhibitory cells targeting different subcellular regions of pyramidal cells: basket cells that innervate the perisomatic region of the pyramidal cells, Schaffer collateral-associated cells that project mainly to the stratum radiatum and also perforant-path-associated cells projecting to the stratum lacunosum-moleculare (Katona et al., 1999; Hajos et al., 2000; Cope et al., 2002; Klausberger et al., 2005). Thus, the outputs of CB1-expressing interneurons are distributed along the somato-dendritic axis of pyramidal cells in accordance with the main afferent pathways of the CA1 region. In contrast to the variability in axonal projection, CB1-expressing interneurons in CA1 display rather similar properties in their synaptic output and firing behavior during distinct network activities in vivo (Klausberger et al., 2005; Daw et al., 2009).","p1506 Right Bottom","SzabÂ GG, Papp OI, MÂtÂ Z, SzabÂ G, HÂjos N.","Anatomically heterogeneous populations of CB1 cannabinoid receptor-expressing interneurons in the CA3 region of the hippocampus show homogeneous input-output characteristics","Hippocampus",2014,25044969,0,NULL,NULL,NULL,NULL
2000057,2044,"CA3 Basket CCK+",2000,"CA3 PC","Features of CB1-Expressing Interneuron Output Synapses. The possible differences in synaptic inhibition along the somato-dendritic axis of pyramidal cells can substantially impact the signal processing. Therefore, in addition to membrane properties, we aimed to compare various features of synaptic transmission at the synaptic outputs of CB1-expressing interneurons. To this end, we performed paired recordings between CB1-expressing interneurons and their pyramidal cell partners in the CA3 region of hippocampal slices. The probability of finding a monosynaptically coupled pair was 83% (51 pairs out of 61 trials). Due to the lack of detectable postsynaptic response in all but one dual recording from PPA cell and pyramidal cell pairs (peak amplitude, 38.5 pA; potency, 34.4 pA; 10Ã90% rise time, 7.66 ms, decay time constant, 14.3 ms; probability of failures, 0.1; latency, 2.85 ms, charge of asynchronous release, 899 pA*ms, the ratio of the 10th and the first uIPSC amplitude, 1.15), we focused our study on the synaptic properties of connections originating from BCs (n_=_20), MFA cells (n_=_14), and DLI cells (n_=_21). Unitary inhibitory postsynaptic currents (uIPSCs) in pyramidal cells were evoked by single action potentials in the presynaptic interneurons. We compared the peak amplitude (including failures), potency (excluding failures), 10Ã90% rise time, and decay time constant. Additionally, the synaptic latency of transmission (i.e., the time between the peak of action potentials and the beginning of the uIPSC) as well as the probability of transmission failures were calculated (Fig. 6, Table 3). Statistical comparison of these data revealed that the peak amplitude of the uIPSC (P_<_0.001, KW ANOVA), the synaptic potency (KW ANOVA; P_<_0.001), the 10Ã90% rise time (P_=_0.002, KW ANOVA), and the decay time constant (P = 0.009, KW ANOVA) were different. Post hoc statistical investigations showed that DLI cells differ significantly from the other two groups in their synaptic potency, 10Ã90% rise time and decay time constant, while the uIPSC amplitude was found to be different only between BC-pyramidal cell and DLI cell-pyramidal cell pairs (Table 3). No difference could be detected in failure rate (P_=_0.56, KW ANOVA) or latency (P_=_0.82, KW ANOVA; Fig. 6B, Table 3) among the three groups.","p1514-1515","SzabÂ GG, Papp OI, MÂtÂ Z, SzabÂ G, HÂjos N.","Anatomically heterogeneous populations of CB1 cannabinoid receptor-expressing interneurons in the CA3 region of the hippocampus show homogeneous input-output characteristics","Hippocampus",2014,25044969,0,NULL,NULL,NULL,NULL
2000057,2036,"CA3 Mossy-fiber-associated cells",2000,"CA3 PC","Features of CB1-Expressing Interneuron Output Synapses. The possible differences in synaptic inhibition along the somato-dendritic axis of pyramidal cells can substantially impact the signal processing. Therefore, in addition to membrane properties, we aimed to compare various features of synaptic transmission at the synaptic outputs of CB1-expressing interneurons. To this end, we performed paired recordings between CB1-expressing interneurons and their pyramidal cell partners in the CA3 region of hippocampal slices. The probability of finding a monosynaptically coupled pair was 83% (51 pairs out of 61 trials). Due to the lack of detectable postsynaptic response in all but one dual recording from PPA cell and pyramidal cell pairs (peak amplitude, 38.5 pA; potency, 34.4 pA; 10Ã90% rise time, 7.66 ms, decay time constant, 14.3 ms; probability of failures, 0.1; latency, 2.85 ms, charge of asynchronous release, 899 pA*ms, the ratio of the 10th and the first uIPSC amplitude, 1.15), we focused our study on the synaptic properties of connections originating from BCs (n_=_20), MFA cells (n_=_14), and DLI cells (n_=_21). Unitary inhibitory postsynaptic currents (uIPSCs) in pyramidal cells were evoked by single action potentials in the presynaptic interneurons. We compared the peak amplitude (including failures), potency (excluding failures), 10Ã90% rise time, and decay time constant. Additionally, the synaptic latency of transmission (i.e., the time between the peak of action potentials and the beginning of the uIPSC) as well as the probability of transmission failures were calculated (Fig. 6, Table 3). Statistical comparison of these data revealed that the peak amplitude of the uIPSC (P_<_0.001, KW ANOVA), the synaptic potency (KW ANOVA; P_<_0.001), the 10Ã90% rise time (P_=_0.002, KW ANOVA), and the decay time constant (P = 0.009, KW ANOVA) were different. Post hoc statistical investigations showed that DLI cells differ significantly from the other two groups in their synaptic potency, 10Ã90% rise time and decay time constant, while the uIPSC amplitude was found to be different only between BC-pyramidal cell and DLI cell-pyramidal cell pairs (Table 3). No difference could be detected in failure rate (P_=_0.56, KW ANOVA) or latency (P_=_0.82, KW ANOVA; Fig. 6B, Table 3) among the three groups.","p1514-1515","SzabÂ GG, Papp OI, MÂtÂ Z, SzabÂ G, HÂjos N.","Anatomically heterogeneous populations of CB1 cannabinoid receptor-expressing interneurons in the CA3 region of the hippocampus show homogeneous input-output characteristics","Hippocampus",2014,25044969,0,NULL,NULL,NULL,NULL
2000057,2043,"CA3 Basket",2004,"CA3c PC CCK+","Features of CB1-Expressing Interneuron Output Synapses. The possible differences in synaptic inhibition along the somato-dendritic axis of pyramidal cells can substantially impact the signal processing. Therefore, in addition to membrane properties, we aimed to compare various features of synaptic transmission at the synaptic outputs of CB1-expressing interneurons. To this end, we performed paired recordings between CB1-expressing interneurons and their pyramidal cell partners in the CA3 region of hippocampal slices. The probability of finding a monosynaptically coupled pair was 83% (51 pairs out of 61 trials). Due to the lack of detectable postsynaptic response in all but one dual recording from PPA cell and pyramidal cell pairs (peak amplitude, 38.5 pA; potency, 34.4 pA; 10Ã90% rise time, 7.66 ms, decay time constant, 14.3 ms; probability of failures, 0.1; latency, 2.85 ms, charge of asynchronous release, 899 pA*ms, the ratio of the 10th and the first uIPSC amplitude, 1.15), we focused our study on the synaptic properties of connections originating from BCs (n_=_20), MFA cells (n_=_14), and DLI cells (n_=_21). Unitary inhibitory postsynaptic currents (uIPSCs) in pyramidal cells were evoked by single action potentials in the presynaptic interneurons. We compared the peak amplitude (including failures), potency (excluding failures), 10Ã90% rise time, and decay time constant. Additionally, the synaptic latency of transmission (i.e., the time between the peak of action potentials and the beginning of the uIPSC) as well as the probability of transmission failures were calculated (Fig. 6, Table 3). Statistical comparison of these data revealed that the peak amplitude of the uIPSC (P_<_0.001, KW ANOVA), the synaptic potency (KW ANOVA; P_<_0.001), the 10Ã90% rise time (P_=_0.002, KW ANOVA), and the decay time constant (P = 0.009, KW ANOVA) were different. Post hoc statistical investigations showed that DLI cells differ significantly from the other two groups in their synaptic potency, 10Ã90% rise time and decay time constant, while the uIPSC amplitude was found to be different only between BC-pyramidal cell and DLI cell-pyramidal cell pairs (Table 3). No difference could be detected in failure rate (P_=_0.56, KW ANOVA) or latency (P_=_0.82, KW ANOVA; Fig. 6B, Table 3) among the three groups.","p1514-1515","SzabÂ GG, Papp OI, MÂtÂ Z, SzabÂ G, HÂjos N.","Anatomically heterogeneous populations of CB1 cannabinoid receptor-expressing interneurons in the CA3 region of the hippocampus show homogeneous input-output characteristics","Hippocampus",2014,25044969,0,NULL,NULL,NULL,NULL
2000057,2036,"CA3 Mossy-fiber-associated cells",2004,"CA3c PC","Features of CB1-Expressing Interneuron Output Synapses. The possible differences in synaptic inhibition along the somato-dendritic axis of pyramidal cells can substantially impact the signal processing. Therefore, in addition to membrane properties, we aimed to compare various features of synaptic transmission at the synaptic outputs of CB1-expressing interneurons. To this end, we performed paired recordings between CB1-expressing interneurons and their pyramidal cell partners in the CA3 region of hippocampal slices. The probability of finding a monosynaptically coupled pair was 83% (51 pairs out of 61 trials). Due to the lack of detectable postsynaptic response in all but one dual recording from PPA cell and pyramidal cell pairs (peak amplitude, 38.5 pA; potency, 34.4 pA; 10Ã90% rise time, 7.66 ms, decay time constant, 14.3 ms; probability of failures, 0.1; latency, 2.85 ms, charge of asynchronous release, 899 pA*ms, the ratio of the 10th and the first uIPSC amplitude, 1.15), we focused our study on the synaptic properties of connections originating from BCs (n_=_20), MFA cells (n_=_14), and DLI cells (n_=_21). Unitary inhibitory postsynaptic currents (uIPSCs) in pyramidal cells were evoked by single action potentials in the presynaptic interneurons. We compared the peak amplitude (including failures), potency (excluding failures), 10Ã90% rise time, and decay time constant. Additionally, the synaptic latency of transmission (i.e., the time between the peak of action potentials and the beginning of the uIPSC) as well as the probability of transmission failures were calculated (Fig. 6, Table 3). Statistical comparison of these data revealed that the peak amplitude of the uIPSC (P_<_0.001, KW ANOVA), the synaptic potency (KW ANOVA; P_<_0.001), the 10Ã90% rise time (P_=_0.002, KW ANOVA), and the decay time constant (P = 0.009, KW ANOVA) were different. Post hoc statistical investigations showed that DLI cells differ significantly from the other two groups in their synaptic potency, 10Ã90% rise time and decay time constant, while the uIPSC amplitude was found to be different only between BC-pyramidal cell and DLI cell-pyramidal cell pairs (Table 3). No difference could be detected in failure rate (P_=_0.56, KW ANOVA) or latency (P_=_0.82, KW ANOVA; Fig. 6B, Table 3) among the three groups.","p1514-1515","SzabÂ GG, Papp OI, MÂtÂ Z, SzabÂ G, HÂjos N.","Anatomically heterogeneous populations of CB1 cannabinoid receptor-expressing interneurons in the CA3 region of the hippocampus show homogeneous input-output characteristics","Hippocampus",2014,25044969,0,NULL,NULL,NULL,NULL
2000058,4000,"CA1 PC",4000,"CA1 PC","Takacs et al. (2012) recently observed that 39% of local collateral boutons synapse on other pyramidal cells in vivo, so we calculated that each pyramidal cell makes 197 synapses onto other pyramidal cells. We were also interested in the number of synapses made per connection to calculate the divergence, or total number of connections made, onto other pyramidal cells. We assumed that CA1 pyramidal cell local collaterals made one synapse onto each postsynaptic pyramidal cell (Table 2). In a study of pyramidal to pyramidal cell pairs within the CA1 (Deuchars and Thomson, 1996), a pyramidal to pyramidal connection comprising two synapses was found. However, its EPSP amplitude was over twice the average amplitude of the other recorded pairs, so we assumed it was an exception. Therefore, we calculated that each pyramidal cell diverges to contact 197 other CA1 pyramidal cells.","p760 RB","Bezaire MJ, Soltesz I.","Quantitative assessment of CA1 local circuits: knowledge base for interneuron-pyramidal cell connectivity","Hippocampus",2013,23674373,0,NULL,NULL,NULL,NULL
2000059,4000,"CA1 PC",4069,"CA1 OLM","Takacs et al. (2012) also found that CA1 pyramidal cells make 54% of their local synapses onto interneurons. To calculate their divergence onto interneurons, we estimated the number of synapses forming each pyramidal cell to interneuron connection. Biro et al. (2005) observed that a single CA1 pyramidal cell to O-LM cell connection comprised, on average, three synapses. Although some pyramidal cell to basket cell connections in the CA3 were observed to include only one synapse (Sik et al., 1993; Gulyas et al., 1993), current clamp recordings of pyramidal cell to bistratified cell connections in the CA1 revealed a large enough range in EPSP amplitude to suggest that some connections include multiple synapses (Ali et al., 1998). Therefore, we assumed that CA1 pyramidal cells made, on average, three synapses onto each postsynaptic interneuron (Table 2). We then calculated that each CA1 pyramidal cell diverges to innervate 91 interneurons. Aside from the 39% of synapses made onto other pyramidal cells and the 54% made onto interneurons, there are an additional 7% of local synapses made onto unknown targets (Takacs et al., 2012). Therefore, each CA1 pyramidal cell contacts an additional 11 to 35 unknown, local targets.","p761-2","Bezaire MJ, Soltesz I.","Quantitative assessment of CA1 local circuits: knowledge base for interneuron-pyramidal cell connectivity","Hippocampus",2013,23674373,0,NULL,NULL,NULL,NULL
2000059,4000,"CA1 PC",4078,"CA1 Basket","Takacs et al. (2012) also found that CA1 pyramidal cells make 54% of their local synapses onto interneurons. To calculate their divergence onto interneurons, we estimated the number of synapses forming each pyramidal cell to interneuron connection. Biro et al. (2005) observed that a single CA1 pyramidal cell to O-LM cell connection comprised, on average, three synapses. Although some pyramidal cell to basket cell connections in the CA3 were observed to include only one synapse (Sik et al., 1993; Gulyas et al., 1993), current clamp recordings of pyramidal cell to bistratified cell connections in the CA1 revealed a large enough range in EPSP amplitude to suggest that some connections include multiple synapses (Ali et al., 1998). Therefore, we assumed that CA1 pyramidal cells made, on average, three synapses onto each postsynaptic interneuron (Table 2). We then calculated that each CA1 pyramidal cell diverges to innervate 91 interneurons. Aside from the 39% of synapses made onto other pyramidal cells and the 54% made onto interneurons, there are an additional 7% of local synapses made onto unknown targets (Takacs et al., 2012). Therefore, each CA1 pyramidal cell contacts an additional 11 to 35 unknown, local targets.","p761-2","Bezaire MJ, Soltesz I.","Quantitative assessment of CA1 local circuits: knowledge base for interneuron-pyramidal cell connectivity","Hippocampus",2013,23674373,0,NULL,NULL,NULL,NULL
2000059,4000,"CA1 PC",4080,"CA1 Bistratified","Takacs et al. (2012) also found that CA1 pyramidal cells make 54% of their local synapses onto interneurons. To calculate their divergence onto interneurons, we estimated the number of synapses forming each pyramidal cell to interneuron connection. Biro et al. (2005) observed that a single CA1 pyramidal cell to O-LM cell connection comprised, on average, three synapses. Although some pyramidal cell to basket cell connections in the CA3 were observed to include only one synapse (Sik et al., 1993; Gulyas et al., 1993), current clamp recordings of pyramidal cell to bistratified cell connections in the CA1 revealed a large enough range in EPSP amplitude to suggest that some connections include multiple synapses (Ali et al., 1998). Therefore, we assumed that CA1 pyramidal cells made, on average, three synapses onto each postsynaptic interneuron (Table 2). We then calculated that each CA1 pyramidal cell diverges to innervate 91 interneurons. Aside from the 39% of synapses made onto other pyramidal cells and the 54% made onto interneurons, there are an additional 7% of local synapses made onto unknown targets (Takacs et al., 2012). Therefore, each CA1 pyramidal cell contacts an additional 11 to 35 unknown, local targets.","p761-2","Bezaire MJ, Soltesz I.","Quantitative assessment of CA1 local circuits: knowledge base for interneuron-pyramidal cell connectivity","Hippocampus",2013,23674373,0,NULL,NULL,NULL,NULL
2000060,4023,"CA1 Backprojection",2000,"CA3 PC","Electron micrograph of the biocytin-filled axon terminal (a) in the CA3 stratum radiatum on a dendritic shaft (d). The straight arrow indicates a symmetric synapse. The same dendrite received an asymmetric synapse on a spinehead (double-headed curved arrow). Another asymmetric synapse is marked by a curved arrow.","Fig 1F p1722","Sik A, Ylinen A, Penttonen M, BuzsÂki G.","Inhibitory CA1-CA3-hilar region feedback in the hippocampus","Science",1994,8085161,0,NULL,NULL,NULL,NULL
2000061,4023,"CA1 Backprojection",2000,"CA3 PC","The soma of the first cell was found in the alveus, and its dendrites projected into the stratum oriens (Fig. 3). The dendrites were beaded, and occasional spines were found on the distal dendrites. The principal axon gave rise to six main collaterals, all of which crossed the pyramidal layer. Three of them coursed through the stratum radiatum of the CA3 region, two of them crossed the hippocampal fissure and the granule cell layer, and the sixth remained in the CA1 region. The main collaterals gave rise to rich axon terminal networks in all three regions. On the basis of bouton density [24.80 Â±4.13 (SD) per 100 |xm] and total axonal length (101 mm), we estimated that this intemeuron formed approximately 25,000 synapses within the hippocampus. The physiological characteristics of the cell revealed features of an intemeuron (Fig. 4). Similar to the NADPH-diaphorase axon collaterals, drumstick-like appendages were present on the biocytin-labeled axons in all regions and layers (Fig. IE). Electron microscope examination (14) of the boutons revealed that the axon collaterals made symmetric synapses on dendritic shafts and cell bodies, but not on the dendritic spines, of unidentified target neurons (Fig. IF). Spines were often present on the dendrites of several target neurons, which suggests that they were pyramidal cells.","p1722-3","Sik A, Ylinen A, Penttonen M, BuzsÂki G.","Inhibitory CA1-CA3-hilar region feedback in the hippocampus","Science",1994,8085161,0,NULL,NULL,NULL,NULL
2000061,4023,"CA1 Backprojection",4000,"CA1 PC","The soma of the first cell was found in the alveus, and its dendrites projected into the stratum oriens (Fig. 3). The dendrites were beaded, and occasional spines were found on the distal dendrites. The principal axon gave rise to six main collaterals, all of which crossed the pyramidal layer. Three of them coursed through the stratum radiatum of the CA3 region, two of them crossed the hippocampal fissure and the granule cell layer, and the sixth remained in the CA1 region. The main collaterals gave rise to rich axon terminal networks in all three regions. On the basis of bouton density [24.80 Â±4.13 (SD) per 100 |xm] and total axonal length (101 mm), we estimated that this intemeuron formed approximately 25,000 synapses within the hippocampus. The physiological characteristics of the cell revealed features of an intemeuron (Fig. 4). Similar to the NADPH-diaphorase axon collaterals, drumstick-like appendages were present on the biocytin-labeled axons in all regions and layers (Fig. IE). Electron microscope examination (14) of the boutons revealed that the axon collaterals made symmetric synapses on dendritic shafts and cell bodies, but not on the dendritic spines, of unidentified target neurons (Fig. IF). Spines were often present on the dendrites of several target neurons, which suggests that they were pyramidal cells.","p1722-3","Sik A, Ylinen A, Penttonen M, BuzsÂki G.","Inhibitory CA1-CA3-hilar region feedback in the hippocampus","Science",1994,8085161,0,NULL,NULL,NULL,NULL
2000063,4000,"CA1 PC",4069,"CA1 O-LM","Two of the most characteristic interneuron types, the O-LM and HIPP cells are wired with a unique specificity to participate in feedback inhibition of principal cells. The special features indicating this role are the localization of dendritic tree in the same layer where recurrent axon collaterals of local principal cells arborize, and the overlap of their axonal arbor with the distal dendritic tree of local principal cells. Direct anatomical evidence for the recurrent activation of O-LM and HIPP cells has been provided by Blasco-Ibanez and Freund[14]and AcsÂdy et al., [3]respectively, whereas local principal cells as their major targets were identified in the present study.","p45-6","Katona I, AcsÂdy L, Freund TF","Postsynaptic targets of somatostatin-immunoreactive interneurons in the rat hippocampus.","Neuroscience",1999,10051188,0,NULL,NULL,NULL,NULL
2000063,1000,"DG GC",1013,"DG HIPP","Two of the most characteristic interneuron types, the O-LM and HIPP cells are wired with a unique specificity to participate in feedback inhibition of principal cells. The special features indicating this role are the localization of dendritic tree in the same layer where recurrent axon collaterals of local principal cells arborize, and the overlap of their axonal arbor with the distal dendritic tree of local principal cells. Direct anatomical evidence for the recurrent activation of O-LM and HIPP cells has been provided by Blasco-Ibanez and Freund[14]and AcsÂdy et al., [3]respectively, whereas local principal cells as their major targets were identified in the present study.","p45-6","Katona I, AcsÂdy L, Freund TF","Postsynaptic targets of somatostatin-immunoreactive interneurons in the rat hippocampus.","Neuroscience",1999,10051188,0,NULL,NULL,NULL,NULL
2000063,4069,"CA1 O-LM",4000,"CA1 PC","Two of the most characteristic interneuron types, the O-LM and HIPP cells are wired with a unique specificity to participate in feedback inhibition of principal cells. The special features indicating this role are the localization of dendritic tree in the same layer where recurrent axon collaterals of local principal cells arborize, and the overlap of their axonal arbor with the distal dendritic tree of local principal cells. Direct anatomical evidence for the recurrent activation of O-LM and HIPP cells has been provided by Blasco-Ibanez and Freund[14]and AcsÂdy et al., [3]respectively, whereas local principal cells as their major targets were identified in the present study.","p45-6","Katona I, AcsÂdy L, Freund TF","Postsynaptic targets of somatostatin-immunoreactive interneurons in the rat hippocampus.","Neuroscience",1999,10051188,0,NULL,NULL,NULL,NULL
2000063,1013,"DG HIPP",1000,"DG GC","Two of the most characteristic interneuron types, the O-LM and HIPP cells are wired with a unique specificity to participate in feedback inhibition of principal cells. The special features indicating this role are the localization of dendritic tree in the same layer where recurrent axon collaterals of local principal cells arborize, and the overlap of their axonal arbor with the distal dendritic tree of local principal cells. Direct anatomical evidence for the recurrent activation of O-LM and HIPP cells has been provided by Blasco-Ibanez and Freund[14]and AcsÂdy et al., [3]respectively, whereas local principal cells as their major targets were identified in the present study.","p45-6","Katona I, AcsÂdy L, Freund TF","Postsynaptic targets of somatostatin-immunoreactive interneurons in the rat hippocampus.","Neuroscience",1999,10051188,0,NULL,NULL,NULL,NULL
2000064,1013,"DG HIPP",1000,"DG GC","Interneurons in the dentate area were characterized physiologically and filled with biocytin in urethane-anaesthetized rats. On the basis of axonal targets the following groups could be distinguished. (i) Large multipolar interneurons with spiny dendrites in the deep hilar region densely innervated the outer molecular layer and contacted both granule cells and parvalbumin-positive neurons (hilar interneuron with perforant pathway-associated axon terminals; HIPP cells). (ii) A pyramidal-shaped neuron with a cell body located in the subgranular layer innervated mostly the inner molecular layer and the granule cell layer (hilar interneuron with commissural-associational pathway-associated axon terminals; HICAP cell). It contacted both granule cells and interneurons. Axon collaterals of HIPP and HICAP neurons covered virtually the entire septo-temporal extent of the dorsal dentate gyrus. (iii) Calbindin-immunoreactive neurons with horizontal dendrites in stratum oriens of the CA3c region gave rise to a rich axon arbor in strata oriens, pyramidale and radiatum and innervated almost the entire extent of the dorsal hippocampus, with some collaterals entering the subicular area (putative trilaminar cell). (iv) Hilar basket cells innervated mostly the granule cell layer and to some extent the inner molecular layer and the CA3c pyramidal layer. HIPP and trilaminar interneurons could be antidromically activated by stimulation of the fimbria. Only the HICAP cells could be monosynaptically discharged by the perforant path input. All interneurons examined showed phase-locked activity to the extracellularly recorded theta/gamma oscillations or to irregular dentate electroencephalogram spikes. These observations indicate that the interconnected interneuronal system plays a critical role in coordinating population of the dentate gyrus and Ammon's hom.","Abstract","Sik A, Penttonen M, Buzsaki G","Interneurons in the hippocampal dentate gyrus: an in vivo intracellular study.","Eur J Neurosci",1997,9104599,0,NULL,NULL,NULL,NULL
2000066,2000,"CA3 pc",2028,"CA3 Axo-axo","The complete axon arborization of a single CA3 pyramidal cell has been reconstructed from 32 (60 /_m thick) sections from the rat hippocampus following in vivo intracellular injection of neurobiotin. The same sections were double-immunostained for parvalbumin-a calcium-binding protein selectively present in two types of GABAergic interneurons, the basket and chandelier cells-in order to map boutons of the pyramidal cell in contact with dendrites and somata of these specific subsets of interneurons visualized in a Golgi-like manner. The axon of the pyramidal cell formed 15 295 boutons, 63.8% of which were in stratum oriens, 15.4% in stratum pyramidale and 20.8% in stratum radiatum. Only 2.1% of the axon terminals contacted parvalbumin-positive neurons. Most of these were single contacts (84.7%), but double or triple contacts (15.3%) were also found. The majority of the boutons terminated on dendrites (84.1%) of parvalbumin-positive cells, less frequently on cell bodies (15.9%). In order to estimate the proportion of contacts representing synapses, 16 light microscopically identified contacts between boutons of the filled pyramidal cell axon and the parvalbumin-positive targets were examined by correlated electron microscopy. Thirteen of them were found to be asymmetrical synapses, and in the remaining three cases synapses between the labelled profiles could not be confirmed. We conclude that the physiologically effective excitatory connections between single pyramidal cells and postsynaptic inhibitory neurons are mediated by a small number of contacts, mostly by a single synapse. This results in a high degree of convergence and divergence in hippocampal networks.","Abstract","Sik A, Tamamaki N, Freund TF","Complete axon arborization of a single CA3 pyramidal cell in the rat hippocampus, and its relationship with postsynaptic parvalbumin-containing interneurons","Eur J Neurosci",1993,8124522,0,NULL,NULL,NULL,NULL
2000067,2000,"CA3 pc",2028,"CA3 Axo-axo","Distribution of parvalbumin-positive target elements of a single CA3 pyramidal cell The types and distribution of pardbumin-positive elements in the double-stained sections corresponded to those described earlier (Kosaka et al., 1987; Katsumaru et al., 1988; Sloviter, 1989; Celio, 1990; Gulyhs er al., 1991), therefore only a brief account is given here. Cell bodies immunoreactive for parvalbumin were found in stratum pyramidale and oriens, with radially running dendrites that span all layers. The staining of even the most distal parts of the dendrites was clearly detectable. Strata radiatum and lacunosum moleculare contained practically no parvalbumin-positive cell bodies. Axon terminals of parvalbumin-positive cells were largely restricted to stratum pyramidale and the proximal part of stratum oriens, forming multiple contacts around somata and axon initial segments of pyramidal cells)","p1723","Sik A, Tamamaki N, Freund TF","Complete axon arborization of a single CA3 pyramidal cell in the rat hippocampus, and its relationship with postsynaptic parvalbumin-containing interneurons","Eur J Neurosci",1993,8124522,0,NULL,NULL,NULL,NULL
2000068,2000,"CA3 Excitatory Cell",2009,"CA3 OLM, Trilaminar, Basket, Bistratified, Pyramidal","Properties of O-LM and trilaminar cells during kainate induced network oscillations: A and B, typical example of extracellular field (i) and concomitant voltage clamp recordings (ii) in an O-LM (A) and trilaminar (B) cells following induction of oscillatory activity. At a holding potential of Ã70 mV, rhythmic excitatory postsynaptic currents (EPSCs) are apparent in both cell types, but were markedly larger in trilaminar than in O-LM cells. Note inflections in the rising phase of excitatory events indicating their compound nature. Cross-correlations of the extracellular and voltage clamp traces (iii) show that interneurone postsynaptic currents in both cell types are phase related to the extracellular field.","Fig 4","Gloveli T, Dugladze T, Saha S, Monyer H, Heinemann U, Traub RD, Whittington MA, Buhl EH.","Differential involvement of oriens/pyramidale interneurones in hippocampal network oscillations in vitro","J Physiol",2005,15486016,0,NULL,NULL,NULL,NULL
2000068,2000,"CA3 Excitatory Cell",2020,"CA3 OLM, Trilaminar, Basket, Bistratified, Pyramidal","Properties of O-LM and trilaminar cells during kainate induced network oscillations: A and B, typical example of extracellular field (i) and concomitant voltage clamp recordings (ii) in an O-LM (A) and trilaminar (B) cells following induction of oscillatory activity. At a holding potential of Ã70 mV, rhythmic excitatory postsynaptic currents (EPSCs) are apparent in both cell types, but were markedly larger in trilaminar than in O-LM cells. Note inflections in the rising phase of excitatory events indicating their compound nature. Cross-correlations of the extracellular and voltage clamp traces (iii) show that interneurone postsynaptic currents in both cell types are phase related to the extracellular field.","Fig 4","Gloveli T, Dugladze T, Saha S, Monyer H, Heinemann U, Traub RD, Whittington MA, Buhl EH.","Differential involvement of oriens/pyramidale interneurones in hippocampal network oscillations in vitro","J Physiol",2005,15486016,0,NULL,NULL,NULL,NULL
2000068,2000,"CA3 Excitatory Cell",2043,"CA3 OLM, Trilaminar, Basket, Bistratified, Pyramidal","Properties of O-LM and trilaminar cells during kainate induced network oscillations: A and B, typical example of extracellular field (i) and concomitant voltage clamp recordings (ii) in an O-LM (A) and trilaminar (B) cells following induction of oscillatory activity. At a holding potential of Ã70 mV, rhythmic excitatory postsynaptic currents (EPSCs) are apparent in both cell types, but were markedly larger in trilaminar than in O-LM cells. Note inflections in the rising phase of excitatory events indicating their compound nature. Cross-correlations of the extracellular and voltage clamp traces (iii) show that interneurone postsynaptic currents in both cell types are phase related to the extracellular field.","Fig 4","Gloveli T, Dugladze T, Saha S, Monyer H, Heinemann U, Traub RD, Whittington MA, Buhl EH.","Differential involvement of oriens/pyramidale interneurones in hippocampal network oscillations in vitro","J Physiol",2005,15486016,0,NULL,NULL,NULL,NULL
2000068,2000,"CA3 Excitatory Cell",2045,"CA3 OLM, Trilaminar, Basket, Bistratified, Pyramidal","Properties of O-LM and trilaminar cells during kainate induced network oscillations: A and B, typical example of extracellular field (i) and concomitant voltage clamp recordings (ii) in an O-LM (A) and trilaminar (B) cells following induction of oscillatory activity. At a holding potential of Ã70 mV, rhythmic excitatory postsynaptic currents (EPSCs) are apparent in both cell types, but were markedly larger in trilaminar than in O-LM cells. Note inflections in the rising phase of excitatory events indicating their compound nature. Cross-correlations of the extracellular and voltage clamp traces (iii) show that interneurone postsynaptic currents in both cell types are phase related to the extracellular field.","Fig 4","Gloveli T, Dugladze T, Saha S, Monyer H, Heinemann U, Traub RD, Whittington MA, Buhl EH.","Differential involvement of oriens/pyramidale interneurones in hippocampal network oscillations in vitro","J Physiol",2005,15486016,0,NULL,NULL,NULL,NULL
2000068,2000,"CA3 Excitatory Cell",2000,"CA3 OLM, Trilaminar, Basket, Bistratified, Pyramidal","Properties of O-LM and trilaminar cells during kainate induced network oscillations: A and B, typical example of extracellular field (i) and concomitant voltage clamp recordings (ii) in an O-LM (A) and trilaminar (B) cells following induction of oscillatory activity. At a holding potential of Ã70 mV, rhythmic excitatory postsynaptic currents (EPSCs) are apparent in both cell types, but were markedly larger in trilaminar than in O-LM cells. Note inflections in the rising phase of excitatory events indicating their compound nature. Cross-correlations of the extracellular and voltage clamp traces (iii) show that interneurone postsynaptic currents in both cell types are phase related to the extracellular field.","Fig 4","Gloveli T, Dugladze T, Saha S, Monyer H, Heinemann U, Traub RD, Whittington MA, Buhl EH.","Differential involvement of oriens/pyramidale interneurones in hippocampal network oscillations in vitro","J Physiol",2005,15486016,0,NULL,NULL,NULL,NULL
2000069,2000,"CA3 Excitatory Cell",2009,"CA3 OLM, Trilaminar, Basket, Bistratified, Pyramidal","Table 2. Properties of EPSC/P in hippocampal oriens/pyramidale interneurones and pyramidal cells","p138","Gloveli T, Dugladze T, Saha S, Monyer H, Heinemann U, Traub RD, Whittington MA, Buhl EH.","Differential involvement of oriens/pyramidale interneurones in hippocampal network oscillations in vitro","J Physiol",2005,15486016,0,NULL,NULL,NULL,NULL
2000069,2000,"CA3 Excitatory Cell",2020,"CA3 OLM, Trilaminar, Basket, Bistratified, Pyramidal","Table 2. Properties of EPSC/P in hippocampal oriens/pyramidale interneurones and pyramidal cells","p138","Gloveli T, Dugladze T, Saha S, Monyer H, Heinemann U, Traub RD, Whittington MA, Buhl EH.","Differential involvement of oriens/pyramidale interneurones in hippocampal network oscillations in vitro","J Physiol",2005,15486016,0,NULL,NULL,NULL,NULL
2000069,2000,"CA3 Excitatory Cell",2043,"CA3 OLM, Trilaminar, Basket, Bistratified, Pyramidal","Table 2. Properties of EPSC/P in hippocampal oriens/pyramidale interneurones and pyramidal cells","p138","Gloveli T, Dugladze T, Saha S, Monyer H, Heinemann U, Traub RD, Whittington MA, Buhl EH.","Differential involvement of oriens/pyramidale interneurones in hippocampal network oscillations in vitro","J Physiol",2005,15486016,0,NULL,NULL,NULL,NULL
2000069,2000,"CA3 Excitatory Cell",2045,"CA3 OLM, Trilaminar, Basket, Bistratified, Pyramidal","Table 2. Properties of EPSC/P in hippocampal oriens/pyramidale interneurones and pyramidal cells","p138","Gloveli T, Dugladze T, Saha S, Monyer H, Heinemann U, Traub RD, Whittington MA, Buhl EH.","Differential involvement of oriens/pyramidale interneurones in hippocampal network oscillations in vitro","J Physiol",2005,15486016,0,NULL,NULL,NULL,NULL
2000069,2000,"CA3 Excitatory Cell",2000,"CA3 OLM, Trilaminar, Basket, Bistratified, Pyramidal","Table 2. Properties of EPSC/P in hippocampal oriens/pyramidale interneurones and pyramidal cells","p138","Gloveli T, Dugladze T, Saha S, Monyer H, Heinemann U, Traub RD, Whittington MA, Buhl EH.","Differential involvement of oriens/pyramidale interneurones in hippocampal network oscillations in vitro","J Physiol",2005,15486016,0,NULL,NULL,NULL,NULL
2000070,4078,"CA1 Basket",4000,"CA1 PC","Fig 2","p809","Glickfeld LL, Scanziani M.","Distinct timing in the activity of cannabinoid-sensitive and cannabinoid-insensitive basket cells","Nat Neurosci.",2006,16648849,0,NULL,NULL,NULL,NULL
2000070,4079,"CA1 Basket CCK+",4000,"CA1 PC","Fig 2","p809","Glickfeld LL, Scanziani M.","Distinct timing in the activity of cannabinoid-sensitive and cannabinoid-insensitive basket cells","Nat Neurosci.",2006,16648849,0,NULL,NULL,NULL,NULL
2000070,4013,"CA1 Radial Trilaminar",4000,"CA1 PC","Fig 2","p809","Glickfeld LL, Scanziani M.","Distinct timing in the activity of cannabinoid-sensitive and cannabinoid-insensitive basket cells","Nat Neurosci.",2006,16648849,0,NULL,NULL,NULL,NULL
2000074,1002,"DG Mossy",1000,"DG GC","Quantitative measurements indicated that more than 90% of mossy cell synaptic contacts in the ipsilateral hippocampus are onto spines of proximal dendrites of presumed granule cells.","Abstract","Buckmaster PS, Wenzel HJ, Kunkel DD, Schwartzkroin PA","Axon arbors and synaptic connections of hippocampal mossy cells in the rat in vivo","J Comp Neurol",1996,8698887,0,NULL,NULL,NULL,NULL
2000075,1002,"DG Mossy",1000,"DG GC","The occurrence of excrescences on proximal dendrites was a characteristic feature of all mossy cells. These large spines were more complex in the primate than in the rat. In both rats and primates they formed numerous asymmetric synapses with large boutons of mossy fibers. Peripheral dendrites were covered with small, simple spines. Interestingly, these peripheral dendrites lacking excrescences also established asymmetric synapses with mossy fiber boutons as well as asymmetric and symmetric contacts with smaller terminals of unknown origin. These findings indicate that in both rats and primates the thorny excrescences are not the only target of the mossy terminals. While the proximal portions of the mossy cell dendrites appear to be exclusively contacted by the granule cells, a larger number of neuron types may converge on the distal dendrites.","Abstract","Frotscher M, Seress L, Schwerdtfeger WK, Buhl E.","The mossy cells of the fascia dentata: a comparative study of their fine structure and synaptic connections in rodents and primates","J Comp Neurol",1991,1744242,0,NULL,NULL,NULL,NULL
2000076,4036,"CA1 Axo-axo",4000,"CA1 PC","FIG. 1 Phase-locking of pyramidal cell discharge by a single presynaptic basket cell. A, Light-microscopebased reconstruction of a hippocampal basket cell (BC) with extensive axon mainly restricted to the cell body layer of area CAl where it forms type II (symmetrical) synaptic contacts with somata (64%) and proximal dendrites (36%) of pyramidal cells. SP, stratum pyramidale; SR, stratum radiatum; SLM, stratum lacunosum-moleculare. Scale bar, 100 ).lm. Bottom: electron micrograph of a symmetrical synapse (arrow) between a terminal (b) of the labelled basket cell and an unlabelled pyramidal cell (PC) soma. Scale bar, 0.2 ).lm. Action potentials evoked by brief depolarizing current pulses to this basket cell produced fast i.p.s.ps in a simultaneously recorded pyramidal cell (not shown). The reversal potential was -69 mV and the average i.p.s.p. conductance was calculated to be 1.6 nS. The mean estimated reversal potential for all basket-cell-mediated i.p.s.ps A SLM SR was - 75.5 Â± 7.6 mV (n = 7 cell pairs), and the mean conductance was estimated to be 1.5 Â± 0.7 nS (n=6), as described 2 s. The i.p.s.p. was blocked by bath application of 2-10 ).lM bicuculline (n = 2). B, a, Firing of a pyramidal cell (lower trace), depolarized by constant current injection, becomes instantly entrained by periodic activation (4. 7 Hz) of short trains of 3- 4 action potentials in the presynaptic basket cell (upper trace, action potentials truncated). Dotted lines indicate intervals of 0.21 s. In all 5 basket and 2 axo-axonic cell to pyramidal cell connections tested for entrainment, the postsynaptic pyramidal cell became instantly phase-locked to the interneuron activity, firing at opposite phase to the interneuron. By entraining the postsynaptic pyramidal cell, the interneurons could decrease or increase the mean discharge rate of the pyramidal cell. Autocorrelation of the trace before (b) and during (c) regular basket cell activity shows an increased rhythmicity of pyramidal cell firing during periodic activation of the interneuron. C, a, Effect of periodic rhythmic discharge of a single basket cell on sub-threshold membrane potential oscillations in a pyramidal cell. Dotted lines indicate intervals of 0.26 s. Autocorrelograms of the trace before (b) and following (c) entrainment show an increased rhythmicity during periodic activation of the interneuron. METHODS. Dual intracellular recordings were made from synaptically coupled CA1 interneuron to pyramidal cell pairs from 400-).lm-thick transverse adult rat hippocampal slices as described 8. Slices were maintained at the interface between artificial cerebrospinal fluid containing (in mM): 126 NaCI, 3 KCI, 1.25 NaH 2 P0 4 , 24 NaHC0 3 , 2 MgS0 4, 2 CaCI 2 , 10 glucose, pH 7.2, and a humidified atmosphere of 95% 0 2 and 5% C0 2 , at 34-35 Â¡C. Sharp glass microelectrodes contained 2% biocytin in 1.5 M potassium methylsulphate and were bevelled to a d.c. resistance of 60-150 MQ. Recovered biocytin-labelled cells were analysed in the light microscope and target selectivity was determined by electron microscopy for a total of 94 basket cell and 22 axo-axonic cell synaptic contacts, ranging from 6 to 24 contacts per cell. All values are expressed as means Â± s.d. The number of synaptically coupled pairs exceeds the number of interneurons because the latter could serve as the presynaptic partner for more than one recorded pyramidal cell.","p76","Cobb SR, Buhl EH, Halasy K, Paulsen O, Somogyi P.","Synchronization of neuronal activity in hippocampus by individual GABAergic interneurons","Nature",1995,7477292,0,NULL,NULL,NULL,NULL
2000076,4078,"CA1 Basket",4000,"CA1 PC","FIG. 1 Phase-locking of pyramidal cell discharge by a single presynaptic basket cell. A, Light-microscopebased reconstruction of a hippocampal basket cell (BC) with extensive axon mainly restricted to the cell body layer of area CAl where it forms type II (symmetrical) synaptic contacts with somata (64%) and proximal dendrites (36%) of pyramidal cells. SP, stratum pyramidale; SR, stratum radiatum; SLM, stratum lacunosum-moleculare. Scale bar, 100 ).lm. Bottom: electron micrograph of a symmetrical synapse (arrow) between a terminal (b) of the labelled basket cell and an unlabelled pyramidal cell (PC) soma. Scale bar, 0.2 ).lm. Action potentials evoked by brief depolarizing current pulses to this basket cell produced fast i.p.s.ps in a simultaneously recorded pyramidal cell (not shown). The reversal potential was -69 mV and the average i.p.s.p. conductance was calculated to be 1.6 nS. The mean estimated reversal potential for all basket-cell-mediated i.p.s.ps A SLM SR was - 75.5 Â± 7.6 mV (n = 7 cell pairs), and the mean conductance was estimated to be 1.5 Â± 0.7 nS (n=6), as described 2 s. The i.p.s.p. was blocked by bath application of 2-10 ).lM bicuculline (n = 2). B, a, Firing of a pyramidal cell (lower trace), depolarized by constant current injection, becomes instantly entrained by periodic activation (4. 7 Hz) of short trains of 3- 4 action potentials in the presynaptic basket cell (upper trace, action potentials truncated). Dotted lines indicate intervals of 0.21 s. In all 5 basket and 2 axo-axonic cell to pyramidal cell connections tested for entrainment, the postsynaptic pyramidal cell became instantly phase-locked to the interneuron activity, firing at opposite phase to the interneuron. By entraining the postsynaptic pyramidal cell, the interneurons could decrease or increase the mean discharge rate of the pyramidal cell. Autocorrelation of the trace before (b) and during (c) regular basket cell activity shows an increased rhythmicity of pyramidal cell firing during periodic activation of the interneuron. C, a, Effect of periodic rhythmic discharge of a single basket cell on sub-threshold membrane potential oscillations in a pyramidal cell. Dotted lines indicate intervals of 0.26 s. Autocorrelograms of the trace before (b) and following (c) entrainment show an increased rhythmicity during periodic activation of the interneuron. METHODS. Dual intracellular recordings were made from synaptically coupled CA1 interneuron to pyramidal cell pairs from 400-).lm-thick transverse adult rat hippocampal slices as described 8. Slices were maintained at the interface between artificial cerebrospinal fluid containing (in mM): 126 NaCI, 3 KCI, 1.25 NaH 2 P0 4 , 24 NaHC0 3 , 2 MgS0 4, 2 CaCI 2 , 10 glucose, pH 7.2, and a humidified atmosphere of 95% 0 2 and 5% C0 2 , at 34-35 Â¡C. Sharp glass microelectrodes contained 2% biocytin in 1.5 M potassium methylsulphate and were bevelled to a d.c. resistance of 60-150 MQ. Recovered biocytin-labelled cells were analysed in the light microscope and target selectivity was determined by electron microscopy for a total of 94 basket cell and 22 axo-axonic cell synaptic contacts, ranging from 6 to 24 contacts per cell. All values are expressed as means Â± s.d. The number of synaptically coupled pairs exceeds the number of interneurons because the latter could serve as the presynaptic partner for more than one recorded pyramidal cell.","p76","Cobb SR, Buhl EH, Halasy K, Paulsen O, Somogyi P.","Synchronization of neuronal activity in hippocampus by individual GABAergic interneurons","Nature",1995,7477292,0,NULL,NULL,NULL,NULL
2000077,1000,"DG GC",1002,"DG Mossy","Dentate granule cells communicate with their postsynaptic targets by three distinct terminal types. These include the large mossy terminals, filopodial extensions of the mossy terminals, and smalleren passant synaptic varicosities. We examined the postsynaptic targets of mossy fibers by combining in vivo intracellular labeling of granule cells, immunocytochemistry, and electron microscopy. Single granule cells formed large, complex ÃmossyÃ synapses on 11Ã15 CA3 pyramidal cells and 7Ã12 hilar mossy cells. In contrast, GABAergic interneurons, identified with immunostaining for substance P-receptor, parvalbumin, and mGluR1a-receptor, were selectively innervated by very thin (filopodial) extensions of the mossy terminals and by small en passant boutons in both the hilar and CA3 regions. These terminals formed single, often perforated, asymmetric synapses on the cell bodies, dendrites, and spines of GABAergic interneurons. The number of filopodial extensions and small terminals was 10 times larger than the number of mossy terminals. These findings show that in contrast to cortical pyramidal neurons, (1) granule cells developed distinct types of terminals to affect interneurons and pyramidal cells and (2) they innervated more inhibitory than excitatory cells. These findings may explain the physiological observations that increased activity of granule cells suppresses the overall excitability of the CA3 recurrent system and may form the structural basis of the target-dependent regulation of glutamate release in the mossy fiber system.","Abstract","Acsady L, Kamondi A, SÂk A, Freund T, Buzsaki G","GABAergic cells are the major postsynaptic targets of mossy fibers in the rat hippocampus","J Neurosci",1998,9547246,0,NULL,NULL,NULL,NULL
2000077,1000,"DG GC",2000,"CA3 Pyr","Dentate granule cells communicate with their postsynaptic targets by three distinct terminal types. These include the large mossy terminals, filopodial extensions of the mossy terminals, and smalleren passant synaptic varicosities. We examined the postsynaptic targets of mossy fibers by combining in vivo intracellular labeling of granule cells, immunocytochemistry, and electron microscopy. Single granule cells formed large, complex ÃmossyÃ synapses on 11Ã15 CA3 pyramidal cells and 7Ã12 hilar mossy cells. In contrast, GABAergic interneurons, identified with immunostaining for substance P-receptor, parvalbumin, and mGluR1a-receptor, were selectively innervated by very thin (filopodial) extensions of the mossy terminals and by small en passant boutons in both the hilar and CA3 regions. These terminals formed single, often perforated, asymmetric synapses on the cell bodies, dendrites, and spines of GABAergic interneurons. The number of filopodial extensions and small terminals was 10 times larger than the number of mossy terminals. These findings show that in contrast to cortical pyramidal neurons, (1) granule cells developed distinct types of terminals to affect interneurons and pyramidal cells and (2) they innervated more inhibitory than excitatory cells. These findings may explain the physiological observations that increased activity of granule cells suppresses the overall excitability of the CA3 recurrent system and may form the structural basis of the target-dependent regulation of glutamate release in the mossy fiber system.","Abstract","Acsady L, Kamondi A, SÂk A, Freund T, Buzsaki G","GABAergic cells are the major postsynaptic targets of mossy fibers in the rat hippocampus","J Neurosci",1998,9547246,0,NULL,NULL,NULL,NULL
2000078,1000,"DG GC",2004,"CA3c Pyr","Mossy terminals varied greatly in shape and size. In addition to the frequent, large single-headed terminals, double-headed and elongated mossy terminals consisting of three to five bulbous expansions were also found. Mossy terminals were either in en passantposition or they were connected to the parent axon by a small side branch (1Ã30 _m long) (Fig. 2 A). The total number of mossy terminals along the main axon in the CA3 region varied from 10 to 18 (average, 12.3 Â± 0.9). They were distributed equally in the three subregions (CA3c, 3.3 Â± 0.25; CA3b, 4.1 Â± 0.31; CA3a, 4.1 Â± 0.4). However, the interval between mossy terminals increased significantly in the CA3c to CA3a direction (CA3c, 162 Â± 12.6 _m; CA3b, 223 Â± 19.0 _m; CA3a, 345 Â± 27.5 _m), as indicated by ANOVA (F (2,68) = 18.17;p < 0.001). These findings suggest that the divergence increases in the CA3cÃCA3a axis, provided that the density of pyramidal cells in the different subregions is similar (Fig.2 C).","p3388 LB","Acsady L, Kamondi A, SÂk A, Freund T, Buzsaki G","GABAergic cells are the major postsynaptic targets of mossy fibers in the rat hippocampus","J Neurosci",1998,9547246,0,NULL,NULL,NULL,NULL
2000078,1000,"DG GC",2000,"CA3 Pyr","Mossy terminals varied greatly in shape and size. In addition to the frequent, large single-headed terminals, double-headed and elongated mossy terminals consisting of three to five bulbous expansions were also found. Mossy terminals were either in en passantposition or they were connected to the parent axon by a small side branch (1Ã30 _m long) (Fig. 2 A). The total number of mossy terminals along the main axon in the CA3 region varied from 10 to 18 (average, 12.3 Â± 0.9). They were distributed equally in the three subregions (CA3c, 3.3 Â± 0.25; CA3b, 4.1 Â± 0.31; CA3a, 4.1 Â± 0.4). However, the interval between mossy terminals increased significantly in the CA3c to CA3a direction (CA3c, 162 Â± 12.6 _m; CA3b, 223 Â± 19.0 _m; CA3a, 345 Â± 27.5 _m), as indicated by ANOVA (F (2,68) = 18.17;p < 0.001). These findings suggest that the divergence increases in the CA3cÃCA3a axis, provided that the density of pyramidal cells in the different subregions is similar (Fig.2 C).","p3388 LB","Acsady L, Kamondi A, SÂk A, Freund T, Buzsaki G","GABAergic cells are the major postsynaptic targets of mossy fibers in the rat hippocampus","J Neurosci",1998,9547246,0,NULL,NULL,NULL,NULL
2000080,6002,"MEC LV Pyramidal (+)331131p",6002,"MEC LV Pyramidal (+)331131p","Morphological and physiological properties of deep layer pyramidal neurons without oscillatory properties. (Aa) Low magnification of a pyramidal neuron filled with biocytin. (B) Camera lucida reconstruction of the pyramidal neuron shown in A. For better visualization, the soma and dendrites are drawn in black; the axon is drawn in red. The axon perforates the subiculum, the outer and inner molecular layer and reaches the granule cell layer of the DG. In addition, after leaving the soma, the main axon gives rise to some ascending collaterals to the superficial layers one of which reached its own dendrite arbor in layer IÃII. (C) Voltage responses to hyper and depolarizing current injections of _100 to +20 pA. (D) VÃI relation for the voltage traces shown in C. Membrane potential depolarization from the holding potential of _60 mV (E,*) to _53 mV (E,**) leads to some fluctuations of low frequency (1Ã2.5 Hz) but was not accompanied by the rhythmic oscillation as assessed by the nonrhytmic autocorrelogram (F). Action potentials in E (upper traces) are truncated. All data were obtained from the same neuron. Scale bars, 200 ms, 50 mV (C); and 1 s, 10 mV (E).","Fig. 3","Gloveli T1, Dugladze T, Schmitz D, Heinemann U","Properties of entorhinal cortex deep layer neurons projecting to the rat dentate gyrus","Eur J Neurosci",2001,11168548,0,NULL,NULL,NULL,NULL
2000082,1000,"DG:GC",3000,"CA2:PC","Dentate mossy fibers innervate CA2 pyramidal cells  Using immunohistochemistry and viral tracing, we examined whether the newly defined CA2 pyramidal cells lacked mossy fiber innervation, another classical criterion of CA2 cells8, 9. To our surprise, we found that calbindin-positive mossy fibers24 projected extensively to PCP4-positive CA2 neurons in the stratum lucidum (the percentage of PCP4-positive cells overlapping with mossy fibers was 82.2 Â± 1.1%, that of cells not overlapping with mossy fibers was 17.8 Â± 1.1%, n = 5 mice; Fig. 2a,b and Supplementary Figs. 5 and 6). Next, we examined the distribution of ZnT3 (ref. 25), a presynaptic vesicle marker of mossy fibers, and VGluT1, a glutamatergic presynaptic vesicle marker, in the stratum lucidum of CA2. We found that ZnT3 and VGluT1 double-positive presynaptic clusters were located on RGS14-positive dendrites (Fig. 2c,d). Furthermore, we found that ZnT3 clusters overlapped with a postsynaptic marker, PSD95, on RGS14-positive dendrites (Fig. 2eÃh). These data suggest that, contrary to the classical definition8, 9, mossy fibers form synaptic contacts with CA2 pyramidal neurons. We examined the morphology of mossy fiber terminals by infecting dentate gyrus with HSV mini-Enk promoterÃChETAÃyellow fluorescent protein (YFP) (Fig. 2i) and found that CA2 received small mossy fiber boutons in contrast to the giant mossy fiber boutons received by CA39 (average bouton diameters: CA2, 0.97 Â± 0.05 _m, n = 60 boutons; CA3, 2.11 Â± 0.1 _m, n = 43 boutons; from n = 5 mice, Kolmogorov Smirnov P < 0.001; Fig. 2jÃl).","p270-271","Kohara K, Pignatelli M, Rivest AJ, Jung HY, Kitamura T, Suh J, Frank D, Kajikawa K, Mise N, Obata Y, Wickersham IR, Tonegawa S.","Cell type-specific genetic and optogenetic tools reveal hippocampal CA2 circuits","Nat Neurosci",2014,24336151,0,NULL,NULL,NULL,NULL
2000083,4000,"CA1 PC",4078,"CA1:Basket","Fig 1E, Enlargement of the area labelled by small arrow in C, showing a recurrent collateral of the pyramidal cell axon (ax) which is in contact with a basket cell dendrite. Subsequent electron microscopy revealed that a single synaptic release site (arrow; also shown in Fig. 4c) mediated the recurrent e.p.s.p. shown in Ae","p825, Fig. 1","Buhl EH, Halasy K, Somogyi P","Diverse sources of hippocampal unitary inhibitory postsynaptic potentials and the number of synaptic release sites","Nature",1994,8159242,0,NULL,NULL,NULL,NULL
2000084,1002,"DG Mossy",1010,"DG Axo-axonic","During the postfilling incubation period [in the dentate gyrus] almost all of the biocytin had been lost from the soma and dendrites. However, several labelled {DG Axo-axonic} dendrites were recovered in the molecular layer of the dentate gyrus (Fig. 10C), which could be followed through the granule cell layer, pointing towards the recording site in the hilus (Fig. 10B; asterisk). The axon was extensively filled, covering in the horizontal plane a distance of 1.1 mm, which is approximately half of the longitudinal extent of the entire granule cell layer (Fig. 10C). The axon projected to granule cells at the same septo-temporal level where the cell body was located. In addition, all of the subjacent superficial and deeper parts of the hilar region were filled with a dense meshwork of fibres (Fig. 10B). One end of the rows of varicosities forming terminal segments could be traced to large hilar cells thought to be mossy cells. Surprisingly, even the cell body layer of area CA3c was invaded by a few scattered collaterals. All the axon could be reconstructed and traced back to the main axon originating from the recording site in the hilus.","p399, left bot","Han ZS, Buhl EH, Lorinczi Z, Somogyi P","A high degree of spatial selectivity in the axonal and dendritic domains of physiologically identified local-circuit neurons in the dentate gyrus of the rat hippocampus.","Eur J Neurosci",1993,8261117,0,NULL,NULL,NULL,NULL
2000085,1010,"DG Axo-axonic",1000,"DG Granule","In addition to contacting granule cell axon initial segments, the [dentate gyrus] chandelier [axo-axonic] cell {DG Axo-axonic} labeled by Han et al. (1993) also sent a dense meshwork of axonal fibers into the superficial and deep hilus.","p266, right mid","Patton PE,ÃMcNaughton BÃ","Connection matrix of the hippocampal formation: I. The dentate gyrus.Ã",NULL,1995,8589792,0,NULL,NULL,NULL,NULL
2000086,1035,"DG Basket (-)2232",1000,"DG Granule","Fast-spiking PV-BCs [parvalbumin-positive basket cells] {DG Basket} are the best investigated interneuron type of the DG [dentate gyrus] (Han et al., 1993; Halasy and Somogyi, 1993b; Scharfman, 1995; Sik et al., 1997; Mott et al., 1997; Bartos et al., 2001,2002; Doischer et al., 2008; Norenberg et al., 2008). The somatodendritic morphology is reminiscent of pyramidal cells. The large triangular or ovoid soma is located in the granule cell layer, often at the border to the hilus. Apical dendrites extend into the molecular layer and can receive input from all major afferent pathways. Basal dendrites are found in the hilus and receive recurrent excitatory input from mossy fibers mediated by multiple, 2-4 distributed contacts (Geiger et al., 1997).","p511, bottom","Morgan RJ, Soltesz I","Microcircuit Model of the Dentate Gyrus in Epilepsy","Hippocampal Microcircuits: A Computational Modeler's Resource Book, 2010, pages: 495 - 526",2010,"978-1-4419-0995-4",495,NULL,NULL,NULL,NULL
2000087,1035,"DG Basket (-)2232",1000,"DG Granule","Within the same subgranular region [of the dentate gyrus] occupied by the cell bodies and dendrites of the pyramidal basket cells {DG Basket} are several other cell types with distinctly different somal shapes, as well as different dendritic and axonal configurations. Some of these cells are multipolar with several aspiny dendrites entering the molecular and polymorphic layers, while others tend to be more fusiform-shaped with a similar dendritic distribution. As Ribak and colleagues have pointed out, many of these cells share fine structural characteristics such as infolded nuclei, extensive perikaryal cytoplasm with large Nissl bodies and intranuclear rods. Moreover, it appears that all of these cells give rise to axons that contribute to the basket plexus in the granule cell layer. Most of these neurons are immunoreactive for GABA [gamma amino butyric acid], form symmetrical synaptic contacts with the cell bodies, proximal dendrites and occasionally with axon initial segments of granule cells, and therefore function as inhibitory interneurons.","p15, left top","Amaral DG, Scharfman HE, Lavenex P","The dentate gyrus: fundamental neuroanatomical organization (dentate gyrus for dummies).","Prog Brain Res",2007,17765709,0,NULL,NULL,NULL,NULL
2000088,1035,"DG Basket (-)2232",1000,"DG Granule","[Dentate gyrus] Granule cells also receive inputs from a variety of interneurons, mostly lying in the hilus. Basket cells {DG Basket} and chandelier [axo-axonic] cells {DG Axo-axonic} target primarily somata, whereas various interneurons target the dendrites.","p155, right bot","Amaral D, Lavenex P","Hippocampal Neuroanatomy","The Hippocampus Book",2007,"978-0-19-510027-3",37,NULL,NULL,NULL,NULL
2000088,1010,"DG Axo-axonic",1000,"DG Granule","[Dentate gyrus] Granule cells also receive inputs from a variety of interneurons, mostly lying in the hilus. Basket cells {DG Basket} and chandelier [axo-axonic] cells {DG Axo-axonic} target primarily somata, whereas various interneurons target the dendrites.","p155, right bot","Amaral D, Lavenex P","Hippocampal Neuroanatomy","The Hippocampus Book",2007,"978-0-19-510027-3",37,NULL,NULL,NULL,NULL
2000089,NULL,"DG:2332",1000,"DG Granule","FIG. 5. Targets of the HICAP-like interneurons (UR.58). (A) Photomicrograph of the apical and basal dendrites (arrows) and axon collaterals in the inner molecular layer (arrowheads). (B) Spiny basal dendritic branch. Arrows indicate spines on the dendrite. The apical dendrites were spine-free. (C) A labelled bouton forms a putative contact on the soma of an interneuron (mow). (D) Correlated electron microscopy verified a symmetrical contact on the cell body (boxed area). In the inset, the bouton shown in C is synapsing on the soma (arrow). Other collaterals terminate on a dendritic of an unidentified neuron in the inner molecular layer (E), granule cell soma (F) and on a dendrite of an unidentified neuron in the hilus (G). b, bouton; d, dendrite; g, granule cell layer; gs, granule cell soma; h, hilus; is, interneuron soma; m, molecular layer; s, soma of interneuron.Ã","p578, Fig. 5","Sik A, Penttonen M, Buzsaki G.","Interneurons in the hippocampal dentate gyrus: an in vivo intracellular study.","Eur J Neurosci.",1997,9104599,0,NULL,NULL,NULL,NULL
2000090,1035,"DG Basket (-)2232",1009,"DG HICAP","Hilar interneuron {DG Basket} innervating the inner-molecular layer (HICAP [hilar commissural-associational pathway-associated] cell) The pyramidal-shaped cell body was located in the subgranular zone of the hilus (Fig. 4; cell UR58). The smooth apical dendrite crossed the granule cell layer and bifurcated in the inner molecular layer. Most of the dendritic branches were in the outer third of the molecular layer. The basal dendritic branches remained in the hilus and were covered sparsely with spines (Fig. 5). The principal axon originated from the soma, which gave off several main collaterals that penetrated the granule cell layer. Most axon collaterals coursed in the inner third of the molecular layer (75.5%). However, a significant portion of the axon collaterals (22.6%) remained in the granule cell layer (Fig. 4). Finally, a very small proportion of the collaterals contacted neurons in the hilus proper (Figs 4 and 5C, D). The axon arbor covered the whole extent of the dorsal blade of the fascia dentata in the mediolateral (subiculo-fimbrial) direction (> 1.5 mm). In the septo-temporal axis, the axon collaterals spanned most of the dorsal dentate gyms (2.58 mm), although the density of collaterals decreased both septally and temporally from the cell body (Fig. 4). The total two-dimensional axon length was 90 850 [micro]m. On the basis of bouton density, measured in random samples at different distances from the soma (29 +/- 4/100 [micro]m, n = 50), the estimated number of boutons was 26 300.","p579, right bot","Sik A, Penttonen M, Buzsaki G","Interneurons in the hippocampal dentate gyrus: an in vivo intracellular study.","Eur J Neurosci",1997,9104599,0,NULL,NULL,NULL,NULL
2000091,1000,"DG Granule",1035,"DG Basket (-)2232","Basket cell {DG DG (i)2232 (00S0) Basket} dendrites located in the hilus [of the dentate gyrus] were contacted by numerous terminals with characteristics of mossy fibres derived from granule cells. Some of these terminals were identified positively in preparations that also contained impregnated granule cells. The axons of basket cells formed exclusively symmetric synapses. The most common postsynaptic structures to these terminals were the somata and dendrites of granule cells. Dendritic spines were rarely contacted by basket cell axons while the axon hillocks and initial segments of granule cells were never contacted.","p577, abstract","Ribak CE, Seress L","Five types of basket cell in the hippocampal dentate gyrus: a combined Golgi and electron microscopic study.","J Neurocytol",1983,6619905,0,NULL,NULL,NULL,NULL
2000092,1026,"DG HIPROM",1000,"DG Granule","Aspiny interneurons with axonal projections to the [dentate gyrus] outer molecular layer {HIPROM}. A representative example of an aspiny hilar interneuron with an axonal projection to the outer molecular layer is given in Fig. 8B. These neurons (n Â=4) usually had somata located within the deep hilus, 20-50 [micro]m beneath the granule cell layer, and were fusiform in shape, with two- to four thick smooth primary dendrites emerging from the two poles of the soma. After a short distance, these primary dendrites give rise to several secondary and tertiary branches, which either remain within the hilus or terminate in the granule cell layer or molecular layer, sometimes ending in a small terminal tuft (Fig. 8B). The characteristic feature of these neurons is their axonal projection terminating in the outer molecular layer in a particular vertically oriented fashion (Fig. 8B). The main axon emerges from either the soma or one of the primary dendrites (Fig. 8B). Shortly after leaving the soma, the axon gives off several very long axonal collaterals ( <% 900 [micro]m) [less than or equal to 900 microm]. One population then takes a more or less vertical course passing through the granule cell layer, the inner molecular layer, and finally terminating within the outer molecular layer. Within the inner molecular layer, some of these collaterals give rise to tangentially oriented side branches of variable length (30-300 [micro]m) that also terminate within the outer molecular layer. On their way through the granule cell layer, these vertically oriented axonal collaterals form basket-like bouton arrays around granule cell somata. A second population of collaterals establishes a sometimes dense axonal plexus within the hilus, with en passant boutons contacting somata of other hilar neurons. Some of these collaterals were seen to project to CA3c (Fig. 8B).","p1526, left bot","Lubke J, Frotscher M, Spruston N","Specialized electrophysiological properties of anatomically identified neurons in the hilar region of the rat fascia dentata","J Neurophysiol",1998,9497429,0,NULL,NULL,NULL,NULL
2000093,1004,"DG Total Molecular Layer",1004,"DG Total Molecular Layer","Fig. 2 Slow inhibition among dendrite-targeting interneurons [in dentate gyrus]. A, Morphological reconstruction of a pair of synaptically connected dendrite inhibiting cells (DIs). Soma and dendrites of the presynaptic cell are depicted in green and the axon in red. Note that the axon distributes in the whole molecular layer, classifying this cell as total molecular layer cell (TML) {Total Molecular Layer}. The soma and dendrite of the postsynaptic interneuron are shown in black. The axon of this cell was not preserved during the recording. Arrowheads point to synaptic contacts which have been identified using electron microscopy (data not shown).","p142, Fig. 2","Bartos M, Sauer JF, Vida I, Kulik A","Fast and Slow GABAergic Transmission in Hippocampal Circuits","Hippocampal Microcircuits: A Computational Modeler's Resource Book",2010,"978-1-4419-0995-4",129,NULL,NULL,NULL,NULL
2000094,4038,"CA1 Horizontal Axo-Axonic (-)0012",4000,"CA1 Pyramidal (+)2223p","In the present report, we characterize a set of hippocampal interneurons, horizontal axo-axonic cells {CA1 Horizontal Axo-axonic}, located in [the CA1] stratum oriens. They displayed the pattern of axonal arborization characteristic of axo-axonic cells with radially aligned rows of boutons making synapses exclusively on axon initial segments of pyramidal cells, as shown by electron microscopy. However, in contrast to previously described axo-axonic cells {CA1 Axo-axonic}, which have radial dendrites spanning all layers, the dendrites of the horizontal axo-axonic cells were restricted to stratum oriens and ran parallel with the layers for several hundred micrometers.","p232, Abstract","Ganter P, Szucs P, Paulsen O, Somogyi P","Properties of horizontal axo-axonic cells in stratum oriens of the hippocampal CA1 area of rats in vitro.","Hippocampus",2004,15098728,0,NULL,NULL,NULL,NULL
2000095,4000,"CA1 Pyramidal (+)2223p",4038,"CA1 Horizontal Axo-Axonic (-)0012","FIGURE 1. Identification of [CA1] horizontal axo-axonic cells {CA1 Horizontal Axo-axonic}. A: Reconstruction of a cell showing dendrites (thick processes) running mainly parallel with the layers in stratum oriens (str. or.) and axonal arbor mostly in the deep pyramidal layer (str. pyr.) and adjacent stratum oriens. Note the characteristic radial axonal terminal segments (arrows) defining it as an axo-axonic cell. Some shrinkage is likely to have occurred during the histological processing, which is apparent from the undulating appearance of the dendrites. B: Reconstruction of the dendritic tree of another cell also shown in C-F. The broken line denotes the compact sublayer of stratum pyramidale, as also seen in the micrograph shown in E. C: Light micrograph of the same cell shown together with a reciprocally connected pyramidal cell (P). The reciprocal connection was evident from the synaptic responses (Figs. 4A and 5).","p237, Fig. 1","Ganter P, Szucs P, Paulsen O, Somogyi P","Properties of horizontal axo-axonic cells in stratum oriens of the hippocampal CA1 area of rats in vitro.","Hippocampus",2004,15098728,0,NULL,NULL,NULL,NULL
2000096,1013,"DG HIPP",4078,"DG Basket (-)2232","The sections were double-stained for parvalbumin, and the chandelier/basket cell innervation pattern of the filled neuron was examined in eight selected sections at various distances from the soma. The contacts formed by the biocytin-filled cell on parvalbumin-positive dendritic targets were investigated using a 100X oil-immersion objective. The number of putative contacts was multiplied by the ratio of the total axon length and the axon length in the selected sections to estimate the total number of synaptic contacts on parvalbumin-immunoreactive dendrites (n = 1355 contacts). Electron microscopy of five putative contacts revealed symmetrical synapses between biocytin-filled presynaptic terminals and parvalbumin-immunoreactive postsynaptic dendrites (Fig. 2E, F). Since the axon collaterals were expected to contact several dendrites of the same cell, the dendritic arbors of several parvalbumin-immunoreactive neurons (n = 10) were reconstructed from neighboring sections. These reconstructions indicated that the biocytin-filled interneuron formed from one to seven putative contacts (median, 3) on the dendrites of a single parvalbumin-immunoreactive neuron (Fig. 2D). Typically, these contacts were on different dendrites, but two neighboring boutons in contact with the same dendrite were also seen occasionally. On the basis of the median number of contacts per neuron and the total number of putative contacts on parvalbumin-immunoreactive dendrites, the filled neuron was estimated to innervate 400-450 parvalbumin cells. Similar estimates were not available for granule cells. However, since there were 6000-10000 boutons in an 80 Âµm section (Fig. 1B), which contains 8000 granule cells (Seress and Pokorny, 1981; Amaral et al., 1990), it is likely that granule cells are innervated by multiple release sites. Assuming five contacts per granule cell, a single HIPP neuron may innervate -20% of the possible targets at the level of the cell body.","p579","Sik A, Penttonen M, Buzsaki G.","Interneurons in the hippocampal dentate gyrus: an in vivo intracellular study.","Eur J Neurosci.",1997,9104599,0,NULL,NULL,NULL,NULL
2000096,1013,"DG HIPP",1010,"DG Axo-Axonic (-)2233","The sections were double-stained for parvalbumin, and the chandelier/basket cell innervation pattern of the filled neuron was examined in eight selected sections at various distances from the soma. The contacts formed by the biocytin-filled cell on parvalbumin-positive dendritic targets were investigated using a 100X oil-immersion objective. The number of putative contacts was multiplied by the ratio of the total axon length and the axon length in the selected sections to estimate the total number of synaptic contacts on parvalbumin-immunoreactive dendrites (n = 1355 contacts). Electron microscopy of five putative contacts revealed symmetrical synapses between biocytin-filled presynaptic terminals and parvalbumin-immunoreactive postsynaptic dendrites (Fig. 2E, F). Since the axon collaterals were expected to contact several dendrites of the same cell, the dendritic arbors of several parvalbumin-immunoreactive neurons (n = 10) were reconstructed from neighboring sections. These reconstructions indicated that the biocytin-filled interneuron formed from one to seven putative contacts (median, 3) on the dendrites of a single parvalbumin-immunoreactive neuron (Fig. 2D). Typically, these contacts were on different dendrites, but two neighboring boutons in contact with the same dendrite were also seen occasionally. On the basis of the median number of contacts per neuron and the total number of putative contacts on parvalbumin-immunoreactive dendrites, the filled neuron was estimated to innervate 400-450 parvalbumin cells. Similar estimates were not available for granule cells. However, since there were 6000-10000 boutons in an 80 Âµm section (Fig. 1B), which contains 8000 granule cells (Seress and Pokorny, 1981; Amaral et al., 1990), it is likely that granule cells are innervated by multiple release sites. Assuming five contacts per granule cell, a single HIPP neuron may innervate -20% of the possible targets at the level of the cell body.","p579","Sik A, Penttonen M, Buzsaki G.","Interneurons in the hippocampal dentate gyrus: an in vivo intracellular study.","Eur J Neurosci.",1997,9104599,0,NULL,NULL,NULL,NULL
2000097,6003,"MEC LII Stellate",1009,"DG:2332:HICAP-Like","The neuron discharged at a short latency (4 ms) in response to perforant path stimulation, followed by a long-lasting hyperpolarization (Fig. 6B).","p580, left bot","Sik A, Penttonen M, Buzsaki G.","Interneurons in the hippocampal dentate gyrus: an in vivo intracellular study.","Eur J Neurosci.",1997,9104599,0,NULL,NULL,NULL,NULL
2000097,6082,"LII-III Pyramidal-Tripolar",1009,"DG:2332:HICAP-Like","The neuron discharged at a short latency (4 ms) in response to perforant path stimulation, followed by a long-lasting hyperpolarization (Fig. 6B).","p580, left bot","Sik A, Penttonen M, Buzsaki G.","Interneurons in the hippocampal dentate gyrus: an in vivo intracellular study.","Eur J Neurosci.",1997,9104599,0,NULL,NULL,NULL,NULL
2000097,6085,"LIV-V Pyramidal-Horizontal",1009,"DG:2332:HICAP-Like","The neuron discharged at a short latency (4 ms) in response to perforant path stimulation, followed by a long-lasting hyperpolarization (Fig. 6B).","p580, left bot","Sik A, Penttonen M, Buzsaki G.","Interneurons in the hippocampal dentate gyrus: an in vivo intracellular study.","Eur J Neurosci.",1997,9104599,0,NULL,NULL,NULL,NULL
2000097,6002,"MEC LV Pyramidal",1009,"DG:2332:HICAP-Like","The neuron discharged at a short latency (4 ms) in response to perforant path stimulation, followed by a long-lasting hyperpolarization (Fig. 6B).","p580, left bot","Sik A, Penttonen M, Buzsaki G.","Interneurons in the hippocampal dentate gyrus: an in vivo intracellular study.","Eur J Neurosci.",1997,9104599,0,NULL,NULL,NULL,NULL
3100000,1002,NULL,1000,NULL,"The occurrence of excrescences on proximal dendrites was a characteristic feature of all mossy cells. These large spines were more complex in the primate than in the rat. In both rats and primates they formed numerous asymmetric synapses with large boutons of mossy fibers. Peripheral dendrites were covered with small, simple spines. Interestingly, these peripheral dendrites lacking excrescences also established asymmetric synapses with mossy fiber boutons as well as asymmetric and symmetric contacts with smaller terminals of unknown origin. These findings indicate that in both rats and primates the thorny excrescences are not the only target of the mossy terminals. While the proximal portions of the mossy cell dendrites appear to be exclusively contacted by the granule cells, a larger number of neuron types may converge on the distal dendrites.","Abstract",NULL,NULL,NULL,NULL,1744242,0,"DG Mossy?DG GC",NULL,NULL,2000075
3100001,4000,NULL,4004,NULL,"No physiologic evidence of synaptic connections was found from pyramidal cells to L-M interneurons.","Abstract",NULL,NULL,NULL,NULL,3357024,0,"CA1 Pyramidal (+)2223p?CA1 LMR Projecting (-)3300p",NULL,NULL,2000019
3100002,4036,NULL,4000,NULL,"Phase-locking of pyramidal cell discharge by a single presynaptic basket cell. A, Light-microscopebased reconstruction of a hippocampal basket cell (BC) with extensive axon mainly restricted to the cell body layer of area CAl where it forms type II (symmetrical) synaptic contacts with somata (64%) and proximal dendrites (36%) of pyramidal cells. SP, stratum pyramidale; SR, stratum radiatum; SLM, stratum lacunosum-moleculare. Scale bar, 100 ).lm. Bottom: electron micrograph of a symmetrical synapse (arrow) between a terminal (b) of the labelled basket cell and an unlabelled pyramidal cell (PC) soma. Scale bar, 0.2 ).lm. Action potentials evoked by brief depolarizing current pulses to this basket cell produced fast i.p.s.ps in a simultaneously recorded pyramidal cell (not shown). The reversal potential was -69 mV and the average i.p.s.p. conductance was calculated to be 1.6 nS. The mean estimated reversal potential for all basket-cell-mediated i.p.s.ps A SLM SR was - 75.5ï¿½7.6 mV (n = 7 cell pairs), and the mean conductance was estimated to be 1.5ï¿½0.7 nS (n=6), as described 2 s. The i.p.s.p. was blocked by bath application of 2-10 ).lM bicuculline (n = 2). B, a, Firing of a pyramidal cell (lower trace), depolarized by constant current injection, becomes instantly entrained by periodic activation (4. 7 Hz) of short trains of 3- 4 action potentials in the presynaptic basket cell (upper trace, action potentials truncated). Dotted lines indicate intervals of 0.21 s. In all 5 basket and 2 axo-axonic cell to pyramidal cell connections tested for entrainment, the postsynaptic pyramidal cell became instantly phase-locked to the interneuron activity, firing at opposite phase to the interneuron. By entraining the postsynaptic pyramidal cell, the interneurons could decrease or increase the mean discharge rate of the pyramidal cell. Autocorrelation of the trace before (b) and during (c) regular basket cell activity shows an increased rhythmicity of pyramidal cell firing during periodic activation of the interneuron. C, a, Effect of periodic rhythmic discharge of a single basket cell on sub-threshold membrane potential oscillations in a pyramidal cell. Dotted lines indicate intervals of 0.26 s. Autocorrelograms of the trace before (b) and following (c) entrainment show an increased rhythmicity during periodic activation of the interneuron. METHODS. Dual intracellular recordings were made from synaptically coupled CA1 interneuron to pyramidal cell pairs from 400-).lm-thick transverse adult rat hippocampal slices as described 8. Slices were maintained at the interface between artificial cerebrospinal fluid containing (in mM): 126 $Cl, 3 $Cl, 1.25 NaH 2 P0 4 , 24 NaHC0 3 , 2 MgS0 4, 2 CaCI 2 , 10 glucose, pH 7.2, and a humidified atmosphere of 95% 0 2 and 5% C0 2 , at 34-35 ï¿½C. Sharp glass microelectrodes contained 2% biocytin in 1.5 M potassium methylsulphate and were bevelled to a d.c. resistance of 60-150 MQ. Recovered biocytin-labelled cells were analysed in the light microscope and target selectivity was determined by electron microscopy for a total of 94 basket cell and 22 axo-axonic cell synaptic contacts, ranging from 6 to 24 contacts per cell. All values are expressed as means ï¿½ s.d. The number of synaptically coupled pairs exceeds the number of interneurons because the latter could serve as the presynaptic partner for more than one recorded pyramidal cell.","p76",NULL,NULL,NULL,NULL,7477292,0,"CA1 Axo-Axonic?CA1 PC",NULL,NULL,2000076
3100003,4078,NULL,4000,NULL,"Phase-locking of pyramidal cell discharge by a single presynaptic basket cell. A, Light-microscopebased reconstruction of a hippocampal basket cell (BC) with extensive axon mainly restricted to the cell body layer of area CAl where it forms type II (symmetrical) synaptic contacts with somata (64%) and proximal dendrites (36%) of pyramidal cells. SP, stratum pyramidale; SR, stratum radiatum; SLM, stratum lacunosum-moleculare. Scale bar, 100 ).lm. Bottom: electron micrograph of a symmetrical synapse (arrow) between a terminal (b) of the labelled basket cell and an unlabelled pyramidal cell (PC) soma. Scale bar, 0.2 ).lm. Action potentials evoked by brief depolarizing current pulses to this basket cell produced fast i.p.s.ps in a simultaneously recorded pyramidal cell (not shown). The reversal potential was -69 mV and the average i.p.s.p. conductance was calculated to be 1.6 nS. The mean estimated reversal potential for all basket-cell-mediated i.p.s.ps A SLM SR was - 75.5 ï¿½ 7.6 mV (n = 7 cell pairs), and the mean conductance was estimated to be 1.5 ï¿½ 0.7 nS (n=6), as described 2 s. The i.p.s.p. was blocked by bath application of 2-10 ).lM bicuculline (n = 2). B, a, Firing of a pyramidal cell (lower trace), depolarized by constant current injection, becomes instantly entrained by periodic activation (4. 7 Hz) of short trains of 3- 4 action potentials in the presynaptic basket cell (upper trace, action potentials truncated). Dotted lines indicate intervals of 0.21 s. In all 5 basket and 2 axo-axonic cell to pyramidal cell connections tested for entrainment, the postsynaptic pyramidal cell became instantly phase-locked to the interneuron activity, firing at opposite phase to the interneuron. By entraining the postsynaptic pyramidal cell, the interneurons could decrease or increase the mean discharge rate of the pyramidal cell. Autocorrelation of the trace before (b) and during (c) regular basket cell activity shows an increased rhythmicity of pyramidal cell firing during periodic activation of the interneuron. C, a, Effect of periodic rhythmic discharge of a single basket cell on sub-threshold membrane potential oscillations in a pyramidal cell. Dotted lines indicate intervals of 0.26 s. Autocorrelograms of the trace before (b) and following (c) entrainment show an increased rhythmicity during periodic activation of the interneuron. METHODS. Dual intracellular recordings were made from synaptically coupled CA1 interneuron to pyramidal cell pairs from 400-).lm-thick transverse adult rat hippocampal slices as described 8. Slices were maintained at the interface between artificial cerebrospinal fluid containing (in mM): 126 $Cl, 3 $Cl, 1.25 NaH 2 P0 4 , 24 NaHC0 3 , 2 MgS0 4, 2 CaCI 2 , 10 glucose, pH 7.2, and a humidified atmosphere of 95% 0 2 and 5% C0 2 , at 34-35 ï¿½C. Sharp glass microelectrodes contained 2% biocytin in 1.5 M potassium methylsulphate and were bevelled to a d.c. resistance of 60-150 MQ. Recovered biocytin-labelled cells were analysed in the light microscope and target selectivity was determined by electron microscopy for a total of 94 basket cell and 22 axo-axonic cell synaptic contacts, ranging from 6 to 24 contacts per cell. All values are expressed as means ï¿½ s.d. The number of synaptically coupled pairs exceeds the number of interneurons because the latter could serve as the presynaptic partner for more than one recorded pyramidal cell.","p76",NULL,NULL,NULL,NULL,7477292,0,"CA1 Basket?CA1 PC",NULL,NULL,2000076
3100004,2000,NULL,4036,NULL,"All neurons [pyramidal neurons; chandelier/axo-axonic, basket, O/A, and L-M interneurons] in CA1 receive inputs from both Schaffer and commissural pathways (Frotscher and Zimmer, 1983; Frotscher et al., 1984; Schwartzkroin and Kunkel, 1985: Nitsch et al., 1990) and synapses are usually located in the stratum radiatum and oriens (Frotscher et al., 1984).","p499",NULL,NULL,NULL,NULL,7889123,0,"CA3 Pyr?CA1 AA",NULL,NULL,1000003
3100005,2000,NULL,4078,NULL,"All neurons [pyramidal neurons; chandelier/axo-axonic, basket, O/A, and L-M interneurons] in CA1 receive inputs from both Schaffer and commissural pathways (Frotscher and Zimmer, 1983; Frotscher et al., 1984; Schwartzkroin and Kunkel, 1985: Nitsch et al., 1990) and synapses are usually located in the stratum radiatum and oriens (Frotscher et al., 1984).","p499",NULL,NULL,NULL,NULL,7889123,0,"CA3 Pyr?CA1 basket",NULL,NULL,1000003
3100006,2000,NULL,4055,NULL,"All neurons [pyramidal neurons; chandelier/axo-axonic, basket, O/A, and L-M interneurons] in CA1 receive inputs from both Schaffer and commissural pathways (Frotscher and Zimmer, 1983; Frotscher et al., 1984; Schwartzkroin and Kunkel, 1985: Nitsch et al., 1990) and synapses are usually located in the stratum radiatum and oriens (Frotscher et al., 1984).","p499",NULL,NULL,NULL,NULL,7889123,0,"CA3 Pyr?CA1 O/A",NULL,NULL,1000003
3100007,2000,NULL,4069,NULL,"All neurons [pyramidal neurons; chandelier/axo-axonic, basket, O/A, and L-M interneurons] in CA1 receive inputs from both Schaffer and commissural pathways (Frotscher and Zimmer, 1983; Frotscher et al., 1984; Schwartzkroin and Kunkel, 1985: Nitsch et al., 1990) and synapses are usually located in the stratum radiatum and oriens (Frotscher et al., 1984).","p499",NULL,NULL,NULL,NULL,7889123,0,"CA3 Pyr?CA1 O-LM",NULL,NULL,1000003
3100008,2000,NULL,4000,NULL,"All neurons [pyramidal neurons; chandelier/axo-axonic, basket, O/A, and L-M interneurons] in CA1 receive inputs from both Schaffer and commissural pathways (Frotscher and Zimmer, 1983; Frotscher et al., 1984; Schwartzkroin and Kunkel, 1985: Nitsch et al., 1990) and synapses are usually located in the stratum radiatum and oriens (Frotscher et al., 1984).","p499",NULL,NULL,NULL,NULL,7889123,0,"CA3 Pyr?CA1 Pyr",NULL,NULL,1000003
3100009,2000,NULL,4000,NULL,"It is also known that CA3 pyramidal cells have multiple axonal branchings seen as a bundle of parallel axons (Finch and Babb, 1981). Apart from the Schaffer collateral (Sayer et al., 1989) at least three sister collaterals can be found vertically in the stratum radiatum (Andersen, 1990). This gives a minimum of 4 X 1.3 = 5.2 synaptic contacts from a single CA3 pyramidal cell onto a single CA1 pyramidal cell. Moreover, single radiatum fibres have been reported to produce multiple synapses with single CA1 pyramidal cells (Sorra and Harris, 1993).","p499",NULL,NULL,NULL,NULL,7889123,0,"CA3 Pyr?CA1 Pyr",NULL,NULL,1000012
3100010,2028,NULL,2000,NULL,"the number of synapses made on the initial segment, i.e., 100-200 (Kosaka, 1980) for five [CA3] chandelier [axo-axonic] cells contacting one [CA3] pyramidal cell (Best et al., 1993a","p505",NULL,NULL,NULL,NULL,7889123,0,"CA3 AA?CA3 Pyr",NULL,NULL,1000120
3100018,4023,NULL,4023,NULL,"Electron micrograph of the biocytin-filled axon terminal (a) in the CA3 stratum radiatum on a dendritic shaft (d). The straight arrow indicates a symmetric synapse. The same dendrite received an asymmetric synapse on a spinehead (double-headed curved arrow). Another asymmetric synapse is marked by a curved arrow.","Fig. 1F",NULL,NULL,NULL,NULL,8085161,0,"CA1 Backprojection?CA3 PC",NULL,NULL,2000060
3100019,4023,NULL,4023,NULL,"The soma of the first cell was found in the alveus, and its dendrites projected into the stratum oriens (Fig. 3). The dendrites were beaded, and occasional spines were found on the distal dendrites. The principal axon gave rise to six main collaterals, all of which crossed the pyramidal layer. Three of them coursed through the stratum radiatum of the CA3 region, two of them crossed the hippocampal fissure and the granule cell layer, and the sixth remained in the CA1 region. The main collaterals gave rise to rich axon terminal networks in all three regions. On the basis of bouton density [24.80 ï¿½4.13 (SD) per 100 |xm] and total axonal length (101 mm), we estimated that this intemeuron formed approximately 25,000 synapses within the hippocampus. The physiological characteristics of the cell revealed features of an intemeuron (Fig. 4). Similar to the NADPH-diaphorase axon collaterals, drumstick-like appendages were present on the biocytin-labeled axons in all regions and layers (Fig. IE). Electron microscope examination (14) of the boutons revealed that the axon collaterals made symmetric synapses on dendritic shafts and cell bodies, but not on the dendritic spines, of unidentified target neurons (Fig. IF). Spines were often present on the dendrites of several target neurons, which suggests that they were pyramidal cells.","p1722-3",NULL,NULL,NULL,NULL,8085161,0,"CA1 Backprojection?CA3 PC",NULL,NULL,2000061
3100020,4023,NULL,4023,NULL,"The soma of the first cell was found in the alveus, and its dendrites projected into the stratum oriens (Fig. 3). The dendrites were beaded, and occasional spines were found on the distal dendrites. The principal axon gave rise to six main collaterals, all of which crossed the pyramidal layer. Three of them coursed through the stratum radiatum of the CA3 region, two of them crossed the hippocampal fissure and the granule cell layer, and the sixth remained in the CA1 region. The main collaterals gave rise to rich axon terminal networks in all three regions. On the basis of bouton density [24.80 ï¿½4.13 (SD) per 100 |xm] and total axonal length (101 mm), we estimated that this intemeuron formed approximately 25,000 synapses within the hippocampus. The physiological characteristics of the cell revealed features of an intemeuron (Fig. 4). Similar to the NADPH-diaphorase axon collaterals, drumstick-like appendages were present on the biocytin-labeled axons in all regions and layers (Fig. IE). Electron microscope examination (14) of the boutons revealed that the axon collaterals made symmetric synapses on dendritic shafts and cell bodies, but not on the dendritic spines, of unidentified target neurons (Fig. IF). Spines were often present on the dendrites of several target neurons, which suggests that they were pyramidal cells.","p1722-3",NULL,NULL,NULL,NULL,8085161,0,"CA1 Backprojection?CA1 PC",NULL,NULL,2000061
3100021,2000,NULL,2028,NULL,"The complete axon arborization of a single CA3 pyramidal cell has been reconstructed from 32 (60 /?m thick) sections from the rat hippocampus following in vivo intracellular injection of neurobiotin. The same sections were double-immunostained for parvalbumin-a calcium-binding protein selectively present in two types of GABAergic interneurons, the basket and chandelier cells-in order to map boutons of the pyramidal cell in contact with dendrites and somata of these specific subsets of interneurons visualized in a Golgi-like manner. The axon of the pyramidal cell formed 15 295 boutons, 63.8% of which were in stratum oriens, 15.4% in stratum pyramidale and 20.8% in stratum radiatum. Only 2.1% of the axon terminals contacted parvalbumin-positive neurons. Most of these were single contacts (84.7%), but double or triple contacts (15.3%) were also found. The majority of the boutons terminated on dendrites (84.1%) of parvalbumin-positive cells, less frequently on cell bodies (15.9%). In order to estimate the proportion of contacts representing synapses, 16 light microscopically identified contacts between boutons of the filled pyramidal cell axon and the parvalbumin-positive targets were examined by correlated electron microscopy. Thirteen of them were found to be asymmetrical synapses, and in the remaining three cases synapses between the labelled profiles could not be confirmed. We conclude that the physiologically effective excitatory connections between single pyramidal cells and postsynaptic inhibitory neurons are mediated by a small number of contacts, mostly by a single synapse. This results in a high degree of convergence and divergence in hippocampal networks.","Abstract",NULL,NULL,NULL,NULL,8124522,0,"CA3 pc?CA3 Axo-axo",NULL,NULL,2000066
3100022,2000,NULL,2028,NULL,"Distribution of parvalbumin-positive target elements of a single CA3 pyramidal cell The types and distribution of pardbumin-positive elements in the double-stained sections corresponded to those described earlier (Kosaka et al., 1987; Katsumaru et al., 1988; Sloviter, 1989; Celio, 1990; Gulyhs er al., 1991), therefore only a brief account is given here. Cell bodies immunoreactive for parvalbumin were found in stratum pyramidale and oriens, with radially running dendrites that span all layers. The staining of even the most distal parts of the dendrites was clearly detectable. Strata radiatum and lacunosum moleculare contained practically no parvalbumin-positive cell bodies. Axon terminals of parvalbumin-positive cells were largely restricted to stratum pyramidale and the proximal part of stratum oriens, forming multiple contacts around somata and axon initial segments of pyramidal cells)","p1723",NULL,NULL,NULL,NULL,8124522,0,"CA3 pc?CA3 Axo-axo",NULL,NULL,2000067
3100023,2043,NULL,2000,NULL,"Basket cells (n = 31 CA1; n = 3 CA3; n = 5 dentate gyrus (DG)) had most of their axon terminals in the cellular layers (Fig. 1C). Electron microscopic analysis of a random sample of synapses (ï¿½ = 1 56) showed that they make synaptic contacts predominantly on somata (50.6%) and proximal dendrites (46.8%) of pyramidal cells (Table 1)","p823-4",NULL,NULL,NULL,NULL,8159242,0,"CA3 Basket (-)22232?CA3 Pyramidal (+)23223p",NULL,NULL,2000021
3100024,4078,NULL,4000,NULL,"Basket cells (n = 31 CA1; n = 3 CA3; n = 5 dentate gyrus (DG)) had most of their axon terminals in the cellular layers (Fig. 1C). Electron microscopic analysis of a random sample of synapses (ï¿½ = 1 56) showed that they make synaptic contacts predominantly on somata (50.6%) and proximal dendrites (46.8%) of pyramidal cells (Table 1)","p823-4",NULL,NULL,NULL,NULL,8159242,0,"CA1 Basket (-)2232?CA1 Pyramidal (+)2223p",NULL,NULL,2000021
3100025,1035,NULL,1000,NULL,"Basket cells (n = 31 CA1; n = 3 CA3; n = 5 dentate gyrus (DG)) had most of their axon terminals in the cellular layers (Fig. 1C). Electron microscopic analysis of a random sample of synapses (ï¿½ = 1 56) showed that they make synaptic contacts predominantly on somata (50.6%) and proximal dendrites (46.8%) of pyramidal cells (Table 1)","p823-4",NULL,NULL,NULL,NULL,8159242,0,"DG Basket (-)2232?Granule (+)2201p",NULL,NULL,2000021
3100026,4000,NULL,4078,NULL,"Enlargement of the area labelled by small arrow in C, showing a recurrent collateral of the pyramidal cell axon (ax) which is in contact with a basket cell dendrite. Subsequent electron microscopy revealed that a single synaptic release site (arrow; also shown in Fig. 4c) mediated the recurrent e.p.s.p. shown in Ae","Fig. 1",NULL,NULL,NULL,NULL,8159242,0,"CA1 PC?CA1:Basket",NULL,NULL,2000083
3100027,1005,NULL,1035,NULL,"<b>Response properties of the basket cell shown in Figures 7, 9A and B.</b><br><b>(A)</b> The rapid (70 Hz) and sustained, nonï¿½adapting injury discharge often differentiates nonï¿½principal cells from granule cells. Characteristically, each action potential is followed by a prominent AHP.<br><b>(B)</b> Discharge in response to short depolarizing current pulses at threshold (0.2 nA; left) and higher intensity (0.5 nA; right). <b>Lowï¿½intensity (2 V) extracellular stimulation in the outer molecular layer resulted in a shortï¿½latency EPSP </b>(C), whereas stimulation with 5 V elicited an action potential which was followed by a deep shortï¿½latency AHP (D). Arrows show stimulus artefacts. Scale bars: A, vertical bar 10 mV, horizontal bar 50 ms; B, vertical bar 10 mV and 1.5 nA, horizontal bar 10 ms; C, vertical bar 10 mV, horizontal bar 5 ms.","Fig. 8",NULL,NULL,NULL,NULL,8261117,0,"DG:SMo?DG Basket (-)2232",NULL,"3200029.png",2000011
3100027,1008,NULL,1035,NULL,"<b>Response properties of the basket cell shown in Figures 7, 9A and B.</b><br><b>(A)</b> The rapid (70 Hz) and sustained, nonï¿½adapting injury discharge often differentiates nonï¿½principal cells from granule cells. Characteristically, each action potential is followed by a prominent AHP.<br><b>(B)</b> Discharge in response to short depolarizing current pulses at threshold (0.2 nA; left) and higher intensity (0.5 nA; right). <b>Lowï¿½intensity (2 V) extracellular stimulation in the outer molecular layer resulted in a shortï¿½latency EPSP </b>(C), whereas stimulation with 5 V elicited an action potential which was followed by a deep shortï¿½latency AHP (D). Arrows show stimulus artefacts. Scale bars: A, vertical bar 10 mV, horizontal bar 50 ms; B, vertical bar 10 mV and 1.5 nA, horizontal bar 10 ms; C, vertical bar 10 mV, horizontal bar 5 ms.","Fig. 8",NULL,NULL,NULL,NULL,8261117,0,"DG:SMo?DG Basket (-)2232",NULL,"3200029.png",2000011
3100027,1007,NULL,1035,NULL,"<b>Response properties of the basket cell shown in Figures 7, 9A and B.</b><br><b>(A)</b> The rapid (70 Hz) and sustained, nonï¿½adapting injury discharge often differentiates nonï¿½principal cells from granule cells. Characteristically, each action potential is followed by a prominent AHP.<br><b>(B)</b> Discharge in response to short depolarizing current pulses at threshold (0.2 nA; left) and higher intensity (0.5 nA; right). <b>Lowï¿½intensity (2 V) extracellular stimulation in the outer molecular layer resulted in a shortï¿½latency EPSP </b>(C), whereas stimulation with 5 V elicited an action potential which was followed by a deep shortï¿½latency AHP (D). Arrows show stimulus artefacts. Scale bars: A, vertical bar 10 mV, horizontal bar 50 ms; B, vertical bar 10 mV and 1.5 nA, horizontal bar 10 ms; C, vertical bar 10 mV, horizontal bar 5 ms.","Fig. 8",NULL,NULL,NULL,NULL,8261117,0,"DG:SMo?DG Basket (-)2232",NULL,"3200029.png",2000011
3100027,1006,NULL,1035,NULL,"<b>Response properties of the basket cell shown in Figures 7, 9A and B.</b><br><b>(A)</b> The rapid (70 Hz) and sustained, nonï¿½adapting injury discharge often differentiates nonï¿½principal cells from granule cells. Characteristically, each action potential is followed by a prominent AHP.<br><b>(B)</b> Discharge in response to short depolarizing current pulses at threshold (0.2 nA; left) and higher intensity (0.5 nA; right). <b>Lowï¿½intensity (2 V) extracellular stimulation in the outer molecular layer resulted in a shortï¿½latency EPSP </b>(C), whereas stimulation with 5 V elicited an action potential which was followed by a deep shortï¿½latency AHP (D). Arrows show stimulus artefacts. Scale bars: A, vertical bar 10 mV, horizontal bar 50 ms; B, vertical bar 10 mV and 1.5 nA, horizontal bar 10 ms; C, vertical bar 10 mV, horizontal bar 5 ms.","Fig. 8",NULL,NULL,NULL,NULL,8261117,0,"DG:SMo?DG Basket (-)2232",NULL,"3200029.png",2000011
3100027,1004,NULL,1035,NULL,"<b>Response properties of the basket cell shown in Figures 7, 9A and B.</b><br><b>(A)</b> The rapid (70 Hz) and sustained, nonï¿½adapting injury discharge often differentiates nonï¿½principal cells from granule cells. Characteristically, each action potential is followed by a prominent AHP.<br><b>(B)</b> Discharge in response to short depolarizing current pulses at threshold (0.2 nA; left) and higher intensity (0.5 nA; right). <b>Lowï¿½intensity (2 V) extracellular stimulation in the outer molecular layer resulted in a shortï¿½latency EPSP </b>(C), whereas stimulation with 5 V elicited an action potential which was followed by a deep shortï¿½latency AHP (D). Arrows show stimulus artefacts. Scale bars: A, vertical bar 10 mV, horizontal bar 50 ms; B, vertical bar 10 mV and 1.5 nA, horizontal bar 10 ms; C, vertical bar 10 mV, horizontal bar 5 ms.","Fig. 8",NULL,NULL,NULL,NULL,8261117,0,"DG:SMo?DG Basket (-)2232",NULL,"3200029.png",2000011
3100028,2003,NULL,1010,NULL,"an EPSP and action potential were elicited following extracellularstimulation of the cell body layer in proximal CA3 with 3 and 5 V, respectively. Arrowheads denote stimulus artefact.","p408",NULL,NULL,NULL,NULL,8261117,0,"CA3:SP?DG Axo-Axonic (-)2233",NULL,NULL,2000012
3100028,2043,NULL,1010,NULL,"an EPSP and action potential were elicited following extracellularstimulation of the cell body layer in proximal CA3 with 3 and 5 V, respectively. Arrowheads denote stimulus artefact.","p408",NULL,NULL,NULL,NULL,8261117,0,"CA3:SP?DG Axo-Axonic (-)2233",NULL,NULL,2000012
3100028,2044,NULL,1010,NULL,"an EPSP and action potential were elicited following extracellularstimulation of the cell body layer in proximal CA3 with 3 and 5 V, respectively. Arrowheads denote stimulus artefact.","p408",NULL,NULL,NULL,NULL,8261117,0,"CA3:SP?DG Axo-Axonic (-)2233",NULL,NULL,2000012
3100028,2045,NULL,1010,NULL,"an EPSP and action potential were elicited following extracellularstimulation of the cell body layer in proximal CA3 with 3 and 5 V, respectively. Arrowheads denote stimulus artefact.","p408",NULL,NULL,NULL,NULL,8261117,0,"CA3:SP?DG Axo-Axonic (-)2233",NULL,NULL,2000012
3100028,2021,NULL,1010,NULL,"an EPSP and action potential were elicited following extracellularstimulation of the cell body layer in proximal CA3 with 3 and 5 V, respectively. Arrowheads denote stimulus artefact.","p408",NULL,NULL,NULL,NULL,8261117,0,"CA3:SP?DG Axo-Axonic (-)2233",NULL,NULL,2000012
3100028,2042,NULL,1010,NULL,"an EPSP and action potential were elicited following extracellularstimulation of the cell body layer in proximal CA3 with 3 and 5 V, respectively. Arrowheads denote stimulus artefact.","p408",NULL,NULL,NULL,NULL,8261117,0,"CA3:SP?DG Axo-Axonic (-)2233",NULL,NULL,2000012
3100028,2046,NULL,1010,NULL,"an EPSP and action potential were elicited following extracellularstimulation of the cell body layer in proximal CA3 with 3 and 5 V, respectively. Arrowheads denote stimulus artefact.","p408",NULL,NULL,NULL,NULL,8261117,0,"CA3:SP?DG Axo-Axonic (-)2233",NULL,NULL,2000012
3100028,2017,NULL,1010,NULL,"an EPSP and action potential were elicited following extracellularstimulation of the cell body layer in proximal CA3 with 3 and 5 V, respectively. Arrowheads denote stimulus artefact.","p408",NULL,NULL,NULL,NULL,8261117,0,"CA3:SP?DG Axo-Axonic (-)2233",NULL,NULL,2000012
3100028,2013,NULL,1010,NULL,"an EPSP and action potential were elicited following extracellularstimulation of the cell body layer in proximal CA3 with 3 and 5 V, respectively. Arrowheads denote stimulus artefact.","p408",NULL,NULL,NULL,NULL,8261117,0,"CA3:SP?DG Axo-Axonic (-)2233",NULL,NULL,2000012
3100028,2036,NULL,1010,NULL,"an EPSP and action potential were elicited following extracellularstimulation of the cell body layer in proximal CA3 with 3 and 5 V, respectively. Arrowheads denote stimulus artefact.","p408",NULL,NULL,NULL,NULL,8261117,0,"CA3:SP?DG Axo-Axonic (-)2233",NULL,NULL,2000012
3100028,2035,NULL,1010,NULL,"an EPSP and action potential were elicited following extracellularstimulation of the cell body layer in proximal CA3 with 3 and 5 V, respectively. Arrowheads denote stimulus artefact.","p408",NULL,NULL,NULL,NULL,8261117,0,"CA3:SP?DG Axo-Axonic (-)2233",NULL,NULL,2000012
3100028,2020,NULL,1010,NULL,"an EPSP and action potential were elicited following extracellularstimulation of the cell body layer in proximal CA3 with 3 and 5 V, respectively. Arrowheads denote stimulus artefact.","p408",NULL,NULL,NULL,NULL,8261117,0,"CA3:SP?DG Axo-Axonic (-)2233",NULL,NULL,2000012
3100029,1010,NULL,1002,NULL,"Chandelier or axo-axonic cells {DG DG (i)2233 (00S0) Axo-Axonic} have been described in the dentate gyrus (Kosaka, 1983; Soriano and Frotscher, 1989; Soriano et al., 1990) and, confirming previous studies, have been found to make synapses exclusively with axon initial segments of granule cells and probably of mossy cells in the hilus. The latter assumption is based on the homologous morphology and synaptic organization of mossy cells and pyramidal cells (Frotscher et al., 1991).","p411",NULL,NULL,NULL,NULL,8261118,0,"DG AA?Mossy",NULL,NULL,1005004
3100030,1000,NULL,1035,NULL,"The most distinctive of these are the pyramidal basket cells, which have large triangular somata located at or beneath the hilar margin of the GL [granular layer] and an axon originating from an apical dendrite. Seress and his collaborators recognized four additional types with somata in the GL and inner ML [molecular layer] (Ribak and Seress, 1983; Seress and Pokorny, 1981). All described basket cell types possess an apical dendritic arbor ascending into the ML, receiving perforant path (see Extrinsic input: The retrohippocampal region) and commissural associational input (see Intrinsic connections: Excitatory polymorphic cells), and a basal dendritic arbor, usually descending into the hilus and receiving input from granule cell axons (see Intrinsic connections: Granule cells). Basket cells with somata in the ML are located furthest from the hilus and possess only one or two dendrites penetrating the GL.","p249",NULL,NULL,NULL,NULL,8589792,0,"GC?DG Basket",NULL,NULL,1000366
3100031,1010,NULL,1000,NULL,"Chandelier, or axo-axonic cells are found in the rat FD [fascia dentata] and hilus [of the dentate gyrus], and are the source of the numerous symmetric synapses on the axon initial segments of granule cells (Buhl et al., 19941; Han et al., 1993; Kosaka, 1983; Kosaka et al., 1984; Ribak and Seress, 1983; Soriano and Frotscher, 1989; Soriano et al., 1990; and as discussed in Frotscher, 1991).","p250",NULL,NULL,NULL,NULL,8589792,0,"DG AA?DG Granule",NULL,NULL,1005000
3100032,1000,NULL,1036,NULL,"Some rat DG basket cells appear to contain the neuropeptide CCK. Like basket cell fibers, CCK+ fibers form a plexus around the somata of granule cells, and CCK+ terminals make symmetric contacts onto the somata and proximal dendrites of granule cells (Leranth and Frotscher, 1986; Sloviter and Nilaver, 1987).","p249",NULL,NULL,NULL,NULL,8589792,0,"GC?DG BC CCK",NULL,NULL,1005010
3100033,1035,NULL,1000,NULL,"DG [dentate gyrus] basket cell axonal arbors spread in and near the GL [granule cell layer] and synapse onto the somata and proximal dendrites of granule cells (Amaral, 1978; Buhl et al., 1994a; Halasy and Somogyi, 1993b; Han et al., 1993; Lorente de No, 1934; Ribak and Seress, 1983; Seress and Ribak, 1983; see discussion in Frotscher et al., 1992).","p264",NULL,NULL,NULL,NULL,8589792,0,"DG BC?GC",NULL,NULL,1005045
3100034,1010,NULL,1000,NULL,"In addition to contacting granule cell axon initial segments, the [dentate gyrus] chandelier [axo-axonic] cell {DG Axo-axonic} labeled by Han et al. (1993) also sent a dense meshwork of axonal fibers into the superficial and deep hilus.","p266",NULL,NULL,NULL,NULL,8589792,0,"DG Axo-axonic?DG Granule",NULL,NULL,2000085
3100035,1002,NULL,1000,NULL,"Quantitative measurements indicated that more than 90% of mossy cell synaptic contacts in the ipsilateral hippocampus are onto spines of proximal dendrites of presumed granule cells.","Abstract",NULL,NULL,NULL,NULL,8698887,0,"DG Mossy?DG GC",NULL,NULL,2000074
3100036,1000,NULL,2000,NULL,"The axons of granule cells, called mossy fibers, originate at the opposite pole of the soma and enter the hilus, where they give rise to several local collaterals that largely remain in the hilar region (Claiborne et al., 1986). Recurrent collaterals periodically enter the granule cell layer, climb along the cell bodies and dendrites of presumed basket cells, and form multiple synapses only on these interneurons in normal animals (Ribak and Peterson, 1991). Occasional mossy fiber collaterals may also contact granule cell dendrites, particularly in stratum moleculare of the ventral dentate gyrus, but the physiological role of mono synaptic recurrent excitation among granule cells is likely to be negligible. The main axon of the granule cells leaves the hilar region and courses adjacent to the pyramidal cell layer (in stratum lucidum, see below) of the CA3 subfield, where they form giant en passant boutons, the characteristic mossy terminals, on the proximal dendrites of pyramidal cells.","p349",NULL,NULL,NULL,NULL,8915675,0,"GC?CA3 Pyr",NULL,NULL,1000753
3100037,2000,NULL,2000,NULL,"In addition to the mossy fiber projection in stratum lucidum, the commissural and associational collateral input from other CA3 pyramidal cells terminate in strata radiatum and oriens. CA3 pyramidal cells also receive a direct projection from the entorhinal cortex, which innervates the most distal dendrites in stratum lacunosum moleculare (Nafstad, 1967; for review, see Amaral and Witter, 1989, 1995; Lopes da Silva et al., 1990; Tamamaki and Nojyo, 1993, 1995).","p351",NULL,NULL,NULL,NULL,8915675,0,"CA3 Pyr?CA3 Pyr",NULL,NULL,1000762
3100038,1000,NULL,2000,NULL,"In addition to the mossy fiber projection in stratum lucidum, the commissural and associational collateral input from other CA3 pyramidal cells terminate in strata radiatum and oriens. CA3 pyramidal cells also receive a direct projection from the entorhinal cortex, which innervates the most distal dendrites in stratum lacunosum moleculare (Nafstad, 1967; for review, see Amaral and Witter, 1989, 1995; Lopes da Silva et al., 1990; Tamamaki and Nojyo, 1993, 1995).","p351",NULL,NULL,NULL,NULL,8915675,0,"GC?CA3 Pyr",NULL,NULL,1000762
3100039,1008,NULL,1000,NULL,"[Dentate gyrus] Neurons with axons and dendrites in stratum moleculare (MOPP cells). The axonal and dendritic trees of this cell type are largely limited to the outer two-thirds of the dentate molecular layer, and thus was named molecular layer perforant path-associated cell (MOPP cell) by Han et al. (1993). Smooth dendrites that originate from a soma in deep stratum moleculare ascend to reach the hippocampal fissure and span an area over 800 microm in transverse length. The axon of the MOPP cell is even more extensive. The majority of collaterals run perpendicular to granule cell dendrites and arborize profusely in a terminal cloud that extends beyond the upper blade of the dentate gyrus (Fig. 9). ... Electron microscopy demonstrated that axon terminals of this cell type form symmetrical synapses mostly with spiny distal dendrites of granule cells (Fig 10; Halasy and Somogyi, 1993b).","p365",NULL,NULL,NULL,NULL,8915675,0,"MOPP?GC",NULL,NULL,1000843
3100040,1000,NULL,1013,NULL,"Spiny CR-immunoreactive neurons. The spiny variety is present mostly in regions where mossy fibers have high density, i.e., in the hilus of the dentate gyrus and in stratum lucidum of the CA3 subfield. Their dendrites and frequently the somata possess numerous long hairlike spines that penetrate into bundles of mossy fibers. These thin preterminal mossy fibers establish numerous (3-6) synaptic contacts on these dendrites. In the dentate gyrus, the dendrites are restricted to the hilus and never enter stratum granulosum. The CA3 stratum lucidum, the dendrites run parallel with the pyramidal cell layer, precisely follow its curve, and rarely enter strata pyramidale or radiatum.","p387",NULL,NULL,NULL,NULL,8915675,0,"GC?HIPP",NULL,NULL,1000924
3100041,4080,NULL,4080,NULL,"In addition to targeting interneurons and pyramidal cells, individual basket and bistratified cells also appeared to form multiple sites of autaptic [90] self-innervation with their own membrane surface. For each of 18 interneurons, one 60ï¿½70 ?m section containing the cell body and the majority of the dendrites was analysed. For 12 of 12 basket cells and six of six bistratified cells tested, light microscopic evaluation revealed bouton-laden axon collaterals of the same cell closely apposed to its somata and /or dendrites. In a single section, at least two and up to seven boutons appeared to be apposed to the somatodendritic domain of each cell.","p640",NULL,NULL,NULL,NULL,9219929,0,"CA1 Bistratified (-)0333?CA1 Bistratified (-)0333",NULL,NULL,2000020
3100042,1026,NULL,1000,NULL,"Aspiny interneurons with axonal projections to the [dentate gyrus] outer molecular layer {HIPROM}. A representative example of an aspiny hilar interneuron with an axonal projection to the outer molecular layer is given in Fig. 8B. These neurons (n ï¿½=4) usually had somata located within the deep hilus, 20-50 [micro]m beneath the granule cell layer, and were fusiform in shape, with two- to four thick smooth primary dendrites emerging from the two poles of the soma. After a short distance, these primary dendrites give rise to several secondary and tertiary branches, which either remain within the hilus or terminate in the granule cell layer or molecular layer, sometimes ending in a small terminal tuft (Fig. 8B). The characteristic feature of these neurons is their axonal projection terminating in the outer molecular layer in a particular vertically oriented fashion (Fig. 8B). The main axon emerges from either the soma or one of the primary dendrites (Fig. 8B). Shortly after leaving the soma, the axon gives off several very long axonal collaterals ( <% 900 [micro]m) [less than or equal to 900 microm]. One population then takes a more or less vertical course passing through the granule cell layer, the inner molecular layer, and finally terminating within the outer molecular layer. Within the inner molecular layer, some of these collaterals give rise to tangentially oriented side branches of variable length (30-300 [micro]m) that also terminate within the outer molecular layer. On their way through the granule cell layer, these vertically oriented axonal collaterals form basket-like bouton arrays around granule cell somata. A second population of collaterals establishes a sometimes dense axonal plexus within the hilus, with en passant boutons contacting somata of other hilar neurons. Some of these collaterals were seen to project to CA3c (Fig. 8B).","p1526",NULL,NULL,NULL,NULL,9497429,0,"DG HIPROM?DG Granule",NULL,NULL,2000092
3100043,NULL,NULL,NULL,NULL,"D, vesicle-filled terminal of a second Schaffer-associated interneuron (1805951; cell 5 of Table 2; shown in Fig. 2A) in synaptic contact with the shaft of a non-principal dendrite (D), also receiving converging synaptic input (arrowheads).","p768",NULL,NULL,NULL,NULL,9503336,0,"CA1? DG? Schaffer-associated interneuron?non-principal neuron",NULL,NULL,2000024
3100044,4006,NULL,1000,NULL,"E, a synaptic junction established by a perforant pathway-associated interneuron (1505951; cell 12 of Table 2) on a granule cell dendrite (D) in the outer molecular layer of the dentate gyrus.","p768",NULL,NULL,NULL,NULL,9503336,0,"CA1 Perforant Path Associated cell (-)3200p-DG 1000-SUB 100?DG Granule (+)2201p",NULL,NULL,2000025
3100045,1000,NULL,1002,NULL,"Dentate granule cells communicate with their postsynaptic targets by three distinct terminal types. These include the large mossy terminals, filopodial extensions of the mossy terminals, and smalleren passant synaptic varicosities. We examined the postsynaptic targets of mossy fibers by combining in vivo intracellular labeling of granule cells, immunocytochemistry, and electron microscopy. Single granule cells formed large, complex ï¿½mossyï¿½ synapses on 11ï¿½15 CA3 pyramidal cells and 7ï¿½12 hilar mossy cells. In contrast, GABAergic interneurons, identified with immunostaining for substance P-receptor, parvalbumin, and mGluR1a-receptor, were selectively innervated by very thin (filopodial) extensions of the mossy terminals and by small en passant boutons in both the hilar and CA3 regions. These terminals formed single, often perforated, asymmetric synapses on the cell bodies, dendrites, and spines of GABAergic interneurons. The number of filopodial extensions and small terminals was 10 times larger than the number of mossy terminals. These findings show that in contrast to cortical pyramidal neurons, (1) granule cells developed distinct types of terminals to affect interneurons and pyramidal cells and (2) they innervated more inhibitory than excitatory cells. These findings may explain the physiological observations that increased activity of granule cells suppresses the overall excitability of the CA3 recurrent system and may form the structural basis of the target-dependent regulation of glutamate release in the mossy fiber system. ","Abstract",NULL,NULL,NULL,NULL,9547246,0,"DG GC?DG Mossy",NULL,NULL,2000077
3100046,1000,NULL,2000,NULL,"Dentate granule cells communicate with their postsynaptic targets by three distinct terminal types. These include the large mossy terminals, filopodial extensions of the mossy terminals, and smalleren passant synaptic varicosities. We examined the postsynaptic targets of mossy fibers by combining in vivo intracellular labeling of granule cells, immunocytochemistry, and electron microscopy. Single granule cells formed large, complex ï¿½mossyï¿½ synapses on 11ï¿½15 CA3 pyramidal cells and 7ï¿½12 hilar mossy cells. In contrast, GABAergic interneurons, identified with immunostaining for substance P-receptor, parvalbumin, and mGluR1a-receptor, were selectively innervated by very thin (filopodial) extensions of the mossy terminals and by small en passant boutons in both the hilar and CA3 regions. These terminals formed single, often perforated, asymmetric synapses on the cell bodies, dendrites, and spines of GABAergic interneurons. The number of filopodial extensions and small terminals was 10 times larger than the number of mossy terminals. These findings show that in contrast to cortical pyramidal neurons, (1) granule cells developed distinct types of terminals to affect interneurons and pyramidal cells and (2) they innervated more inhibitory than excitatory cells. These findings may explain the physiological observations that increased activity of granule cells suppresses the overall excitability of the CA3 recurrent system and may form the structural basis of the target-dependent regulation of glutamate release in the mossy fiber system. ","Abstract",NULL,NULL,NULL,NULL,9547246,0,"DG GC?CA3 Pyr",NULL,NULL,2000077
3100047,1000,NULL,2004,NULL,"Mossy terminals varied greatly in shape and size. In addition to the frequent, large single-headed terminals, double-headed and elongated mossy terminals consisting of three to five bulbous expansions were also found. Mossy terminals were either in en passantposition or they were connected to the parent axon by a small side branch (1ï¿½30 ?m long) (Fig. 2 A). The total number of mossy terminals along the main axon in the CA3 region varied from 10 to 18 (average, 12.3 ï¿½ 0.9). They were distributed equally in the three subregions (CA3c, 3.3 ï¿½ 0.25; CA3b, 4.1 ï¿½ 0.31; CA3a, 4.1 ï¿½ 0.4). However, the interval between mossy terminals increased significantly in the CA3c to CA3a direction (CA3c, 162 ï¿½ 12.6 ?m; CA3b, 223 ï¿½ 19.0 ?m; CA3a, 345 ï¿½ 27.5 ?m), as indicated by ANOVA (F (2,68) = 18.17;p < 0.001). These findings suggest that the divergence increases in the CA3cï¿½CA3a axis, provided that the density of pyramidal cells in the different subregions is similar (Fig.2 C). ","p3388",NULL,NULL,NULL,NULL,9547246,0,"DG GC?CA3c Pyr",NULL,NULL,2000078
3100048,1000,NULL,2000,NULL,"Mossy terminals varied greatly in shape and size. In addition to the frequent, large single-headed terminals, double-headed and elongated mossy terminals consisting of three to five bulbous expansions were also found. Mossy terminals were either in en passantposition or they were connected to the parent axon by a small side branch (1ï¿½30 ?m long) (Fig. 2 A). The total number of mossy terminals along the main axon in the CA3 region varied from 10 to 18 (average, 12.3 ï¿½ 0.9). They were distributed equally in the three subregions (CA3c, 3.3 ï¿½ 0.25; CA3b, 4.1 ï¿½ 0.31; CA3a, 4.1 ï¿½ 0.4). However, the interval between mossy terminals increased significantly in the CA3c to CA3a direction (CA3c, 162 ï¿½ 12.6 ?m; CA3b, 223 ï¿½ 19.0 ?m; CA3a, 345 ï¿½ 27.5 ?m), as indicated by ANOVA (F (2,68) = 18.17;p < 0.001). These findings suggest that the divergence increases in the CA3cï¿½CA3a axis, provided that the density of pyramidal cells in the different subregions is similar (Fig.2 C). ","p3388",NULL,NULL,NULL,NULL,9547246,0,"DG GC?CA3 Pyr",NULL,NULL,2000078
3100049,4000,NULL,4069,NULL,"Two of the most characteristic interneuron types, the O-LM and HIPP cells are wired with a unique specificity to participate in feedback inhibition of principal cells. The special features indicating this role are the localization of dendritic tree in the same layer where recurrent axon collaterals of local principal cells arborize, and the overlap of their axonal arbor with the distal dendritic tree of local principal cells. Direct anatomical evidence for the recurrent activation of O-LM and HIPP cells has been provided by Blasco-Ibanez and Freund[14]and Acsï¿½dy et al., [3]respectively, whereas local principal cells as their major targets were identified in the present study.","p45-6",NULL,NULL,NULL,NULL,10051188,0,"CA1 PC?CA1 O-LM",NULL,NULL,2000063
3100050,1000,NULL,1013,NULL,"Two of the most characteristic interneuron types, the O-LM and HIPP cells are wired with a unique specificity to participate in feedback inhibition of principal cells. The special features indicating this role are the localization of dendritic tree in the same layer where recurrent axon collaterals of local principal cells arborize, and the overlap of their axonal arbor with the distal dendritic tree of local principal cells. Direct anatomical evidence for the recurrent activation of O-LM and HIPP cells has been provided by Blasco-Ibanez and Freund[14]and Acsï¿½dy et al., [3]respectively, whereas local principal cells as their major targets were identified in the present study.","p45-6",NULL,NULL,NULL,NULL,10051188,0,"DG GC?DG HIPP",NULL,NULL,2000063
3100051,4069,NULL,4000,NULL,"Two of the most characteristic interneuron types, the O-LM and HIPP cells are wired with a unique specificity to participate in feedback inhibition of principal cells. The special features indicating this role are the localization of dendritic tree in the same layer where recurrent axon collaterals of local principal cells arborize, and the overlap of their axonal arbor with the distal dendritic tree of local principal cells. Direct anatomical evidence for the recurrent activation of O-LM and HIPP cells has been provided by Blasco-Ibanez and Freund[14]and Acsï¿½dy et al., [3]respectively, whereas local principal cells as their major targets were identified in the present study.","p45-6",NULL,NULL,NULL,NULL,10051188,0,"CA1 O-LM?CA1 PC",NULL,NULL,2000063
3100052,1013,NULL,1000,NULL,"Two of the most characteristic interneuron types, the O-LM and HIPP cells are wired with a unique specificity to participate in feedback inhibition of principal cells. The special features indicating this role are the localization of dendritic tree in the same layer where recurrent axon collaterals of local principal cells arborize, and the overlap of their axonal arbor with the distal dendritic tree of local principal cells. Direct anatomical evidence for the recurrent activation of O-LM and HIPP cells has been provided by Blasco-Ibanez and Freund[14]and Acsï¿½dy et al., [3]respectively, whereas local principal cells as their major targets were identified in the present study.","p45-6",NULL,NULL,NULL,NULL,10051188,0,"DG HIPP?DG GC",NULL,NULL,2000063
3100053,2035,NULL,2000,NULL,"Electron microscopic analysis showed that axon terminals of MFA interneurons established symmetric synaptic contacts predominantly on proximal apical dendritic shafts, and to a lesser degree, on somata of pyramidal cells. Synaptic contacts were also found on GABAergic interneurons of the CA3 region and putative mossy cells of the hilus. Inhibitory postsynaptic currents (IPSCs) elicited by MFA interneurons in simultaneously recorded pyramidal cells had fast kinetics (half duration, 3.6 ms) and were blocked by the GABA(A) receptor antagonist bicuculline. Thus, MFA interneurons are GABAergic cells in a position to selectively suppress the mossy fiber input, an important requirement for the recall of memory traces from the CA3 network.","Abstract",NULL,NULL,NULL,NULL,10655521,0,"Mossy Fiber-Associated ORDEN?CA3 PC",NULL,NULL,2000099
3100054,2035,NULL,1002,NULL,"Electron microscopic analysis showed that axon terminals of MFA interneurons established symmetric synaptic contacts predominantly on proximal apical dendritic shafts, and to a lesser degree, on somata of pyramidal cells. Synaptic contacts were also found on GABAergic interneurons of the CA3 region and putative mossy cells of the hilus. Inhibitory postsynaptic currents (IPSCs) elicited by MFA interneurons in simultaneously recorded pyramidal cells had fast kinetics (half duration, 3.6 ms) and were blocked by the GABA(A) receptor antagonist bicuculline. Thus, MFA interneurons are GABAergic cells in a position to selectively suppress the mossy fiber input, an important requirement for the recall of memory traces from the CA3 network.","Abstract",NULL,NULL,NULL,NULL,10655521,0,"Mossy Fiber-Associated ORDEN?DG Mossy",NULL,NULL,2000100
3100055,6003,NULL,6003,NULL,"Paired intracellular recordings were used to investigate recurrent excitatory transmission in layers II, III and V of the rat entorhinal cortex in vitro. There was a relatively high probability of finding a recurrent connection between pairs of pyramidal neurons in both layer V (around 12%) and layer III (around 9%). In complete contrast, we have failed to find any recurrent synaptic connections between principal neurons in layer II, and this may be an important factor in the relative resistance of this layer in generating synchronized epileptiform activity. In general, recurrent excitatory postsynaptic potentials in layers III and V of the entorhinal cortex had similar properties to those recorded in other cortical areas, although the probabilities of connection are among the highest reported. Recurrent excitatory postsynaptic potentials recorded in layer V were smaller with faster rise times than those recorded in layer III. In both layers, the recurrent potentials were mediated by glutamate primarily acting at ?-amino-3-hydroxy-5-methyl-4-isoxazole receptors, although there appeared to be a slow component mediated by N-methyl-d-aspartate receptors. In layer III, recurrent transmission failed on about 30% of presynaptic action potentials evoked at 0.2 Hz. This failure rate increased markedly with increasing (2, 3 Hz) frequency of activation. In layer V the failure rate at low frequency was less (19%), and although it increased at higher frequencies this effect was less pronounced than in layer III. Finally, in layer III, there was evidence for a relatively high probability of electrical coupling between pyramidal neurons.","Abstract",NULL,NULL,NULL,NULL,11029534,0,"EC:II (+) Stellate??EC:II (+) Stellate; MEC:V (+) neuron??MEC:V (+) neuron",NULL,NULL,2000045
3100056,4080,NULL,4000,NULL,"Bistratified cells, synapsing onto small-caliber dendrites in both the SO and SR (Buhl et al., 1994), were found among the PV-IR cells (6 of 36) and CCK-IR cells (4 of 27, Fig. 13).","p362-5",NULL,NULL,NULL,NULL,11807843,0,"CA1 Bistratified CCK+?CA1 Pyramidal (+)2223p",NULL,NULL,2000026
3100057,4000,NULL,4003,NULL,"At the light microscopic, level two close appositions between the interneurone axon and two secondary basal pyramidal cell dendrites, at distances of 25 and 35 _x0004_ï¿½m from the postsynaptic soma, were detected.","p360",NULL,NULL,NULL,NULL,11807843,0,"CA1 Pyramidal (+)2223p?CA1 Quadrilaminar (-)3333",NULL,NULL,2000101
3100058,1009,NULL,1000,NULL,"However, the comparable IPSC decay kinetics at FSï¿½basket cell and NFSï¿½HICAP cell synapses suggest a functional (if not molecular) homogeneity of GABAA receptor subtypes.","p591",NULL,NULL,NULL,NULL,12367604,0,"HICAP (-)2322?DG Granule (+)2201p",NULL,NULL,2000009
3100059,1009,NULL,1000,NULL,"The postsynaptic responses at both types of interneuronï¿½granule cell synapse were remarkably similar (Fig. 3). Median IPSC amplitudes varied widely within each group (ranging from 0.3 to 6.5 nS for FS pairs and from 0.1 to 8.4 nS for NFS pairs); however, the conductance was not significantly different, with values of 1.65ï¿½0.34 nS for FS pairs and 1.12ï¿½0.25 nS for NFS pairs (P>0.05, n=24 FS and 35 NFS pairs). IPSC decay kinetics were similar for FS- and NFS-evoked IPSCs, with weighted decay time constants of 22ï¿½0.8 ms and 24ï¿½1 ms for FS and NFS pairs, respectively. IPSC kinetics differed only in the rising phase, which was slower for NFS pairs, with a rise time constant of 1.7ï¿½0.2 ms compared with 0.9ï¿½0.06 ms for FS pairs (P<0.05). Thus, the only differences we observed in postsynaptic properties of transmission were a longer latency and slower rise time at NFSï¿½granule cell synapses and are most likely due to the distal location of these synapses on granule cell dendrites, in contrast to the somatic and proximal dendritic contacts formed by the FS or basket cells.","p588",NULL,NULL,NULL,NULL,12367604,0,"HICAP (-)2322?DG Granule (+)2201p",NULL,NULL,2000010
3100060,1035,NULL,1000,NULL,"The postsynaptic responses at both types of interneuronï¿½granule cell synapse were remarkably similar (Fig. 3). Median IPSC amplitudes varied widely within each group (ranging from 0.3 to 6.5 nS for FS pairs and from 0.1 to 8.4 nS for NFS pairs); however, the conductance was not significantly different, with values of 1.65ï¿½0.34 nS for FS pairs and 1.12ï¿½0.25 nS for NFS pairs (P>0.05, n=24 FS and 35 NFS pairs). IPSC decay kinetics were similar for FS- and NFS-evoked IPSCs, with weighted decay time constants of 22ï¿½0.8 ms and 24ï¿½1 ms for FS and NFS pairs, respectively. IPSC kinetics differed only in the rising phase, which was slower for NFS pairs, with a rise time constant of 1.7ï¿½0.2 ms compared with 0.9ï¿½0.06 ms for FS pairs (P<0.05). Thus, the only differences we observed in postsynaptic properties of transmission were a longer latency and slower rise time at NFSï¿½granule cell synapses and are most likely due to the distal location of these synapses on granule cell dendrites, in contrast to the somatic and proximal dendritic contacts formed by the FS or basket cells.","p588",NULL,NULL,NULL,NULL,12367604,0,"DG Basket (-)2232?DG Granule (+)2201p",NULL,NULL,2000010
3100061,4038,NULL,4000,NULL,"In the present report, we characterize a set of hippocampal interneurons, horizontal axo-axonic cells {CA1 Horizontal Axo-axonic}, located in [the CA1] stratum oriens. They displayed the pattern of axonal arborization characteristic of axo-axonic cells with radially aligned rows of boutons making synapses exclusively on axon initial segments of pyramidal cells, as shown by electron microscopy. However, in contrast to previously described axo-axonic cells {CA1 Axo-axonic}, which have radial dendrites spanning all layers, the dendrites of the horizontal axo-axonic cells were restricted to stratum oriens and ran parallel with the layers for several hundred micrometers.","p232",NULL,NULL,NULL,NULL,15098728,0,"CA1 Horizontal Axo-Axonic (-)0012?CA1 Pyramidal (+)2223p",NULL,NULL,2000094
3100062,4000,NULL,4038,NULL,"Identification of [CA1] horizontal axo-axonic cells {CA1 Horizontal Axo-axonic}. A: Reconstruction of a cell showing dendrites (thick processes) running mainly parallel with the layers in stratum oriens (str. or.) and axonal arbor mostly in the deep pyramidal layer (str. pyr.) and adjacent stratum oriens. Note the characteristic radial axonal terminal segments (arrows) defining it as an axo-axonic cell. Some shrinkage is likely to have occurred during the histological processing, which is apparent from the undulating appearance of the dendrites. B: Reconstruction of the dendritic tree of another cell also shown in C-F. The broken line denotes the compact sublayer of stratum pyramidale, as also seen in the micrograph shown in E. C: Light micrograph of the same cell shown together with a reciprocally connected pyramidal cell (P). The reciprocal connection was evident from the synaptic responses (Figs. 4A and 5).","Fig. 1",NULL,NULL,NULL,NULL,15098728,0,"CA1 Pyramidal (+)2223p?CA1 Horizontal Axo-Axonic (-)0012",NULL,NULL,2000095
3100063,4036,NULL,4000,NULL,"Innervation of pyramidal cells by 12 types of GABAergic interneuron and interneurons by 4 types of interneuron specific cell in the CA1 area of the hippocampus The main lamina specific glutamatergic inputs are indicated on the left. The somata and dendrites of interneurons innervating pyramidal cells are shown in orange, those innervating mainly or exclusively other interneurons are shown in pink. Axons are shown in light green and the main termination zone of GABAergic synapses are shown by yellow symbols.","Fig. 1",NULL,NULL,NULL,NULL,15539390,0,"CA1 AA?CA1 Pyr",NULL,NULL,1000645
3100064,4023,NULL,4000,NULL,"Innervation of pyramidal cells by 12 types of GABAergic interneuron and interneurons by 4 types of interneuron specific cell in the CA1 area of the hippocampus The main lamina specific glutamatergic inputs are indicated on the left. The somata and dendrites of interneurons innervating pyramidal cells are shown in orange, those innervating mainly or exclusively other interneurons are shown in pink. Axons are shown in light green and the main termination zone of GABAergic synapses are shown by yellow symbols.","Fig. 1",NULL,NULL,NULL,NULL,15539390,0,"CA1 Back Proj?CA1 Pyr",NULL,NULL,1000645
3100065,4078,NULL,4000,NULL,"Innervation of pyramidal cells by 12 types of GABAergic interneuron and interneurons by 4 types of interneuron specific cell in the CA1 area of the hippocampus The main lamina specific glutamatergic inputs are indicated on the left. The somata and dendrites of interneurons innervating pyramidal cells are shown in orange, those innervating mainly or exclusively other interneurons are shown in pink. Axons are shown in light green and the main termination zone of GABAergic synapses are shown by yellow symbols.","Fig. 1",NULL,NULL,NULL,NULL,15539390,0,"CA1 BC?CA1 Pyr",NULL,NULL,1000645
3100066,4079,NULL,4000,NULL,"Innervation of pyramidal cells by 12 types of GABAergic interneuron and interneurons by 4 types of interneuron specific cell in the CA1 area of the hippocampus The main lamina specific glutamatergic inputs are indicated on the left. The somata and dendrites of interneurons innervating pyramidal cells are shown in orange, those innervating mainly or exclusively other interneurons are shown in pink. Axons are shown in light green and the main termination zone of GABAergic synapses are shown by yellow symbols.","Fig. 1",NULL,NULL,NULL,NULL,15539390,0,"CA1 BC-CCK?CA1 Pyr",NULL,NULL,1000645
3100067,4080,NULL,4000,NULL,"Innervation of pyramidal cells by 12 types of GABAergic interneuron and interneurons by 4 types of interneuron specific cell in the CA1 area of the hippocampus The main lamina specific glutamatergic inputs are indicated on the left. The somata and dendrites of interneurons innervating pyramidal cells are shown in orange, those innervating mainly or exclusively other interneurons are shown in pink. Axons are shown in light green and the main termination zone of GABAergic synapses are shown by yellow symbols.","Fig. 1",NULL,NULL,NULL,NULL,15539390,0,"CA1 Bistratified?CA1 Pyr",NULL,NULL,1000645
3100068,NULL,NULL,4000,NULL,"Innervation of pyramidal cells by 12 types of GABAergic interneuron and interneurons by 4 types of interneuron specific cell in the CA1 area of the hippocampus The main lamina specific glutamatergic inputs are indicated on the left. The somata and dendrites of interneurons innervating pyramidal cells are shown in orange, those innervating mainly or exclusively other interneurons are shown in pink. Axons are shown in light green and the main termination zone of GABAergic synapses are shown by yellow symbols.","Fig. 1",NULL,NULL,NULL,NULL,15539390,0,"CA1 IS I (no type)?CA1 Pyr",NULL,NULL,1000645
3100069,4021,NULL,4000,NULL,"Innervation of pyramidal cells by 12 types of GABAergic interneuron and interneurons by 4 types of interneuron specific cell in the CA1 area of the hippocampus The main lamina specific glutamatergic inputs are indicated on the left. The somata and dendrites of interneurons innervating pyramidal cells are shown in orange, those innervating mainly or exclusively other interneurons are shown in pink. Axons are shown in light green and the main termination zone of GABAergic synapses are shown by yellow symbols.","Fig. 1",NULL,NULL,NULL,NULL,15539390,0,"CA1 IS II?CA1 Pyr",NULL,NULL,1000645
3100070,4020,NULL,4000,NULL,"Innervation of pyramidal cells by 12 types of GABAergic interneuron and interneurons by 4 types of interneuron specific cell in the CA1 area of the hippocampus The main lamina specific glutamatergic inputs are indicated on the left. The somata and dendrites of interneurons innervating pyramidal cells are shown in orange, those innervating mainly or exclusively other interneurons are shown in pink. Axons are shown in light green and the main termination zone of GABAergic synapses are shown by yellow symbols.","Fig. 1",NULL,NULL,NULL,NULL,15539390,0,"CA1 IS III?CA1 Pyr",NULL,NULL,1000645
3100071,4012,NULL,4000,NULL,"Innervation of pyramidal cells by 12 types of GABAergic interneuron and interneurons by 4 types of interneuron specific cell in the CA1 area of the hippocampus The main lamina specific glutamatergic inputs are indicated on the left. The somata and dendrites of interneurons innervating pyramidal cells are shown in orange, those innervating mainly or exclusively other interneurons are shown in pink. Axons are shown in light green and the main termination zone of GABAergic synapses are shown by yellow symbols.","Fig. 1",NULL,NULL,NULL,NULL,15539390,0,"CA1 NG 3000?CA1 Pyr",NULL,NULL,1000645
3100072,4069,NULL,4000,NULL,"Innervation of pyramidal cells by 12 types of GABAergic interneuron and interneurons by 4 types of interneuron specific cell in the CA1 area of the hippocampus The main lamina specific glutamatergic inputs are indicated on the left. The somata and dendrites of interneurons innervating pyramidal cells are shown in orange, those innervating mainly or exclusively other interneurons are shown in pink. Axons are shown in light green and the main termination zone of GABAergic synapses are shown by yellow symbols.","Fig. 1",NULL,NULL,NULL,NULL,15539390,0,"CA1 O-LM?CA1 Pyr",NULL,NULL,1000645
3100073,4006,NULL,4000,NULL,"Innervation of pyramidal cells by 12 types of GABAergic interneuron and interneurons by 4 types of interneuron specific cell in the CA1 area of the hippocampus The main lamina specific glutamatergic inputs are indicated on the left. The somata and dendrites of interneurons innervating pyramidal cells are shown in orange, those innervating mainly or exclusively other interneurons are shown in pink. Axons are shown in light green and the main termination zone of GABAergic synapses are shown by yellow symbols.","Fig. 1",NULL,NULL,NULL,NULL,15539390,0,"CA1 PPA 3200p?CA1 Pyr",NULL,NULL,1000645
3100074,4005,NULL,4000,NULL,"Innervation of pyramidal cells by 12 types of GABAergic interneuron and interneurons by 4 types of interneuron specific cell in the CA1 area of the hippocampus The main lamina specific glutamatergic inputs are indicated on the left. The somata and dendrites of interneurons innervating pyramidal cells are shown in orange, those innervating mainly or exclusively other interneurons are shown in pink. Axons are shown in light green and the main termination zone of GABAergic synapses are shown by yellow symbols.","Fig. 1",NULL,NULL,NULL,NULL,15539390,0,"CA1 LMR 3300?CA1 Pyr",NULL,NULL,1000645
3100075,4015,NULL,4000,NULL,"Innervation of pyramidal cells by 12 types of GABAergic interneuron and interneurons by 4 types of interneuron specific cell in the CA1 area of the hippocampus The main lamina specific glutamatergic inputs are indicated on the left. The somata and dendrites of interneurons innervating pyramidal cells are shown in orange, those innervating mainly or exclusively other interneurons are shown in pink. Axons are shown in light green and the main termination zone of GABAergic synapses are shown by yellow symbols.","Fig. 1",NULL,NULL,NULL,NULL,15539390,0,"CA1 SCA 2311?CA1 Pyr",NULL,NULL,1000645
3100076,4035,NULL,4000,NULL,"Innervation of pyramidal cells by 12 types of GABAergic interneuron and interneurons by 4 types of interneuron specific cell in the CA1 area of the hippocampus The main lamina specific glutamatergic inputs are indicated on the left. The somata and dendrites of interneurons innervating pyramidal cells are shown in orange, those innervating mainly or exclusively other interneurons are shown in pink. Axons are shown in light green and the main termination zone of GABAergic synapses are shown by yellow symbols.","Fig. 1",NULL,NULL,NULL,NULL,15539390,0,"CA1 Trilam 0113p?CA1 Pyr",NULL,NULL,1000645
3100077,4000,NULL,4000,NULL,"The fourth glutamatergic input comes from the local axon collaterals of CA1 pyramidal cells, mostly forming boutons in stratum oriens and innervating both pyramidal basal dendrites (Deuchars & Thomson, 1996) and interneurones (Buhl et al. 1994).","p12",NULL,NULL,NULL,NULL,15539390,0,"CA1 Pyr?CA1 Pyr",NULL,NULL,1000654
3100078,4000,NULL,4069,NULL,"The so called O-LM GABAergic interneurone with dendrites restricted to stratum oriens (Fig. 1) receives at least 70% of its glutamatergic input from CA1 pyramidal cells (Blasco-Ibanez & Freund, 1995), although CA3 pyramidal boutons probably form a much larger fraction of synapses in this layer.","p12",NULL,NULL,NULL,NULL,15539390,0,"CA1 Pyr?CA1 O-LM",NULL,NULL,1000660
3100079,4036,NULL,4000,NULL,"(1) Axo-axonic cell {CA1 CA1 Axo-Axonic} (parvalbumin (PV)+). It provides GABAergic [gamma aminobutyric acid] synapses exclusively to the axon initial segments of up to 1200 pyramidal cells (Somogyi et al.1983; Li et al. 1992) acting on GABA [gamma aminobutyric acid] A receptors (Buhl et al. 1994a) that include the a1 [alpha 1], alpha2 [alpha], B2/3 [beta 2/3] and y2 [gamma2] subunits (Nusser et al. 1996; Somogyi et al. 1996).","p13",NULL,NULL,NULL,NULL,15539390,0,"CA1 AA?CA1 Pyr",NULL,NULL,1000662
3100080,4015,NULL,4000,NULL,"(7) Schaffer collateral associated cell (CCK+, calbindin+, somatostatin-, NPY-) . The name was given to cells with cell body in stratum radiatum and at the border with lacunosum-moleculare, innervating pyramidal cell apical and, to a lesser extent, basal dendrites in conjunction with the Schaffer collateral and commissural pathways (Vida et al. 1998). ... The dendrites are mainly in str. radiatum but can enter all layers including the alveus (Cossart et al. 1998; Vida et al. 1998; Pawelzik et al. 2002).","p14",NULL,NULL,NULL,NULL,15539390,0,"CA1 SCA 2311?CA1 Pyr",NULL,NULL,1000684
3100081,4021,NULL,4078,NULL,"(15) Interneurone specific cell II (IS-II), (VIP+). The soma was reported mainly in str. radiatum and the border with lacunosum-moleculare and the dendrites biased to the latter layer (Acsady et al. 1996a,b). The axon innervates mainly CCK/VIP positive basket cells (Acsady et al. 1996b; Gulyas et al. 1996).","p15",NULL,NULL,NULL,NULL,15539390,0,"CA1 IS II?CA1 Basket CCK",NULL,NULL,1000708
3100082,4020,NULL,4069,NULL,"(16) Interneurone specific cell III (IS-III), (VIP+, calretinin+, terminals mGluR7a+) . The soma was located mainly in str. pyramidale and radiatum with radial dendrites crossing most layers (Acsady et al. 1996a,b). The axon innervates mainly O-LM cells (Acsady et al. 1996A; Ferraguti et al. 2004)","p15",NULL,NULL,NULL,NULL,15539390,0,"CA1 IS III?CA1 O-LM",NULL,NULL,1000711
3100083,6017,NULL,4000,NULL,"The stratum lacunosum moleculare (SLM) of the hippocampus is the main site of termination of axons from layer III of the entorhinal cortex that forms the direct excitatory perforant path input to the CA1 region (Witter et al., 1988; Gloveli et al., 1997). In this layer, type I synapses have been observed between axons from the entorhinal cortex terminating on dendritic spines of pyramidal cells and also on parvalbumin-immunoreactive dendrites of GABAergic interneurons (Desmond et al., 1994; Kiss et al., 1996).","p6775",NULL,NULL,NULL,NULL,16033887,0,"LIII Pyramidal (+)223111?CA1 Pyr",NULL,NULL,1000720
3100084,6092,NULL,4000,NULL,"The stratum lacunosum moleculare (SLM) of the hippocampus is the main site of termination of axons from layer III of the entorhinal cortex that forms the direct excitatory perforant path input to the CA1 region (Witter et al., 1988; Gloveli et al., 1997). In this layer, type I synapses have been observed between axons from the entorhinal cortex terminating on dendritic spines of pyramidal cells and also on parvalbumin-immunoreactive dendrites of GABAergic interneurons (Desmond et al., 1994; Kiss et al., 1996).","p6775",NULL,NULL,NULL,NULL,16033887,0,"LIII Pyramidal-Stellate (+)223200?CA1 Pyr",NULL,NULL,1000720
3100085,2000,NULL,4011,NULL,"SC stimulation monosynaptically excites NG cells. A, SC stimulation evokes EPSCs with a short and constant latency in voltage-clamped NG cells. The left inset shows the differentiated traces illustrating onset latency; the right inset depicts the position of recording and stimulating electrodes. B, Under conditions favoring the recording of NMDA currents (20 ?m DNQX; holding potential, +40 mV), monosynaptic EPSCs were also evoked in the same neuron. For each panel, 10 superimposed sweeps are shown. Onset latency distributions for both AMPA-mediated (C1) and NMDA-mediated (C2) EPSCs were similar, confirming that the glutamatergic input from the SCs onto this cell was monosynaptic. ","p6781",NULL,NULL,NULL,NULL,16033887,0,"CA3 Pyramidal (+)23223p?CA1 NGF Hub (-)3000p",NULL,NULL,2000032
3100086,2000,NULL,4012,NULL,"SC stimulation monosynaptically excites NG cells. A, SC stimulation evokes EPSCs with a short and constant latency in voltage-clamped NG cells. The left inset shows the differentiated traces illustrating onset latency; the right inset depicts the position of recording and stimulating electrodes. B, Under conditions favoring the recording of NMDA currents (20 ?m DNQX; holding potential, +40 mV), monosynaptic EPSCs were also evoked in the same neuron. For each panel, 10 superimposed sweeps are shown. Onset latency distributions for both AMPA-mediated (C1) and NMDA-mediated (C2) EPSCs were similar, confirming that the glutamatergic input from the SCs onto this cell was monosynaptic. ","p6781",NULL,NULL,NULL,NULL,16033887,0,"CA3 Pyramidal (+)23223p?CA1 NGF (-)3000",NULL,NULL,2000032
3100087,2004,NULL,4011,NULL,"SC stimulation monosynaptically excites NG cells. A, SC stimulation evokes EPSCs with a short and constant latency in voltage-clamped NG cells. The left inset shows the differentiated traces illustrating onset latency; the right inset depicts the position of recording and stimulating electrodes. B, Under conditions favoring the recording of NMDA currents (20 ?m DNQX; holding potential, +40 mV), monosynaptic EPSCs were also evoked in the same neuron. For each panel, 10 superimposed sweeps are shown. Onset latency distributions for both AMPA-mediated (C1) and NMDA-mediated (C2) EPSCs were similar, confirming that the glutamatergic input from the SCs onto this cell was monosynaptic. ","p6781",NULL,NULL,NULL,NULL,16033887,0,"CA3c Pyramidal (+)03223p?CA1 NGF Hub (-)3000p",NULL,NULL,2000032
3100088,2004,NULL,4012,NULL,"SC stimulation monosynaptically excites NG cells. A, SC stimulation evokes EPSCs with a short and constant latency in voltage-clamped NG cells. The left inset shows the differentiated traces illustrating onset latency; the right inset depicts the position of recording and stimulating electrodes. B, Under conditions favoring the recording of NMDA currents (20 ?m DNQX; holding potential, +40 mV), monosynaptic EPSCs were also evoked in the same neuron. For each panel, 10 superimposed sweeps are shown. Onset latency distributions for both AMPA-mediated (C1) and NMDA-mediated (C2) EPSCs were similar, confirming that the glutamatergic input from the SCs onto this cell was monosynaptic. ","p6781",NULL,NULL,NULL,NULL,16033887,0,"CA3c Pyramidal (+)03223p?CA1 NGF (-)3000",NULL,NULL,2000032
3100089,4012,NULL,4011,NULL,"Mixed electrical and chemical synapses between pairs of NG cells. A, Unitary IPSCs recorded in voltage clamp (bottom trace) evoked by an action current in the presynaptic neuron (top trace). The arrow points to the initial inward current flowing through the electrical synapse, which was then followed by an outward current with slow decay kinetics. B, Current-clamp recording showing the voltage deflection seen in the prejunctional neuron after injection of 250 pA of hyperpolarizing current (top) and the subsequent deflection seen in the postjunctional neuron (bottom). C, Current-clamp recording in which 190 pA of depolarizing current was injected into the prejunctional neuron to induce spiking activity (top). In the postjunctional neuron, smaller amplitude spikelets, followed by AHPs, were observed. D1, Results of a voltage-clamp experiment charting the time course of inhibition after application of 500 ?m carbenoxolone. D2, Top traces superimposed show the currents evoked by hyperpolarizing voltage steps from -70 to -130 mV in the prejunctional cell before and after application of carbenoxolone. The middle and bottom traces are the postjunctional responses before (1) and after (2) carbenoxolone. Traces are the average of 10 individual sweeps. ","p6781",NULL,NULL,NULL,NULL,16033887,0,"CA1 Neurogliaform 3000p?CA1 Neurogliaform 3000p",NULL,NULL,2000033
3100090,4012,NULL,4012,NULL,"Mixed electrical and chemical synapses between pairs of NG cells. A, Unitary IPSCs recorded in voltage clamp (bottom trace) evoked by an action current in the presynaptic neuron (top trace). The arrow points to the initial inward current flowing through the electrical synapse, which was then followed by an outward current with slow decay kinetics. B, Current-clamp recording showing the voltage deflection seen in the prejunctional neuron after injection of 250 pA of hyperpolarizing current (top) and the subsequent deflection seen in the postjunctional neuron (bottom). C, Current-clamp recording in which 190 pA of depolarizing current was injected into the prejunctional neuron to induce spiking activity (top). In the postjunctional neuron, smaller amplitude spikelets, followed by AHPs, were observed. D1, Results of a voltage-clamp experiment charting the time course of inhibition after application of 500 ?m carbenoxolone. D2, Top traces superimposed show the currents evoked by hyperpolarizing voltage steps from -70 to -130 mV in the prejunctional cell before and after application of carbenoxolone. The middle and bottom traces are the postjunctional responses before (1) and after (2) carbenoxolone. Traces are the average of 10 individual sweeps. ","p6781",NULL,NULL,NULL,NULL,16033887,0,"CA1 Neurogliaform 3000?CA1 Neurogliaform 3000",NULL,NULL,2000033
3100091,4078,NULL,4000,NULL,"<b>Characterization of morphological, intrinsic and synaptic properties of CB1Rï¿½positive andï¿½negative basket cells.</b><br><b>(a) Top</b>, reconstructions of CB1Rï¿½positive (left; red, axon; gray, dendrite) andï¿½negative (right; blue, axon; gray, dendrite) basket cells shown in Figure 1a (all reconstructed cells are illustrated in Supplementary Fig. 1). SO, stratum oriens; SP, stratum pyrimidale; SR, stratum radiatum; SLM, stratum lacunosumï¿½moleculare. <b>Bottom</b>, axonal (squares; n=16 and 11) and dendritic (thin lines; n=13 and 11; dotted lines represent SP; gray pyramidal cell for reference) density distributions of reconstructed basket cells. Axonal distributions are fit by Gaussians (thick lines; hw = half width).<br><b>(b)</b> Summary of membrane time constant (top) and input resistance (bottom) for CB1Rï¿½positive (red; n=18 and 22) andï¿½negative (blue; n=22 and 26) basket cells. Asterisks represent statistical significance (P<0.0001).<br><b>(c)</b> Instantaneous spike frequency of CB1Rï¿½positive (n=28) and CB1Rï¿½negative (n=26) basket cells in response to depolarizing current pulses. Voltage traces from cells in a.<br><b>(d)</b> Summary graphs of peak conductance (top), rise time and decay time constant (middle), and paired pulse ratio (50 Hz, bottom) of uIPSCs evoked by CB1Rï¿½positive (red; n=28, 26, 24 and 21) andï¿½negative (blue; n=26, 24, 23 and 12) basket cells.<br><b>(e)</b> Action potentials from cells in a and corresponding uIPSC in the postsynaptic pyramidal cell (black) on an expanded time scale (vertical lines are separated by 1 ms). Squares, average latencies (between action potential peak and uIPSC onset) for CB1Rï¿½positive (top, n=27) andï¿½negative (bottom, n=24) basket cells.","Fig. 2",NULL,NULL,NULL,NULL,16648849,0,"CA1 Basket?CA1 PC",NULL,"3200554.png",2000070
3100092,4079,NULL,4000,NULL,"<b>Characterization of morphological, intrinsic and synaptic properties of CB1Rï¿½positive andï¿½negative basket cells.</b><br><b>(a) Top</b>, reconstructions of CB1Rï¿½positive (left; red, axon; gray, dendrite) andï¿½negative (right; blue, axon; gray, dendrite) basket cells shown in Figure 1a (all reconstructed cells are illustrated in Supplementary Fig. 1). SO, stratum oriens; SP, stratum pyrimidale; SR, stratum radiatum; SLM, stratum lacunosumï¿½moleculare. <b>Bottom</b>, axonal (squares; n=16 and 11) and dendritic (thin lines; n=13 and 11; dotted lines represent SP; gray pyramidal cell for reference) density distributions of reconstructed basket cells. Axonal distributions are fit by Gaussians (thick lines; hw = half width).<br><b>(b)</b> Summary of membrane time constant (top) and input resistance (bottom) for CB1Rï¿½positive (red; n=18 and 22) andï¿½negative (blue; n=22 and 26) basket cells. Asterisks represent statistical significance (P<0.0001).<br><b>(c)</b> Instantaneous spike frequency of CB1Rï¿½positive (n=28) and CB1Rï¿½negative (n=26) basket cells in response to depolarizing current pulses. Voltage traces from cells in a.<br><b>(d)</b> Summary graphs of peak conductance (top), rise time and decay time constant (middle), and paired pulse ratio (50 Hz, bottom) of uIPSCs evoked by CB1Rï¿½positive (red; n=28, 26, 24 and 21) andï¿½negative (blue; n=26, 24, 23 and 12) basket cells.<br><b>(e)</b> Action potentials from cells in a and corresponding uIPSC in the postsynaptic pyramidal cell (black) on an expanded time scale (vertical lines are separated by 1 ms). Squares, average latencies (between action potential peak and uIPSC onset) for CB1Rï¿½positive (top, n=27) andï¿½negative (bottom, n=24) basket cells.","Fig. 2",NULL,NULL,NULL,NULL,16648849,0,"CA1 Basket CCK+?CA1 PC",NULL,"3200554.png",2000070
3100093,4013,NULL,4000,NULL,"<b>Characterization of morphological, intrinsic and synaptic properties of CB1Rï¿½positive andï¿½negative basket cells.</b><br><b>(a) Top</b>, reconstructions of CB1Rï¿½positive (left; red, axon; gray, dendrite) andï¿½negative (right; blue, axon; gray, dendrite) basket cells shown in Figure 1a (all reconstructed cells are illustrated in Supplementary Fig. 1). SO, stratum oriens; SP, stratum pyrimidale; SR, stratum radiatum; SLM, stratum lacunosumï¿½moleculare. <b>Bottom</b>, axonal (squares; n=16 and 11) and dendritic (thin lines; n=13 and 11; dotted lines represent SP; gray pyramidal cell for reference) density distributions of reconstructed basket cells. Axonal distributions are fit by Gaussians (thick lines; hw = half width).<br><b>(b)</b> Summary of membrane time constant (top) and input resistance (bottom) for CB1Rï¿½positive (red; n=18 and 22) andï¿½negative (blue; n=22 and 26) basket cells. Asterisks represent statistical significance (P<0.0001).<br><b>(c)</b> Instantaneous spike frequency of CB1Rï¿½positive (n=28) and CB1Rï¿½negative (n=26) basket cells in response to depolarizing current pulses. Voltage traces from cells in a.<br><b>(d)</b> Summary graphs of peak conductance (top), rise time and decay time constant (middle), and paired pulse ratio (50 Hz, bottom) of uIPSCs evoked by CB1Rï¿½positive (red; n=28, 26, 24 and 21) andï¿½negative (blue; n=26, 24, 23 and 12) basket cells.<br><b>(e)</b> Action potentials from cells in a and corresponding uIPSC in the postsynaptic pyramidal cell (black) on an expanded time scale (vertical lines are separated by 1 ms). Squares, average latencies (between action potential peak and uIPSC onset) for CB1Rï¿½positive (top, n=27) andï¿½negative (bottom, n=24) basket cells.","Fig. 2",NULL,NULL,NULL,NULL,16648849,0,"CA1 Radial Trilaminar?CA1 PC",NULL,"3200554.png",2000070
3100094,1000,NULL,1002,NULL,"The dentate granule cell. The characteristic features of the dentate granule cell are illustrated, including its axonal arbor. A collateral plexus gives rise to numerous (~200) typical synapses on cells located within the polymorphic layer. Most of these synapses are onto the dendrites of inhibitory interneurons. Some of the large mossy fiber expansions are also distributed in the polymorphic layer. Many of these terminate on the proximal dendrites of mossy cells. The mossy fiber axons ultimately enter the CA3 field where they travel through the full transverse extent of the field. On their course, they terminate with mossy fiber expansions on a small number (15-20) of CA3 pyramidal cells.","Fig. 4",NULL,NULL,NULL,NULL,17765709,0,"GC?Mossy",NULL,NULL,1001721
3100095,1000,NULL,1002,NULL,"The granule cells give rise to distinctive unmyelinated axons which Ramon y Cajal called mossy fibers. The mossy fibers have unusually large boutons that form en passant synapses with the mossy cells of the polymorphic layer and with the CA3 pyramidal cells of the hippocampus. Less appreciated is the fact that the mossy fiber axons give rise to a distinctive set of collaterals that heavily innervate cells within the polymorphic layer of the dentate gyrus. ... Within the polymorphic layer, the mossy fiber collaterals branch extensively and the daughter branches bear two types of synaptic varicosities.","p9",NULL,NULL,NULL,NULL,17765709,0,"GC?Mossy",NULL,NULL,1001727
3100096,1000,NULL,1035,NULL,"The mossy fiber terminals in the polymorphic layer establish contacts with the proximal dendrites of the mossy cells (Ribak et al., 1985), the basal dendrites of the pyramidal basket cells as well as with other, unidentified cells. Acsady et al. (1998) reported that the vast majority of mossy fiber collaterals in the polymorphic cell layer terminate on GABAergic interneurons.","p9",NULL,NULL,NULL,NULL,17765709,0,"GC?Basket",NULL,NULL,1001730
3100097,1000,NULL,1002,NULL,"The mossy fiber terminals in the polymorphic layer establish contacts with the proximal dendrites of the mossy cells (Ribak et al., 1985), the basal dendrites of the pyramidal basket cells as well as with other, unidentified cells. Acsady et al. (1998) reported that the vast majority of mossy fiber collaterals in the polymorphic cell layer terminate on GABAergic interneurons.","p9",NULL,NULL,NULL,NULL,17765709,0,"GC?Mossy",NULL,NULL,1001730
3100098,1000,NULL,2000,NULL,"In the proximal portion of CA3 (closer to the dentate gyrus), mossy fibers are distributed below, within and above the pyramidal cell layer. The fibers located below the layer, i.e., those that are in the area occupied primarily by basal dendrites, are generally called the infrapyramidal bundle (Fig. 2). The fibers located within the pyramidal cell layer are called the intrapyramidal bundle and those located above the pyramidal cell layer (in the area occupied mainly by proximal apical dendrites) the suprapyramidal bundle. The suprapyramidal bundle occupies the stratum lucidum. At mid and distal portions of CA3, the intra- and infrapyramidal bundles are largely eliminated and those fibers that were in these regions cross the pyramidal cell layer and join the other mossy fibers within stratum lucidum.","p10",NULL,NULL,NULL,NULL,17765709,0,"GC?CA3 Pyr",NULL,NULL,1001742
3100099,1000,NULL,1002,NULL,"The most distinctive feature of the mossy cell is that all of its proximal dendrites are covered by very large and complex spines, the so-called thorny excrescences (Fig. 9). These are the distinctive sites of termination of the mossy fiber axons. While thorny excrescences are also observed on the proximal dendrites of CA3 pyramidal cells, they are never as dense or as complex as the ones on the mossy cells.","p14",NULL,NULL,NULL,NULL,17765709,0,"GC?Mossy",NULL,NULL,1001778
3100100,1013,NULL,1000,NULL,"Besides the mossy cell, there are a number of fusiform cells in the polymorphic layer. The main difference between the fusiform cell types is whether they have spines or not and the characteristic shapes and sizes of the spines. One type, the long-spined multipolar cell first described by Amaral (1978) has recently been called the HIPP cell (hilar perforant path-associated cell) (Fig. 10; Han et al., 1993). The conspicuous feature of this cell is the distribution of copious, long and often branched spines over its cell body and dendrites. Intracellular staining techniques demonstrate that these cells have axons that ascend into the outer two-thirds of the molecular layer (i.e., the perforant path zone) and terminate with symmetrical and presumably inhibitory synapses on the dendrites of granule cells.","p15",NULL,NULL,NULL,NULL,17765709,0,"HIPP?GC",NULL,NULL,1001796
3100101,1013,NULL,1000,NULL,"Antibodies directed against the peptide somatostatin have revealed that neurons such as the HIPP cells scattered throughout the polymorphic layer are immunoreactive for this peptide, and account for approximately 16% of the GABAergic cells in the dentate gyrus (Morrison et al., 1982; Bakst et al., 1986; Freund and Buzsaki, 1996; Sik et al., 1997; Boyett and Buckmaster, 2001). The somatostatin-positive cells all colocalize with GABA, and are the source of the somatostatin immunoreactive fibers and terminals in the outer two-thirds of the molecular layer. This system of fibers, which forms contacts on the distal dendrites of the granule cells, provides a third means for inhibitory control of granule cell activity, in addition to the GABAergic basket cell plexus and axo-axonic terminals of the chandelier cells.","p16",NULL,NULL,NULL,NULL,17765709,0,"HIPP?GC",NULL,NULL,1001802
3100102,6005,NULL,1000,NULL,"The dentate gyrus receives its major input from the entorhinal cortex, via the so-called perforant pathway (Ramon y Cajal, 1893). The projection to the dentate gyrus arises mainly from cells located in layer II of the entorhinal cortex (Fig. 1), although a minor component of the projection also comes from layers V and VI (Steward and Scoville, 1976; Deller et al., 1996). The entorhinal terminals are strictly confined to the outer two-thirds of the molecular layer where they form asymmetric synapses that account for nearly 85% of the total axospinous terminations (Nafstad, 1967; Hjorth-Simonsen and Jeune, 1972). These contacts occur primarily on the dendritic spines of granule cells, although a small number of perforant path fibers also form asymmetric synapses on the shafts of GABA-positive interneurons.","p17",NULL,NULL,NULL,NULL,17765709,0,"[PP various]?GC",NULL,NULL,1001811
3100102,6003,NULL,1000,NULL,"The dentate gyrus receives its major input from the entorhinal cortex, via the so-called perforant pathway (Ramon y Cajal, 1893). The projection to the dentate gyrus arises mainly from cells located in layer II of the entorhinal cortex (Fig. 1), although a minor component of the projection also comes from layers V and VI (Steward and Scoville, 1976; Deller et al., 1996). The entorhinal terminals are strictly confined to the outer two-thirds of the molecular layer where they form asymmetric synapses that account for nearly 85% of the total axospinous terminations (Nafstad, 1967; Hjorth-Simonsen and Jeune, 1972). These contacts occur primarily on the dendritic spines of granule cells, although a small number of perforant path fibers also form asymmetric synapses on the shafts of GABA-positive interneurons.","p17",NULL,NULL,NULL,NULL,17765709,0,"[PP various]?GC",NULL,NULL,1001811
3100102,6082,NULL,1000,NULL,"The dentate gyrus receives its major input from the entorhinal cortex, via the so-called perforant pathway (Ramon y Cajal, 1893). The projection to the dentate gyrus arises mainly from cells located in layer II of the entorhinal cortex (Fig. 1), although a minor component of the projection also comes from layers V and VI (Steward and Scoville, 1976; Deller et al., 1996). The entorhinal terminals are strictly confined to the outer two-thirds of the molecular layer where they form asymmetric synapses that account for nearly 85% of the total axospinous terminations (Nafstad, 1967; Hjorth-Simonsen and Jeune, 1972). These contacts occur primarily on the dendritic spines of granule cells, although a small number of perforant path fibers also form asymmetric synapses on the shafts of GABA-positive interneurons.","p17",NULL,NULL,NULL,NULL,17765709,0,"[PP various]?GC",NULL,NULL,1001811
3100102,6085,NULL,1000,NULL,"The dentate gyrus receives its major input from the entorhinal cortex, via the so-called perforant pathway (Ramon y Cajal, 1893). The projection to the dentate gyrus arises mainly from cells located in layer II of the entorhinal cortex (Fig. 1), although a minor component of the projection also comes from layers V and VI (Steward and Scoville, 1976; Deller et al., 1996). The entorhinal terminals are strictly confined to the outer two-thirds of the molecular layer where they form asymmetric synapses that account for nearly 85% of the total axospinous terminations (Nafstad, 1967; Hjorth-Simonsen and Jeune, 1972). These contacts occur primarily on the dendritic spines of granule cells, although a small number of perforant path fibers also form asymmetric synapses on the shafts of GABA-positive interneurons.","p17",NULL,NULL,NULL,NULL,17765709,0,"[PP various]?GC",NULL,NULL,1001811
3100102,6002,NULL,1000,NULL,"The dentate gyrus receives its major input from the entorhinal cortex, via the so-called perforant pathway (Ramon y Cajal, 1893). The projection to the dentate gyrus arises mainly from cells located in layer II of the entorhinal cortex (Fig. 1), although a minor component of the projection also comes from layers V and VI (Steward and Scoville, 1976; Deller et al., 1996). The entorhinal terminals are strictly confined to the outer two-thirds of the molecular layer where they form asymmetric synapses that account for nearly 85% of the total axospinous terminations (Nafstad, 1967; Hjorth-Simonsen and Jeune, 1972). These contacts occur primarily on the dendritic spines of granule cells, although a small number of perforant path fibers also form asymmetric synapses on the shafts of GABA-positive interneurons.","p17",NULL,NULL,NULL,NULL,17765709,0,"[PP various]?GC",NULL,NULL,1001811
3100103,1000,NULL,2000,NULL,"[Dentate gyrus] mossy cells receive input from granule cells to all parts of their dendrites, whereas CA3 pyramidal cells only are innervated by mossy fibers within stratum lucidum in rats;","p30",NULL,NULL,NULL,NULL,17765710,0,"GC?CA3 Pyr",NULL,NULL,1002506
3100104,1000,NULL,1002,NULL,"[Dentate gyrus] mossy cells receive input from granule cells to all parts of their dendrites, whereas CA3 pyramidal cells only are innervated by mossy fibers within stratum lucidum in rats;","p30",NULL,NULL,NULL,NULL,17765710,0,"GC?Mossy",NULL,NULL,1002506
3100105,6005,NULL,1000,NULL,"In the molecular layer of the dentate gyrus in the rat, the terminals of the perforant path fibers in the outer two-thirds of the molecular layer make up at least 85% of the total synaptic population (Nafstad, 1967; Matthews et al., 1976). Entorhinal fibers form mainly, if not exclusively, asymmetric synapses (Nafstad, 1967; Matthews et al., 1976; Deller and Leranth, 1990; Leranth et al., 1990). These occur most frequently on the dendritic spines of dentate granule cells, although a small proportion of perforant path fibers terminate on non-spiny dendrites of presumed interneurons. These include parvalbumin/GABA-immunoreactive (Zipp et al., 1989), somatostatin-positive, and NPY-positive neurons with cell bodies located in the hilus and apical dendrites which extend into the outer portions of the molecular layer (Scharfman, 1991; Soriano and Frotscher, 1993).","p56",NULL,NULL,NULL,NULL,17765711,0,"[PP various]?GC",NULL,NULL,1002624
3100105,6003,NULL,1000,NULL,"In the molecular layer of the dentate gyrus in the rat, the terminals of the perforant path fibers in the outer two-thirds of the molecular layer make up at least 85% of the total synaptic population (Nafstad, 1967; Matthews et al., 1976). Entorhinal fibers form mainly, if not exclusively, asymmetric synapses (Nafstad, 1967; Matthews et al., 1976; Deller and Leranth, 1990; Leranth et al., 1990). These occur most frequently on the dendritic spines of dentate granule cells, although a small proportion of perforant path fibers terminate on non-spiny dendrites of presumed interneurons. These include parvalbumin/GABA-immunoreactive (Zipp et al., 1989), somatostatin-positive, and NPY-positive neurons with cell bodies located in the hilus and apical dendrites which extend into the outer portions of the molecular layer (Scharfman, 1991; Soriano and Frotscher, 1993).","p56",NULL,NULL,NULL,NULL,17765711,0,"[PP various]?GC",NULL,NULL,1002624
3100105,6082,NULL,1000,NULL,"In the molecular layer of the dentate gyrus in the rat, the terminals of the perforant path fibers in the outer two-thirds of the molecular layer make up at least 85% of the total synaptic population (Nafstad, 1967; Matthews et al., 1976). Entorhinal fibers form mainly, if not exclusively, asymmetric synapses (Nafstad, 1967; Matthews et al., 1976; Deller and Leranth, 1990; Leranth et al., 1990). These occur most frequently on the dendritic spines of dentate granule cells, although a small proportion of perforant path fibers terminate on non-spiny dendrites of presumed interneurons. These include parvalbumin/GABA-immunoreactive (Zipp et al., 1989), somatostatin-positive, and NPY-positive neurons with cell bodies located in the hilus and apical dendrites which extend into the outer portions of the molecular layer (Scharfman, 1991; Soriano and Frotscher, 1993).","p56",NULL,NULL,NULL,NULL,17765711,0,"[PP various]?GC",NULL,NULL,1002624
3100105,6085,NULL,1000,NULL,"In the molecular layer of the dentate gyrus in the rat, the terminals of the perforant path fibers in the outer two-thirds of the molecular layer make up at least 85% of the total synaptic population (Nafstad, 1967; Matthews et al., 1976). Entorhinal fibers form mainly, if not exclusively, asymmetric synapses (Nafstad, 1967; Matthews et al., 1976; Deller and Leranth, 1990; Leranth et al., 1990). These occur most frequently on the dendritic spines of dentate granule cells, although a small proportion of perforant path fibers terminate on non-spiny dendrites of presumed interneurons. These include parvalbumin/GABA-immunoreactive (Zipp et al., 1989), somatostatin-positive, and NPY-positive neurons with cell bodies located in the hilus and apical dendrites which extend into the outer portions of the molecular layer (Scharfman, 1991; Soriano and Frotscher, 1993).","p56",NULL,NULL,NULL,NULL,17765711,0,"[PP various]?GC",NULL,NULL,1002624
3100105,6002,NULL,1000,NULL,"In the molecular layer of the dentate gyrus in the rat, the terminals of the perforant path fibers in the outer two-thirds of the molecular layer make up at least 85% of the total synaptic population (Nafstad, 1967; Matthews et al., 1976). Entorhinal fibers form mainly, if not exclusively, asymmetric synapses (Nafstad, 1967; Matthews et al., 1976; Deller and Leranth, 1990; Leranth et al., 1990). These occur most frequently on the dendritic spines of dentate granule cells, although a small proportion of perforant path fibers terminate on non-spiny dendrites of presumed interneurons. These include parvalbumin/GABA-immunoreactive (Zipp et al., 1989), somatostatin-positive, and NPY-positive neurons with cell bodies located in the hilus and apical dendrites which extend into the outer portions of the molecular layer (Scharfman, 1991; Soriano and Frotscher, 1993).","p56",NULL,NULL,NULL,NULL,17765711,0,"[PP various]?GC",NULL,NULL,1002624
3100106,1000,NULL,2000,NULL,"The small cell bodies of the granule cells (8-12 mm) form the granule cell layer. Granule cells have two main, radially oriented, spiny dendrites emitting several fine branches, which reach the hippocampal fissure. The axons of the granule cells, the mossy fiber axons, originate from the opposite pole of the soma relative to the dendrites, and enter the dentate hilus, where they give rise to several collaterals (Claiborne et al., 1986). Recurrent collaterals periodically enter the granule cell layer, climb along the cell bodies and dendrites of presumed basket cells, and form synapses (Ribak and Peterson, 1991). The main axonal projection of the granule cells leaves the hilar region and courses through the stratum lucidum of the CA3 subfield, where it forms the giant mossy terminals synapsing on the proximal dendrites of pyramidal cells.","p64",NULL,NULL,NULL,NULL,17765712,0,"GC?CA3 Pyr",NULL,NULL,1001250
3100107,1000,NULL,2000,NULL,"As they approach the part of the hippocampal pyramidal cell layer is closest to the hilus (CA3c), the MFs form, in classical terms, a suprapyramidal band, passing along the most proximal parts of the apical dendrites of CA3 pyramidal cells, and an infrapyramidal band, contacting corresponding proximal parts of the basal dendrites (Figs. 4A). Due to its homogeneous transparency in unstained sections, the suprapyramidal MF layer is also referred to as stratum lucidum (Ganser, 1882).","p87",NULL,NULL,NULL,NULL,17765713,0,"GC?CA3 Pyr",NULL,NULL,1001009
3100108,1000,NULL,2004,NULL,"As they approach the part of the hippocampal pyramidal cell layer is closest to the hilus (CA3c), the MFs form, in classical terms, a suprapyramidal band, passing along the most proximal parts of the apical dendrites of CA3 pyramidal cells, and an infrapyramidal band, contacting corresponding proximal parts of the basal dendrites (Figs. 4A). Due to its homogeneous transparency in unstained sections, the suprapyramidal MF layer is also referred to as stratum lucidum (Ganser, 1882).","p87",NULL,NULL,NULL,NULL,17765713,0,"GC?CA3 Pyr c",NULL,NULL,1001009
3100109,1000,NULL,1002,NULL,"As outlined by Ramï¿½n y Cajal (1911), refined by Lorente de Nï¿½ (1934) and demonstrated by EM (Blackstad and Kjaerheim, 1961), typical MF synapses are made by the large boutons en passant in contact with the complex spines (thorny excrescences) found on the proximal dendrites of the CA3 pyramidal cells ( Fig. 1AB) and hilar mossy cells, as well as by MF collateral terminals contacting different types of neurons in the dentate hilus. Claiborne et al. (1986) and Acsï¿½dy et al. (1998) extended the historical perspective by showing that each MF makes approx. 120ï¿½150 excitatory synaptic connections with predominantly inhibitory interneurons via axon collaterals in the dentate hilus, 7ï¿½12 excitatory, large terminal synaptic contacts with hilar mossy cells and 11ï¿½18 corresponding contacts with proximal pyramidal cell dendrites during the transverse MF trajectory in CA3, plus an additional number of terminal contacts made by the more distal and longitudinally running parts of the MFs.","p95",NULL,NULL,NULL,NULL,17765713,0,"GC?Mossy",NULL,NULL,1001042
3100110,1000,NULL,1002,NULL,"Based on the data provided by Acsï¿½dy et al., 1998, the synaptic contacts made by a single MF can accordingly be grouped into contacts with hilar mossy cells (made by as few as 7ï¿½12 large terminals), CA3 pyramidal cells (11ï¿½18 large terminals), hilar interneurons (as many as 120ï¿½150 small terminal contacts) and interneurons in CA3 (40ï¿½50 filopodial contacts).","p96",NULL,NULL,NULL,NULL,17765713,0,"GC?Mossy",NULL,NULL,1001045
3100111,1000,NULL,2000,NULL,"Another important anatomical aspect of the MF pathway is that they are generally restricted to a narrow band running within stratum lucidum where the large terminals make contacts onto the most proximal portions of pyramidal neuron apical dendrites (Brown and Johnston, 1983). Additionally, there is a less extensive infrapyramidal MF projection onto the proximal basal dendrites of pyramidal neurons in CA3b and CA3c.","p110",NULL,NULL,NULL,NULL,17765714,0,"GC?CA3 Pyr",NULL,NULL,1001200
3100112,1000,NULL,2004,NULL,"Another important anatomical aspect of the MF pathway is that they are generally restricted to a narrow band running within stratum lucidum where the large terminals make contacts onto the most proximal portions of pyramidal neuron apical dendrites (Brown and Johnston, 1983). Additionally, there is a less extensive infrapyramidal MF projection onto the proximal basal dendrites of pyramidal neurons in CA3b and CA3c.","p110",NULL,NULL,NULL,NULL,17765714,0,"GC?CA3 Pyr c",NULL,NULL,1001200
3100113,1000,NULL,1002,NULL,"Interneurons are the primary target of DG granule cells. Diagram representing the multiple types of excitatory contacts made by granule cells. Within the dentate/hilar region collaterals of the mossy fibers (MFs) innervate both mossy cells and inhibitory basket cells. In area CA3, the MFs contact pyramidal neurons via large expansions, but also excite interneurons through either filopodial extensions from the large boutons or smaller en passant expansions along MF axons. (See Color Plate 6.1 in color plate section.)","Fig. 1",NULL,NULL,NULL,NULL,17765714,0,"GC?Mossy",NULL,NULL,1001203
3100114,1000,NULL,1035,NULL,"The dendrites of basket cells are aspinous or sparsely spinous and are found in all layers of the dentate gyrus (Ribak and Seress, 1983). The aspinous dendrites have a mixture of asymmetric and symmetric synapses on their surfaces. In the hilus, the basal dendrites of pyramidal and fusiform basket cells have the greatest concentration of axon terminals apposed to their surfaces, and most of these axon terminals contain round synaptic vesicles and form asymmetric synapses. Some of the axon terminals that synapse on the basal dendrites of pyramidal basket cells were identified as mossy fiber terminals (Ribak and Seress, 1983).","p159",NULL,NULL,NULL,NULL,17765717,0,"GC?Basket",NULL,NULL,1002318
3100115,1000,NULL,1002,NULL,"The mossy cells represent a distinct population of neurons that dominate the landscape of the dentate gyrus hilar region (Ribak et al., 1985; Frotscher et al., 1991). The mossy cells are characterized by large triangular or multipolar somata (25-30 mm diameter). These somata contain a round nucleus without infoldings, a thick shell of perikaryal cytoplasm and abundant organelles (Fig. 4). Arising from these somata are three or four thick primary dendrites (Fig. 4), which bifurcate to form an elaborate dendritic plexus that is mostly restricted to the hilus. These cells have complex spines known as thorny excrescences on their somata and proximal dendrites (Fig. 4), while their distal dendrites have typical spines. The majority of axon terminals forming synapses onto these dendrites arise from mossy fibers of granule cells (Fig. 4).","p159",NULL,NULL,NULL,NULL,17765717,0,"GC?Mossy",NULL,NULL,1002324
3100116,1002,NULL,1000,NULL,"The axons of these mossy cells bifurcate and the major projection is to the distant portions of the inner molecular layer (Soltesz et al., 1993). The axon terminals of mossy cells were observed to make asymmetric synapses onto postsynaptic targets in the hilus and molecular layer of the dentate gyrus (Ribak et al., 1985; Scharfman et al., 1990) and showed immunoreactivity primarily for glutamate, but never for GABA (Soriano and Frotscher, 1994). Within the hilus, glutamate-positive mossy cell axon terminals targeted GABA-positive dendritic shafts of hilar interneurons and GABA-negative dendritic spines. Mossy cell axons in the inner molecular layer form asymmetric synapses with dendritic spines associated with GABA-negative, granule cell dendrites. Thus, excitatory (glutamatergic) mossy cell terminals contact GABAergic interneurons and non-GABAergic neurons in the hilar region and GABA-negative dendrites of granule cells in the molecular layer.","p159",NULL,NULL,NULL,NULL,17765717,0,"Mossy?GC",NULL,NULL,1002327
3100117,1000,NULL,1013,NULL,"The fusiform cells of the rat dentate gyrus are located in the hilus, within 100 mm of the base of the granule cell layer (Fig. 5). These cells are one of the most prevalent cell types in the subgranular zone of the dentate gyrus (Ribak and Seress, 1988). The fusiform cells are bipolar, with oval cell bodies, and their dendrites typically run parallel to the granule cell layer, and within the subgranular zone (Fig. 5). The dendrites of these cells are either spiny or sparsely spiny. The spiny fusiform cell receives the majority of its input from the axon collaterals of the mossy fiber axons from the granule cells.","p161",NULL,NULL,NULL,NULL,17765717,0,"GC?HIPP",NULL,NULL,1002330
3100118,1013,NULL,1000,NULL,"It was shown that the [Dentate gyrus fusiform neuron] somatostatin-labeled axons formed a dense plexus in the outer molecular layer where they made symmetric synapses onto the granule cell dendrites (Bakst et al., 1986; Milner and Bacon, 1989; Leranth et al., 1990). In addition, somatostatin-labeled axon terminals in the hilus were also reported (Milner and Bacon, 1989).","p163",NULL,NULL,NULL,NULL,17765717,0,"HIPP?GC",NULL,NULL,1002333
3100119,2000,NULL,4000,NULL,"The trisynaptic circuit is composed of three sequential glutamatergic synapses: 1) perforant path axons of layer II neurons in entorhinal cortex project to the outer two-thirds of the dentate gyrus molecular layer, the location of the distal granule cell dendrites, 2) mossy fiber axons of granule cells project to proximal dendrites of area CA3 pyramidal cells, and 3) the Schaffer collateral axons of CA3 pyramidal cells project to stratum radiatum of CA3 [sic], where the apical dendrites of area CA1 pyramidal cells are located (Amaral and Witter, 1989).","p628",NULL,NULL,NULL,NULL,17765742,0,"CA3 Pyr?CA1 Pyr",NULL,NULL,1002400
3100120,2004,NULL,1002,NULL,"This fimbria stimulation site activated hilar mossy cells and hilar GABAergic neurons disynaptically, and was sensitive to the AMPA receptor antagonist CNQX but not the muscarinic antagonist atropine (Scharfman, 1993a). At a longer latency, the granule cell IPSP began. These data suggesting that fimbria activation of CA3 pyramidal cells led to hilar neuron activation, presumably by hilar collaterals of CA3 pyramidal cells.","p630",NULL,NULL,NULL,NULL,17765742,0,"CA3c Pyr?Mossy",NULL,NULL,1002424
3100121,2004,NULL,1002,NULL,"The most parsimonious explanation was that CA3 pyramidal cells innervated both types of hilar neurons, and evidence was obtained for this by simultaneous intracellular recordings from monosynaptically connected pyramidal cells and mossy cells (Scharfman, 1994b). The same approach showed that mossy cells innervated granule cells and interneurons in the hilus (Scharfman, 1995), suggesting that multiple polysynaptic circuits could be set in motion by CA3 pyramidal cells, and ultimately influence dentate granule cells. Current source density has also provided evidence of CA3 dentate gyrus interactions similar to those discussed above (Wu et al., 1998).","p632",NULL,NULL,NULL,NULL,17765742,0,"CA3c Pyr?Mossy",NULL,NULL,1002430
3100122,1002,NULL,1002,NULL,"The most parsimonious explanation was that CA3 pyramidal cells innervated both types of hilar neurons, and evidence was obtained for this by simultaneous intracellular recordings from monosynaptically connected pyramidal cells and mossy cells (Scharfman, 1994b). The same approach showed that mossy cells innervated granule cells and interneurons in the hilus (Scharfman, 1995), suggesting that multiple polysynaptic circuits could be set in motion by CA3 pyramidal cells, and ultimately influence dentate granule cells. Current source density has also provided evidence of CA3-dentate gyrus interactions similar to those discussed above (Wu et al., 1998).","p632",NULL,NULL,NULL,NULL,17765742,0,"Mossy?Mossy",NULL,NULL,1002430
3100123,2004,NULL,1002,NULL,"In summary, there is strong evidence from studies in hippocampal slices that the CA3 backprojection innervates hilar neurons, both mossy cells and GABAergic neurons. Currently there is no physiological evidence that CA3 directly innervates the granule cells of the dentate gyrus, but absence of evidence is not a proof of absence.","p632",NULL,NULL,NULL,NULL,17765742,0,"CA3c Pyr?Mossy",NULL,NULL,1002433
3100124,1000,NULL,1002,NULL,"Mossy fibers (GC [granule cell] axons) in a healthy rat dentate gyrus are primarily restricted to the hilus (97%), with few collaterals (3%) in the GC layer (Buckmaster and Dudek, 1999). In addition to MCs [mossy cells] (Acsady et al., 1998), mossy fibers have also been shown to contact BCs [basket cells] (Buckmaster and Schwartzkroin, 1994; Geiger et al., 1997) and PV [parvalbumin] interneurons (Blasco-Ibanez et al., 2000). With a total of 400-500 synaptic contacts made by a single mossy fiber (Acsady et al., 1998), the 3% of each axon located in the GC layer (Buckmaster and Dudek, 1999) is estimated to contact 15 BCs and 3 axo-axonic cells. In the hilus, a single GC forms large, complex mossy fiber boutons that innervate 7-12 MCs (Acsady et al., 1998), while an estimated 100-150 mossy fiber terminals target hilar interneurons with approximately one synapse per postsynaptic interneuron (Acsady et al., 1998).","p643",NULL,NULL,NULL,NULL,17765743,0,"GC?Mossy",NULL,NULL,1001300
3100125,1000,NULL,1009,NULL,"Gulyas et al. (1992) estimated that a single spiny calretinin-positive cell (presumed HIPP [hilar perforant path-associated] cell) is contacted by approximately 9,000 GCs [granule cells]. With 12,000 HIPP cells and 1,000,000 GCs, each GC can be estimated to contact approximately 110 HIPP cells and 40 HICAP [hilar commissural-associational pathway related] cells. Additionally, in agreement with the presence of mossy fiber terminals on aspiny calretinin-positive interneurons (Acsady et al., 1998), 15 mossy fibers are expected to synapse onto IS [interneuron specific] cells. Since mossy fibers avoid the molecular layer (Buckmaster and Dudek, 1999) in the healthy dentate gyrus, it is assumed that they do not contact MOPP [molecular layer perforant path-associated] cells.","p644",NULL,NULL,NULL,NULL,17765743,0,"GC?HICAP",NULL,NULL,1001303
3100126,1000,NULL,1013,NULL,"Gulyas et al. (1992) estimated that a single spiny calretinin-positive cell (presumed HIPP [hilar perforant path-associated] cell) is contacted by approximately 9,000 GCs [granule cells]. With 12,000 HIPP cells and 1,000,000 GCs, each GC can be estimated to contact approximately 110 HIPP cells and 40 HICAP [hilar commissural-associational pathway related] cells. Additionally, in agreement with the presence of mossy fiber terminals on aspiny calretinin-positive interneurons (Acsady et al., 1998), 15 mossy fibers are expected to synapse onto IS [interneuron specific] cells. Since mossy fibers avoid the molecular layer (Buckmaster and Dudek, 1999) in the healthy dentate gyrus, it is assumed that they do not contact MOPP [molecular layer perforant path-associated] cells.","p644",NULL,NULL,NULL,NULL,17765743,0,"GC?HIPP",NULL,NULL,1001303
3100127,1002,NULL,1000,NULL,"A single filled mossy cell axon has been reported to make 35,000 synapses in the inner molecular layer (Buckmaster et al., 1996; Wenzel et al., 1997). Assuming a single synapse per postsynaptic cell, a single mossy cell is estimated to contact 30,000-35,000 GCs [granule cell]. Of the 2700 synapses made by a single MC [mossy cell] axon in the hilus, approximately 40% target GABA-negative [gamma-aminobutyric acid] neurons (Wenzel et al., 1997). As each mossy cell is estimated to make 1-5 synaptic contacts on a single postsynaptic mossy cell (Buckmaster et al., 1996), it is estimated that each mossy cell contacts approximately 350 other MCs (this is likely to be a generous estimate since it is based on the assumption that all GAD negative somata in the hilus represent MCs).","p644",NULL,NULL,NULL,NULL,17765743,0,"Mossy?GC",NULL,NULL,1001306
3100128,1002,NULL,1002,NULL,"A single filled mossy cell axon has been reported to make 35,000 synapses in the inner molecular layer (Buckmaster et al., 1996; Wenzel et al., 1997). Assuming a single synapse per postsynaptic cell, a single mossy cell is estimated to contact 30,000-35,000 GCs [granule cell]. Of the 2700 synapses made by a single MC [mossy cell] axon in the hilus, approximately 40% target GABA-negative [gamma-aminobutyric acid] neurons (Wenzel et al., 1997). As each mossy cell is estimated to make 1-5 synaptic contacts on a single postsynaptic mossy cell (Buckmaster et al., 1996), it is estimated that each mossy cell contacts approximately 350 other MCs (this is likely to be a generous estimate since it is based on the assumption that all GAD negative somata in the hilus represent MCs).","p644",NULL,NULL,NULL,NULL,17765743,0,"Mossy?Mossy",NULL,NULL,1001306
3100129,1002,NULL,1009,NULL,"The remaining 60% of the hilar mossy cell axons target GABA-positive cells (Buckmaster et al., 1996; Wenzel et al., 1997), with no reports demonstrating mossy cell synapses onto IS cells. Assuming that there is no preferential target selectivity between HIPP [hilar perforant path-associated] and HICAP [hilar commissural-associational pathway related] cells and that each postsynaptic hilar interneuron receives two synaptic contacts from a single mossy cell axon (Buckmaster et al., 1996), each mossy cell is estimated to contact 600 HIPP and 200 HICAP cells. There is very low mossy cell to interneuron connectivity in the inner molecular layer (Wenzel et al., 1997); MCs [mossy cells] could contact 5-10 basket and axo-axonic cells and approximately 5 MOPP [molecular layer perforant path-associated] cells with somata in the inner molecular layer (Han et al., 1993).","p644",NULL,NULL,NULL,NULL,17765743,0,"Mossy?HICAP",NULL,NULL,1001309
3100130,1002,NULL,1013,NULL,"The remaining 60% of the hilar mossy cell axons target GABA-positive cells (Buckmaster et al., 1996; Wenzel et al., 1997), with no reports demonstrating mossy cell synapses onto IS cells. Assuming that there is no preferential target selectivity between HIPP [hilar perforant path-associated] and HICAP [hilar commissural-associational pathway related] cells and that each postsynaptic hilar interneuron receives two synaptic contacts from a single mossy cell axon (Buckmaster et al., 1996), each mossy cell is estimated to contact 600 HIPP and 200 HICAP cells. There is very low mossy cell to interneuron connectivity in the inner molecular layer (Wenzel et al., 1997); MCs [mossy cells] could contact 5-10 basket and axo-axonic cells and approximately 5 MOPP [molecular layer perforant path-associated] cells with somata in the inner molecular layer (Han et al., 1993).","p644",NULL,NULL,NULL,NULL,17765743,0,"Mossy?HIPP",NULL,NULL,1001309
3100131,1013,NULL,1000,NULL,"HIPP [hilar perforant path-associated] cells have been estimated to contact about 1,600 GCs [granule cells] and 450 BCs [basket cells] with 5 synapses per postsynaptic cell (Sik et al., 1997). MCs [mossy cells] can have one dendrite in the molecular layer (Amaral, 1978; Ribak et al., 1985; Scharfman, 1991) which can be targeted by HIPP cell axons, whereas GCs have two primary dendrites (Claiborne et al., 1990; Lubke et al., 1998).","p645",NULL,NULL,NULL,NULL,17765743,0,"HIPP?GC",NULL,NULL,1001324
3100132,1013,NULL,1035,NULL,"HIPP [hilar perforant path-associated] cells have been estimated to contact about 1,600 GCs [granule cells] and 450 BCs [basket cells] with 5 synapses per postsynaptic cell (Sik et al., 1997). MCs [mossy cells] can have one dendrite in the molecular layer (Amaral, 1978; Ribak et al., 1985; Scharfman, 1991) which can be targeted by HIPP cell axons, whereas GCs have two primary dendrites (Claiborne et al., 1990; Lubke et al., 1998).","p645",NULL,NULL,NULL,NULL,17765743,0,"HIPP?Basket",NULL,NULL,1001324
3100133,1008,NULL,1000,NULL,"MOPP [molecular layer perforant path-associated] cells target an estimated 7,500 GCs [granule cells] in the rat dentate gyrus. While MOPP cell axons project in the horizontal axis to a similar extent as HIPP [hilar perforant path-associated] cells, they show considerably less collateralization (Han et al., 1993), resulting in an estimate of half as many synapses onto MOPP and HICAP [hilar commissural-associational pathway related] cells as HIPP cells make. As MOPP cell axons are restricted to the molecular layer (Han et al., 1993) and do not target the basal dendrites of BCs [basket cells] , they are assumed to contact less than 1/10 the number of BCs targeted by HIPP cells.","p645",NULL,NULL,NULL,NULL,17765743,0,"MOPP?GC",NULL,NULL,1001330
3100134,1008,NULL,1008,NULL,"MOPP [molecular layer perforant path-associated] cells target an estimated 7,500 GCs [granule cells] in the rat dentate gyrus. While MOPP cell axons project in the horizontal axis to a similar extent as HIPP [hilar perforant path-associated] cells, they show considerably less collateralization (Han et al., 1993), resulting in an estimate of half as many synapses onto MOPP and HICAP [hilar commissural-associational pathway related] cells as HIPP cells make. As MOPP cell axons are restricted to the molecular layer (Han et al., 1993) and do not target the basal dendrites of BCs [basket cells] , they are assumed to contact less than 1/10 the number of BCs targeted by HIPP cells.","p645",NULL,NULL,NULL,NULL,17765743,0,"MOPP?MOPP",NULL,NULL,1001330
3100135,1008,NULL,1009,NULL,"MOPP [molecular layer perforant path-associated] cells target an estimated 7,500 GCs [granule cells] in the rat dentate gyrus. While MOPP cell axons project in the horizontal axis to a similar extent as HIPP [hilar perforant path-associated] cells, they show considerably less collateralization (Han et al., 1993), resulting in an estimate of half as many synapses onto MOPP and HICAP [hilar commissural-associational pathway related] cells as HIPP cells make. As MOPP cell axons are restricted to the molecular layer (Han et al., 1993) and do not target the basal dendrites of BCs [basket cells] , they are assumed to contact less than 1/10 the number of BCs targeted by HIPP cells.","p645",NULL,NULL,NULL,NULL,17765743,0,"MOPP?HICAP",NULL,NULL,1001330
3100136,1009,NULL,1000,NULL,"Sik et al. (1997) estimated that the septo-temporal extent and bouton density of HICAP [hilar commissural-associational pathway related] cell axons is similar to the HIPP [hilar perforant path-associated] cell axons, whereas the estimated axonal length of HICAP cells is approximately half of the HIPP cell axonal length. Thus, it is estimated that HICAP cells contact about half the number of GCs [granule cells] contacted by HIPP cells.","p645",NULL,NULL,NULL,NULL,17765743,0,"HICAP?GC",NULL,NULL,1001336
3100137,1013,NULL,1000,NULL,"Sik et al. (1997) estimated that the septo-temporal extent and bouton density of HICAP [hilar commissural-associational pathway related] cell axons is similar to the HIPP [hilar perforant path-associated] cell axons, whereas the estimated axonal length of HICAP cells is approximately half of the HIPP cell axonal length. Thus, it is estimated that HICAP cells contact about half the number of GCs [granule cells] contacted by HIPP cells.","p645",NULL,NULL,NULL,NULL,17765743,0,"HIPP?GC",NULL,NULL,1001336
3100138,1001,NULL,1002,NULL,"We recorded from SGC [semilunar granule cell]/hilar cell pairs in which the hilar cell was located near a visualized SGC axon collateral. In four paired recordings (9% of all paired recordings), APs [action potentials] in the SGCs triggered EPSPs [excitatory postsynaptic potentials] in hilar neurons. Two postsynaptic neurons were hilar mossy cells, based on the presence of thorny excrescences on proximal dendrites, conventional spines on distal dendrites, and an irregular firing pattern in response to 2 s depolarizing steps (Scharfman and Schwartzkroin, 1988) (Fig. 3A).","p13758",NULL,NULL,NULL,NULL,18077687,0,"Semilunar GC?Mossy",NULL,NULL,1002915
3100139,1001,NULL,1002,NULL,"SGCs [semilunar granule cells] are excitatory and synapse onto hilar mossy cells. A, Montage showing a SGC and a postsynaptic hilar mossy cell, both filled with Alexa594. The SGC axon appears to contact the mossy cell dendrite (arrow) after it bifurcates, 72 microm from the center of the cell body.","Fig. 3A",NULL,NULL,NULL,NULL,18077687,0,"Semilunar GC?Mossy",NULL,NULL,1002918
3100140,4081,NULL,4000,NULL,"The randomly sampled [CA1 ivy neuron] synapses (n = 11 for P2a; n = 13 for T134b; n = 10 for T140b) had small synaptic junctions targeting mainly dendritic shafts (81%, Figures 3E and 3H) of pyramidal cells, including basal dendrites in stratum oriens and oblique dendritic shafts in stratum radiatum.","p918",NULL,NULL,NULL,NULL,18367092,0,"CA1 Ivy?CA1 Pyr",NULL,NULL,1000543
3100141,4000,NULL,4000,NULL,"Synaptic Transmission and Reconstruction of a Reciprocally Connected Ivy and Pyramidal Cell Pair in the CA1 Region of the Hippocampus (A) Reconstruction (from a 450-ï¿½m-thick slice) of the Ivy cell {CA1 CA1 Ivy} (soma/dendrites in orange, axon in yellow) and the pyramidal cell (soma/dendrites in light blue, axon in white). A large portion of the interneuron's axonal arbor is located in stratum pyramidale and stratum oriens, with very few collaterals extending into stratum radiatum and alveus. (B) Responses of the Ivy cell to injected current pulses, demonstrating the frequency adaptation seen in these interneurons. (C) Action potentials elicited by just suprathreshold current pulses in the pyramidal cell (mauve trace), the Ivy cell (orange trace), and a bistratified cell recorded in another experiment (gray trace) are superimposed. The Ivy cell action potential is similar in width to that of the pyramidal cell and is considerably broader than the action potential in the bistratified cell. (D) Composite averages of the excitatory postsynaptic potentials (EPSPs) elicited by the pyramidal cell in the Ivy cell, demonstrating the strong paired pulse and brief train depression typical of these inputs. (E) Composite averages of the inhibitory postsynaptic potentials (IPSPs) elicited by the Ivy cell in the pyramidal cell, demonstrating the typically slow time course and paired pulse depression of the IPSPs. (F) Photomicrographs of the Ivy cell at two different magnifications to illustrate a putative synaptic input from the pyramidal cell to the interneuron (red arrows). Two such putative contacts were identified. The lower bouton and contact site is directly above the dendrite and not visible on this micrograph. Vertical scale bars: (B), 20 mV; (C), 20 mV; (D) EPSPs, 2 mV; spike, 20 mV; (E) spike, 20 mV; IPSP, 1 mV. Horizontal scale bars: (A), 100 ?m; (B), 40 ms; (C), 2 ms; (D), 20 ms; (E), 50 ms; (F) left, 5 ?m; right, 2.5 ?m.","Fig. 6",NULL,NULL,NULL,NULL,18367092,0,"CA1 Pyr?CA1 Pyr",NULL,NULL,1000544
3100142,4081,NULL,4000,NULL,"Synaptic Transmission and Reconstruction of a Reciprocally Connected Ivy and Pyramidal Cell Pair in the CA1 Region of the Hippocampus (A) Reconstruction (from a 450-ï¿½m-thick slice) of the Ivy cell {CA1 CA1 Ivy} (soma/dendrites in orange, axon in yellow) and the pyramidal cell (soma/dendrites in light blue, axon in white). A large portion of the interneuron's axonal arbor is located in stratum pyramidale and stratum oriens, with very few collaterals extending into stratum radiatum and alveus. (B) Responses of the Ivy cell to injected current pulses, demonstrating the frequency adaptation seen in these interneurons. (C) Action potentials elicited by just suprathreshold current pulses in the pyramidal cell (mauve trace), the Ivy cell (orange trace), and a bistratified cell recorded in another experiment (gray trace) are superimposed. The Ivy cell action potential is similar in width to that of the pyramidal cell and is considerably broader than the action potential in the bistratified cell. (D) Composite averages of the excitatory postsynaptic potentials (EPSPs) elicited by the pyramidal cell in the Ivy cell, demonstrating the strong paired pulse and brief train depression typical of these inputs. (E) Composite averages of the inhibitory postsynaptic potentials (IPSPs) elicited by the Ivy cell in the pyramidal cell, demonstrating the typically slow time course and paired pulse depression of the IPSPs. (F) Photomicrographs of the Ivy cell at two different magnifications to illustrate a putative synaptic input from the pyramidal cell to the interneuron (red arrows). Two such putative contacts were identified. The lower bouton and contact site is directly above the dendrite and not visible on this micrograph. Vertical scale bars: (B), 20 mV; (C), 20 mV; (D) EPSPs, 2 mV; spike, 20 mV; (E) spike, 20 mV; IPSP, 1 mV. Horizontal scale bars: (A), 100 ?m; (B), 40 ms; (C), 2 ms; (D), 20 ms; (E), 50 ms; (F) left, 5 ?m; right, 2.5 ?m.","Fig. 6",NULL,NULL,NULL,NULL,18367092,0,"CA1 Ivy?CA1 Pyr",NULL,NULL,1000544
3100143,4036,NULL,4000,NULL,"Three types of pyramidal cell are accompanied by at least 21 classes of interneuron in the hippocampal CA1 area. The main termination of five glutamatergic inputs are indicated on the left. The somata and dendrites of interneurons innervating pyramidal cells (blue) are orange, and those innervating mainly other interneurons are pink. Axons are purple; the main synaptic terminations are yellow. Note the association of the output synapses of different interneuron types with the perisomatic region (left) and either the Schaffer collateral/commissural or the entorhinal pathway termination zones (right), respectively. VIP, vasoactive intestinal polypeptide; VGLUT, vesicular glutamate transporter; O-LM, oriens lacunosum moleculare.","Fig. 1",NULL,NULL,NULL,NULL,18599766,0,"CA1 AA?CA1 Pyr",NULL,NULL,1000630
3100144,4023,NULL,4000,NULL,"Three types of pyramidal cell are accompanied by at least 21 classes of interneuron in the hippocampal CA1 area. The main termination of five glutamatergic inputs are indicated on the left. The somata and dendrites of interneurons innervating pyramidal cells (blue) are orange, and those innervating mainly other interneurons are pink. Axons are purple; the main synaptic terminations are yellow. Note the association of the output synapses of different interneuron types with the perisomatic region (left) and either the Schaffer collateral/commissural or the entorhinal pathway termination zones (right), respectively. VIP, vasoactive intestinal polypeptide; VGLUT, vesicular glutamate transporter; O-LM, oriens lacunosum moleculare.","Fig. 1",NULL,NULL,NULL,NULL,18599766,0,"CA1 Back Proj?CA1 Pyr",NULL,NULL,1000630
3100145,4078,NULL,4000,NULL,"Three types of pyramidal cell are accompanied by at least 21 classes of interneuron in the hippocampal CA1 area. The main termination of five glutamatergic inputs are indicated on the left. The somata and dendrites of interneurons innervating pyramidal cells (blue) are orange, and those innervating mainly other interneurons are pink. Axons are purple; the main synaptic terminations are yellow. Note the association of the output synapses of different interneuron types with the perisomatic region (left) and either the Schaffer collateral/commissural or the entorhinal pathway termination zones (right), respectively. VIP, vasoactive intestinal polypeptide; VGLUT, vesicular glutamate transporter; O-LM, oriens lacunosum moleculare.","Fig. 1",NULL,NULL,NULL,NULL,18599766,0,"CA1 BC?CA1 Pyr",NULL,NULL,1000630
3100146,4079,NULL,4000,NULL,"Three types of pyramidal cell are accompanied by at least 21 classes of interneuron in the hippocampal CA1 area. The main termination of five glutamatergic inputs are indicated on the left. The somata and dendrites of interneurons innervating pyramidal cells (blue) are orange, and those innervating mainly other interneurons are pink. Axons are purple; the main synaptic terminations are yellow. Note the association of the output synapses of different interneuron types with the perisomatic region (left) and either the Schaffer collateral/commissural or the entorhinal pathway termination zones (right), respectively. VIP, vasoactive intestinal polypeptide; VGLUT, vesicular glutamate transporter; O-LM, oriens lacunosum moleculare.","Fig. 1",NULL,NULL,NULL,NULL,18599766,0,"CA1 BC-CCK?CA1 Pyr",NULL,NULL,1000630
3100147,4080,NULL,4000,NULL,"Three types of pyramidal cell are accompanied by at least 21 classes of interneuron in the hippocampal CA1 area. The main termination of five glutamatergic inputs are indicated on the left. The somata and dendrites of interneurons innervating pyramidal cells (blue) are orange, and those innervating mainly other interneurons are pink. Axons are purple; the main synaptic terminations are yellow. Note the association of the output synapses of different interneuron types with the perisomatic region (left) and either the Schaffer collateral/commissural or the entorhinal pathway termination zones (right), respectively. VIP, vasoactive intestinal polypeptide; VGLUT, vesicular glutamate transporter; O-LM, oriens lacunosum moleculare.","Fig. 1",NULL,NULL,NULL,NULL,18599766,0,"CA1 Bistratified?CA1 Pyr",NULL,NULL,1000630
3100148,NULL,NULL,4000,NULL,"Three types of pyramidal cell are accompanied by at least 21 classes of interneuron in the hippocampal CA1 area. The main termination of five glutamatergic inputs are indicated on the left. The somata and dendrites of interneurons innervating pyramidal cells (blue) are orange, and those innervating mainly other interneurons are pink. Axons are purple; the main synaptic terminations are yellow. Note the association of the output synapses of different interneuron types with the perisomatic region (left) and either the Schaffer collateral/commissural or the entorhinal pathway termination zones (right), respectively. VIP, vasoactive intestinal polypeptide; VGLUT, vesicular glutamate transporter; O-LM, oriens lacunosum moleculare.","Fig. 1",NULL,NULL,NULL,NULL,18599766,0,"CA1 IS I (no type)?CA1 Pyr",NULL,NULL,1000630
3100149,4021,NULL,4000,NULL,"Three types of pyramidal cell are accompanied by at least 21 classes of interneuron in the hippocampal CA1 area. The main termination of five glutamatergic inputs are indicated on the left. The somata and dendrites of interneurons innervating pyramidal cells (blue) are orange, and those innervating mainly other interneurons are pink. Axons are purple; the main synaptic terminations are yellow. Note the association of the output synapses of different interneuron types with the perisomatic region (left) and either the Schaffer collateral/commissural or the entorhinal pathway termination zones (right), respectively. VIP, vasoactive intestinal polypeptide; VGLUT, vesicular glutamate transporter; O-LM, oriens lacunosum moleculare.","Fig. 1",NULL,NULL,NULL,NULL,18599766,0,"CA1 IS II?CA1 Pyr",NULL,NULL,1000630
3100150,4020,NULL,4000,NULL,"Three types of pyramidal cell are accompanied by at least 21 classes of interneuron in the hippocampal CA1 area. The main termination of five glutamatergic inputs are indicated on the left. The somata and dendrites of interneurons innervating pyramidal cells (blue) are orange, and those innervating mainly other interneurons are pink. Axons are purple; the main synaptic terminations are yellow. Note the association of the output synapses of different interneuron types with the perisomatic region (left) and either the Schaffer collateral/commissural or the entorhinal pathway termination zones (right), respectively. VIP, vasoactive intestinal polypeptide; VGLUT, vesicular glutamate transporter; O-LM, oriens lacunosum moleculare.","Fig. 1",NULL,NULL,NULL,NULL,18599766,0,"CA1 IS III?CA1 Pyr",NULL,NULL,1000630
3100151,4081,NULL,4000,NULL,"Three types of pyramidal cell are accompanied by at least 21 classes of interneuron in the hippocampal CA1 area. The main termination of five glutamatergic inputs are indicated on the left. The somata and dendrites of interneurons innervating pyramidal cells (blue) are orange, and those innervating mainly other interneurons are pink. Axons are purple; the main synaptic terminations are yellow. Note the association of the output synapses of different interneuron types with the perisomatic region (left) and either the Schaffer collateral/commissural or the entorhinal pathway termination zones (right), respectively. VIP, vasoactive intestinal polypeptide; VGLUT, vesicular glutamate transporter; O-LM, oriens lacunosum moleculare.","Fig. 1",NULL,NULL,NULL,NULL,18599766,0,"CA1 Ivy?CA1 Pyr",NULL,NULL,1000630
3100152,4012,NULL,4000,NULL,"Three types of pyramidal cell are accompanied by at least 21 classes of interneuron in the hippocampal CA1 area. The main termination of five glutamatergic inputs are indicated on the left. The somata and dendrites of interneurons innervating pyramidal cells (blue) are orange, and those innervating mainly other interneurons are pink. Axons are purple; the main synaptic terminations are yellow. Note the association of the output synapses of different interneuron types with the perisomatic region (left) and either the Schaffer collateral/commissural or the entorhinal pathway termination zones (right), respectively. VIP, vasoactive intestinal polypeptide; VGLUT, vesicular glutamate transporter; O-LM, oriens lacunosum moleculare.","Fig. 1",NULL,NULL,NULL,NULL,18599766,0,"CA1 NG 3000?CA1 Pyr",NULL,NULL,1000630
3100153,4069,NULL,4000,NULL,"Three types of pyramidal cell are accompanied by at least 21 classes of interneuron in the hippocampal CA1 area. The main termination of five glutamatergic inputs are indicated on the left. The somata and dendrites of interneurons innervating pyramidal cells (blue) are orange, and those innervating mainly other interneurons are pink. Axons are purple; the main synaptic terminations are yellow. Note the association of the output synapses of different interneuron types with the perisomatic region (left) and either the Schaffer collateral/commissural or the entorhinal pathway termination zones (right), respectively. VIP, vasoactive intestinal polypeptide; VGLUT, vesicular glutamate transporter; O-LM, oriens lacunosum moleculare.","Fig. 1",NULL,NULL,NULL,NULL,18599766,0,"CA1 O-LM?CA1 Pyr",NULL,NULL,1000630
3100154,4006,NULL,4000,NULL,"Three types of pyramidal cell are accompanied by at least 21 classes of interneuron in the hippocampal CA1 area. The main termination of five glutamatergic inputs are indicated on the left. The somata and dendrites of interneurons innervating pyramidal cells (blue) are orange, and those innervating mainly other interneurons are pink. Axons are purple; the main synaptic terminations are yellow. Note the association of the output synapses of different interneuron types with the perisomatic region (left) and either the Schaffer collateral/commissural or the entorhinal pathway termination zones (right), respectively. VIP, vasoactive intestinal polypeptide; VGLUT, vesicular glutamate transporter; O-LM, oriens lacunosum moleculare.","Fig. 1",NULL,NULL,NULL,NULL,18599766,0,"CA1 PPA 3200p?CA1 Pyr",NULL,NULL,1000630
3100155,4015,NULL,4000,NULL,"Three types of pyramidal cell are accompanied by at least 21 classes of interneuron in the hippocampal CA1 area. The main termination of five glutamatergic inputs are indicated on the left. The somata and dendrites of interneurons innervating pyramidal cells (blue) are orange, and those innervating mainly other interneurons are pink. Axons are purple; the main synaptic terminations are yellow. Note the association of the output synapses of different interneuron types with the perisomatic region (left) and either the Schaffer collateral/commissural or the entorhinal pathway termination zones (right), respectively. VIP, vasoactive intestinal polypeptide; VGLUT, vesicular glutamate transporter; O-LM, oriens lacunosum moleculare.","Fig. 1",NULL,NULL,NULL,NULL,18599766,0,"CA1 SCA 2311?CA1 Pyr",NULL,NULL,1000630
3100156,4035,NULL,4000,NULL,"Three types of pyramidal cell are accompanied by at least 21 classes of interneuron in the hippocampal CA1 area. The main termination of five glutamatergic inputs are indicated on the left. The somata and dendrites of interneurons innervating pyramidal cells (blue) are orange, and those innervating mainly other interneurons are pink. Axons are purple; the main synaptic terminations are yellow. Note the association of the output synapses of different interneuron types with the perisomatic region (left) and either the Schaffer collateral/commissural or the entorhinal pathway termination zones (right), respectively. VIP, vasoactive intestinal polypeptide; VGLUT, vesicular glutamate transporter; O-LM, oriens lacunosum moleculare.","Fig. 1",NULL,NULL,NULL,NULL,18599766,0,"CA1 Trilam 0113p?CA1 Pyr",NULL,NULL,1000630
3100157,4036,NULL,4000,NULL,"Interestingly, different types of parvalbumin[PV]-expressing, GABA[gamma aminobutyric acid]ergic interneuron also innervate distinct subcellular domains: Axo-axonic cells {CA1 CA1 Axo-Axonic} (Fig. 1, type 1) innervate exclusively the axon-initial segment of pyramidal cells; basket cells {CA1 CA1 Basket} (Fig. 1, type 2) innervate the cell bodies and proximal dendrites; bistratified cells {CA1 CA1 Bistratified} (Fig. 1, type 5) innervate the basal and oblique dendrites co-aligned with the CA3 glutamatergic input; and oriens-lacunosum moleculare (O-LM) interneurons {CA1 CA1 O-LM} (Fig. 1, type 7) target the apical dendritic tuft aligned with the entorhinal cortical input.","p53",NULL,NULL,NULL,NULL,18599766,0,"CA1 AA?CA1 Pyr",NULL,NULL,1000632
3100158,1000,NULL,1002,NULL,"Recurrent collaterals of the CA3 region 63,64,70-73,77-81 are well acknowledged in the literature (FIG. 3), and they have been described in the other HF [hippocampal formation] subregions as well (see figure 9 in Supplementary information S4 (figure); these intrinsic recurrent networks are less extensive and are also less investigated in terms of their anatomy and function (see the Functional implications section). In the polymorphic layer of the DG [Dentate gyrus], each granule cell establishes contact with the proximal dendrites of several mossy cells, which return excitatory synapses to granule cell dendrites in the molecular layer 47,64,65,70,80,82-85. CA1 has recurrent loops that are restricted to one septotemporal level 66,69,75,76,79,86. In the subiculum, principal cells extend axon collaterals to a substantial part of the subiculum that lies ventral to the site of origin; these collaterals terminate on pyramidal cells and interneurons32,76,87,88.","p277",NULL,NULL,NULL,NULL,19300446,0,"GC?Mossy",NULL,NULL,1002821
3100159,4079,NULL,4000,NULL,"<b>Properties of interneurons determined during simultaneous wholeï¿½cell recordings from synaptically coupled pairs of cells</b><br><table><thead><tr><th></th><th>CCK?PV (<em>n</em>)</th><th>CCK?CCK (<em>n</em>)</th><th>CCK?PYR (<em>n</em>)</th></tr></thead><tbody><tr><td>Postsynaptic <em>R</em><sub>input</sub> ( M?)</td><td>181.4ï¿½21.2 (5)</td><td>139.2ï¿½14.1 (14)</td><td>47.9ï¿½7.3 (5)<sup>**</sup></td></tr><tr><td>uIPSC <em>P</em><sub><em>r</em></sub><sup><em>a</em></sup></td><td>0.37ï¿½0.7</td><td>0.23ï¿½0.84</td><td>0.54ï¿½0.96</td></tr><tr><td></td><td>(0.51ï¿½0.07) (4)</td><td>(0.54ï¿½0.08) (6)<sup><em>d</em></sup></td><td>(0.63ï¿½0.05) (6)</td></tr><tr><td>uIPSC amplitude (pA)</td><td>12.8ï¿½26.7</td><td>8.9ï¿½23.2</td><td>13.8ï¿½55.2</td></tr><tr><td></td><td>(15.2ï¿½1.8) (4)</td><td>(15.4ï¿½2.0) (6)<sup><em>d</em></sup></td><td>(27.5ï¿½3.6) (6)<sup>*</sup></td></tr><tr><td>uIPSC latency (ms)</td><td>2.48ï¿½5.7</td><td>2.7ï¿½5.7</td><td>2.1ï¿½3.6</td></tr><tr><td></td><td>(3.6ï¿½0.6) (4)</td><td>(3.7ï¿½0.5) (7)</td><td>(3.1ï¿½0.3) (6)</td></tr><tr><td>Decay time constant of asynchronous release, ?<sub>Dï¿½asynch</sub> (ms)<sup><em>c</em></sup></td><td>922ï¿½1398</td><td>212ï¿½1095</td><td>88ï¿½2013</td></tr><tr><td></td><td>(1104ï¿½148) (3)</td><td>(684ï¿½177) (5)</td><td>(725ï¿½297) (6)</td></tr><tr><td>Asynch/synch<sup><em>c</em></sup> release ratio</td><td>1.5ï¿½16.7</td><td>2.5ï¿½28.8</td><td>3.5ï¿½12.2</td></tr><tr><td></td><td>(10.8ï¿½4.7) (3)</td><td>(8.1ï¿½4.2) (5)</td><td>(5.9ï¿½1.7) (6)</td></tr></tbody></table><ul><li><sup><em>a </em></sup>Determined as the percentage of trials (from totals of 50ï¿½195 trials per pair) on which a presynaptic action potential induced a uIPSC in the paired postsynaptic cell.<br></li><li><sup><em>b </em></sup>Excludes one CCK?CCK pair with very large uIPSC amplitude (mean, 122.1ï¿½6.82 pA; <em>n</em>=139).<br></li><li><sup><em>c </em></sup>Asynchronous (asynch) release was induced by 0.5 s presynaptic action potential trains at 50 Hz and was quantified as the integral of the mean current trace from 15 trials per pair taken after the stimulation ended. Synchronous (synch) release was determined as the integral of the means of the first five stimuli in the same stimulus trains. Essentially no asynchronous release occurred during the first five stimuli.<br></li><li>*<sup>,</sup>**Significant difference from the other two groups at <em>p</em> &lt; 0.05 and <em>p</em> &lt; 0.005, respectively. Oneï¿½way ANOVA, followed by pairwise multiple comparisons, was used. There were no significant differences in any other rows.</li></ul>","Table 3",NULL,NULL,NULL,NULL,19339609,0,"CA1 Basket CCK+ (-)2232?CA1 Pyramidal (+)2223p",NULL,"3100159.png",2000022
3100160,4079,NULL,4078,NULL,"<b>Properties of interneurons determined during simultaneous wholeï¿½cell recordings from synaptically coupled pairs of cells</b><br><table><thead><tr><th></th><th>CCK?PV (<em>n</em>)</th><th>CCK?CCK (<em>n</em>)</th><th>CCK?PYR (<em>n</em>)</th></tr></thead><tbody><tr><td>Postsynaptic <em>R</em><sub>input</sub> ( M?)</td><td>181.4ï¿½21.2 (5)</td><td>139.2ï¿½14.1 (14)</td><td>47.9ï¿½7.3 (5)<sup>**</sup></td></tr><tr><td>uIPSC <em>P</em><sub><em>r</em></sub><sup><em>a</em></sup></td><td>0.37ï¿½0.7</td><td>0.23ï¿½0.84</td><td>0.54ï¿½0.96</td></tr><tr><td></td><td>(0.51ï¿½0.07) (4)</td><td>(0.54ï¿½0.08) (6)<sup><em>d</em></sup></td><td>(0.63ï¿½0.05) (6)</td></tr><tr><td>uIPSC amplitude (pA)</td><td>12.8ï¿½26.7</td><td>8.9ï¿½23.2</td><td>13.8ï¿½55.2</td></tr><tr><td></td><td>(15.2ï¿½1.8) (4)</td><td>(15.4ï¿½2.0) (6)<sup><em>d</em></sup></td><td>(27.5ï¿½3.6) (6)<sup>*</sup></td></tr><tr><td>uIPSC latency (ms)</td><td>2.48ï¿½5.7</td><td>2.7ï¿½5.7</td><td>2.1ï¿½3.6</td></tr><tr><td></td><td>(3.6ï¿½0.6) (4)</td><td>(3.7ï¿½0.5) (7)</td><td>(3.1ï¿½0.3) (6)</td></tr><tr><td>Decay time constant of asynchronous release, ?<sub>Dï¿½asynch</sub> (ms)<sup><em>c</em></sup></td><td>922ï¿½1398</td><td>212ï¿½1095</td><td>88ï¿½2013</td></tr><tr><td></td><td>(1104ï¿½148) (3)</td><td>(684ï¿½177) (5)</td><td>(725ï¿½297) (6)</td></tr><tr><td>Asynch/synch<sup><em>c</em></sup> release ratio</td><td>1.5ï¿½16.7</td><td>2.5ï¿½28.8</td><td>3.5ï¿½12.2</td></tr><tr><td></td><td>(10.8ï¿½4.7) (3)</td><td>(8.1ï¿½4.2) (5)</td><td>(5.9ï¿½1.7) (6)</td></tr></tbody></table><ul><li><sup><em>a </em></sup>Determined as the percentage of trials (from totals of 50ï¿½195 trials per pair) on which a presynaptic action potential induced a uIPSC in the paired postsynaptic cell.<br></li><li><sup><em>b </em></sup>Excludes one CCK?CCK pair with very large uIPSC amplitude (mean, 122.1ï¿½6.82 pA; <em>n</em>=139).<br></li><li><sup><em>c </em></sup>Asynchronous (asynch) release was induced by 0.5 s presynaptic action potential trains at 50 Hz and was quantified as the integral of the mean current trace from 15 trials per pair taken after the stimulation ended. Synchronous (synch) release was determined as the integral of the means of the first five stimuli in the same stimulus trains. Essentially no asynchronous release occurred during the first five stimuli.<br></li><li>*<sup>,</sup>**Significant difference from the other two groups at <em>p</em> &lt; 0.05 and <em>p</em> &lt; 0.005, respectively. Oneï¿½way ANOVA, followed by pairwise multiple comparisons, was used. There were no significant differences in any other rows.</li></ul>","Table 3",NULL,NULL,NULL,NULL,19339609,0,"CA1 Basket CCK+ (-)2232?CA1 Basket (-)2232",NULL,"3100160.png",2000022
3100161,4079,NULL,4079,NULL,"<b>Properties of interneurons determined during simultaneous wholeï¿½cell recordings from synaptically coupled pairs of cells</b><br><table><thead><tr><th></th><th>CCK?PV (<em>n</em>)</th><th>CCK?CCK (<em>n</em>)</th><th>CCK?PYR (<em>n</em>)</th></tr></thead><tbody><tr><td>Postsynaptic <em>R</em><sub>input</sub> ( M?)</td><td>181.4ï¿½21.2 (5)</td><td>139.2ï¿½14.1 (14)</td><td>47.9ï¿½7.3 (5)<sup>**</sup></td></tr><tr><td>uIPSC <em>P</em><sub><em>r</em></sub><sup><em>a</em></sup></td><td>0.37ï¿½0.7</td><td>0.23ï¿½0.84</td><td>0.54ï¿½0.96</td></tr><tr><td></td><td>(0.51ï¿½0.07) (4)</td><td>(0.54ï¿½0.08) (6)<sup><em>d</em></sup></td><td>(0.63ï¿½0.05) (6)</td></tr><tr><td>uIPSC amplitude (pA)</td><td>12.8ï¿½26.7</td><td>8.9ï¿½23.2</td><td>13.8ï¿½55.2</td></tr><tr><td></td><td>(15.2ï¿½1.8) (4)</td><td>(15.4ï¿½2.0) (6)<sup><em>d</em></sup></td><td>(27.5ï¿½3.6) (6)<sup>*</sup></td></tr><tr><td>uIPSC latency (ms)</td><td>2.48ï¿½5.7</td><td>2.7ï¿½5.7</td><td>2.1ï¿½3.6</td></tr><tr><td></td><td>(3.6ï¿½0.6) (4)</td><td>(3.7ï¿½0.5) (7)</td><td>(3.1ï¿½0.3) (6)</td></tr><tr><td>Decay time constant of asynchronous release, ?<sub>Dï¿½asynch</sub> (ms)<sup><em>c</em></sup></td><td>922ï¿½1398</td><td>212ï¿½1095</td><td>88ï¿½2013</td></tr><tr><td></td><td>(1104ï¿½148) (3)</td><td>(684ï¿½177) (5)</td><td>(725ï¿½297) (6)</td></tr><tr><td>Asynch/synch<sup><em>c</em></sup> release ratio</td><td>1.5ï¿½16.7</td><td>2.5ï¿½28.8</td><td>3.5ï¿½12.2</td></tr><tr><td></td><td>(10.8ï¿½4.7) (3)</td><td>(8.1ï¿½4.2) (5)</td><td>(5.9ï¿½1.7) (6)</td></tr></tbody></table><ul><li><sup><em>a </em></sup>Determined as the percentage of trials (from totals of 50ï¿½195 trials per pair) on which a presynaptic action potential induced a uIPSC in the paired postsynaptic cell.<br></li><li><sup><em>b </em></sup>Excludes one CCK?CCK pair with very large uIPSC amplitude (mean, 122.1ï¿½6.82 pA; <em>n</em>=139).<br></li><li><sup><em>c </em></sup>Asynchronous (asynch) release was induced by 0.5 s presynaptic action potential trains at 50 Hz and was quantified as the integral of the mean current trace from 15 trials per pair taken after the stimulation ended. Synchronous (synch) release was determined as the integral of the means of the first five stimuli in the same stimulus trains. Essentially no asynchronous release occurred during the first five stimuli.<br></li><li>*<sup>,</sup>**Significant difference from the other two groups at <em>p</em> &lt; 0.05 and <em>p</em> &lt; 0.005, respectively. Oneï¿½way ANOVA, followed by pairwise multiple comparisons, was used. There were no significant differences in any other rows.</li></ul>","Table 3",NULL,NULL,NULL,NULL,19339609,0,"CA1 Basket CCK+ (-)2232?CA1 Basket CCK+ (-)2232",NULL,"3100161.png",2000022
3100162,4078,NULL,4079,NULL,"We observed many axosomatic, axodendritic, and axoaxonic synapses between CCK and PV cells at both light and ultrastructural levels, as well as CCK?PV (? designates presynaptic to postsynaptic polarity) GABAAergic synaptic transmission, although only morphological evidence for PV?CCK synapses.","p4141",NULL,NULL,NULL,NULL,19339609,0,"CA1 Basket (-)2232?CA1 Basket CCK+ (-)2232",NULL,NULL,2000023
3100163,1000,NULL,2000,NULL,"[Dentate gyrus granule neuron] MFs [mossy fibers] form two major types of synapse in the stratum lucidum of the CA3, and these two types display a high degree of target selectivity and functional specialization. Namely, the unusually large (3-6 microm; so-called giant) MF terminals innervate primarily pyramidal cells, whereas small filopodia emanating from the giant terminals and small en passant boutons contact GABAergic cells (Acsady et al., 1998).","p4239",NULL,NULL,NULL,NULL,19339618,0,"GC?CA3 Pyr",NULL,NULL,1000480
3100164,1000,NULL,2043,NULL,"MFs [mossy fibers] are monosynaptically connected to FSBCs [fast-spiking basket cells] in CA3. A, Dendritic (gray) and axonal (black) arborizations, firing pattern, and immunoreactivities of a representative FSBC that received monosynaptic MF inputs. Circle graph indicates the relative proportion of the FSBCs (shaded black in the circle graph) that received monosynaptic inputs from MFs of the 14 MF-FSBC pairs (BIO, biocytin; ori, stratum oriens; pyr, stratum pyramidale; luc, stratum lucidum) (calibration for the firing pattern: 20 mV, 200 ms). ? C, An example FSBC in the CA3 that received MF-EPSC and had significant axonal innervations of the DG granule cell layer (black, axon; gray, dendrite).","Fig. 2A,C",NULL,NULL,NULL,NULL,19339618,0,"GC?CA3 Basket",NULL,NULL,1000486
3100165,1000,NULL,2044,NULL,"MFs [mossy fibers] are monosynaptically connected to RSBCs [regular-spiking basket cells] in CA3. A, Dendritic (gray) and axonal (black) arborizations, firing pattern, and immunoreactivities of a representative RSBC that received monosynaptic MF inputs. Circle graph indicates the relative proportion of the RSBCs (shaded black in the circle graph) that were monosynaptically connected to presynaptic MFs from the 29 tested MF-RSBC pairs (BIO, biocytin; ori, stratum oriens; pyr, stratum pyramidale; luc, stratum lucidum) (calibration for the firingpattern: 20 mV, 200 ms).","Fig. 3A",NULL,NULL,NULL,NULL,19339618,0,"GC?CA3 Basket CCK+",NULL,NULL,1000489
3100166,2046,NULL,2000,NULL,"However, in contrast to hippocampal neurogliaform cells (Price et al., 2005), [CA3] IvyCs [ivy cells] release GABA onto the proximal dendritic region of pyramidal cells as they innervate the inner portion of stratum radiatum and stratum oriens (Fuentealba et al., 2008). The most characteristic property of IvyCs was their dense axonal arborization in strata radiatum and oriens forming small and frequent boutons (all IvyCs showed the latter property) (supplemental Fig. 5A,C,D, available at www.jneurosci.org as supplemental material) (note that the present data comprise the first description of IvyCs out side of the CA1 region).","p4243",NULL,NULL,NULL,NULL,19339618,0,"CA3 Ivy?CA3 Pyr",NULL,NULL,1000498
3100167,1000,NULL,2046,NULL,"MFs [mossy fibers] are monosynaptically connected to IvyCs [ivy cells] in CA3. A, Axonal arborization, firing pattern, and immunoreactivities of a representative IvyC. Circle graph indicates the relative proportion of the IvyCs (shaded black in the circle graph) that received monosynaptic inputs from MFs of the 30 MF-IvyC pairs (BIO, biocytin; ori, stratum oriens; pyr, stratum pyramidale; luc, stratum lucidum; rad, stratum radiatum) (calibration for the firing pattern: 20 mV, 200 ms).","Fig. 4A",NULL,NULL,NULL,NULL,19339618,0,"GC?CA3 Ivy",NULL,NULL,1000504
3100168,1000,NULL,2019,NULL,"MFs [mossy fibers] are monosynaptically connected to SLCs [spiny lucidum cells] in CA3. A, Dendritic (gray) and axonal (black arborizations firing pattern, the spiny dendritic surface, and immunoreactivities of a representative SLC that received monosynaptic MF inputs. Note that the SLC dendrites aligned with the stratum lucidum. Asterisk marks the severed main (presumably long distance-projecting) axon of the SLC on the surface of the slice. Circle graph indicates the relative proportion of the SLCs (shaded black in the circle graph) that received monosynaptic input from MFs of the 46 MF?SLC pairs (BIO, biocytin; ori, stratum oriens; pyr, stratum pyramidale; luc, stratum lucidum) (calibration for the firing pattern: 20 mV, 200 ms). B, Top (gray), Average action potential trace from a MF that was monosynaptically connected to a SLC. Middle traces (black), Representative single traces from three SLCs that received monosynaptic inputs from MFs. Bottom (black), Average MF-evoked responses from all SLCs that received monosynaptic MF inputs (see C) (the average of the average responses from all 15 connected pairs is shown). Dashed lines indicate the peak of presynaptic action potentials and asterisks mark monosynaptic events in SLCs. Note the relatively frequent spontaneous events on the single traces. C, Synaptic connections from MFs could be observed in SLCs, mostly only during long trains of presynaptic stimulation because of low initial transmission probabilities. C1, Postsynaptic trace in a SLC in response to stimulation of presynaptic MF with 50 action potentials at 50 Hz. C2, Probability of monosynaptic EPSCs in SLCs (n = 15) during long presynaptic MF trains (plot aligned with presynaptic action potentials on the top in C1; same frequency and number of action potentials as in sample trace). Asterisks mark significant differences (paired Wilcoxon test; p < 0.05 or smaller). C3, Superimposed presynaptic action potentials (top) and postsynaptic responses (bottom). Note the change in the width of the action potentials characteristic for MFs and the variability of the amplitude of the evoked events. D, An example SLC that projected from the CA3 to the DG. Note that the main axon exited the surface of the slice (asterisk).","Fig. 5A,D",NULL,NULL,NULL,NULL,19339618,0,"GC?CA3 Spiny lucidum cell",NULL,NULL,1000507
3100169,1000,NULL,2019,NULL,"Similar to FSBCs [fast-spiking basket cells], SLCs [spiny lucidum cells] also receive numerous MF [mossy fiber] inputs. The unique dendritic orientation of SLCs along the strata lucidum suggests that MFs may be a primary source of synaptic excitation in this septum-projecting GABAergic cell type (Wittner et al., 2006).","p4249",NULL,NULL,NULL,NULL,19339618,0,"GC?CA3 Spiny lucidum cell",NULL,NULL,1000519
3100170,1000,NULL,2043,NULL,"Similar to FSBCs [fast-spiking basket cells], SLCs [spiny lucidum cells] also receive numerous MF [mossy fiber] inputs. The unique dendritic orientation of SLCs along the strata lucidum suggests that MFs may be a primary source of synaptic excitation in this septum-projecting GABAergic cell type (Wittner et al., 2006).","p4249",NULL,NULL,NULL,NULL,19339618,0,"GC?CA3 Basket PV",NULL,NULL,1000519
3100171,1000,NULL,2036,NULL,"CA3-specific MFAs were not found to be monosynaptically innervated by MFs. Dendritic (gray) and axonal (black) arborizations, firing pattern, and immunoreactivities of a representative MFA (abbreviations same as in Fig. 3A). Note that the majority of the axons are located in the stratum lucidum and in the hilus, and also that the dendrites are not aligned with the mossy fiber pathway.","p4246",NULL,NULL,NULL,NULL,19339618,0,"DG Granule (+)2201p?CA3 Mossy Fiber-Associated (-)03330p-DG_0001",NULL,NULL,2000032
3100172,4023,NULL,4000,NULL,"At least 12 types of GABAergic interneuron divided into four cell groups innervate dendrites of CA1 pyramidal cells. The main termination of five glutamatergic inputs are indicated on the left. The somata and dendrites of interneurons innervating pyramidal cell (orange) dendrites are coloured according to four cell groups. Axons and the main synaptic terminations are yellow. Note the association of the output synapses of different interneuron types with either the Schaffer collateral/commissural or the entorhinal pathway termination zones. Abbreviations: str., stratum; lac. mol., lacunosum moleculare; pyr., pyramidale; or., oriens; g., gyrus; O-LM, oriens lacunosum-moleculare; PP, perforant path; retrohippoc., retrohippocampal projecting.","Fig. 1",NULL,NULL,NULL,NULL,19735288,0,"CA1 Back Proj?CA1 Pyr",NULL,NULL,1000573
3100173,4080,NULL,4000,NULL,"At least 12 types of GABAergic interneuron divided into four cell groups innervate dendrites of CA1 pyramidal cells. The main termination of five glutamatergic inputs are indicated on the left. The somata and dendrites of interneurons innervating pyramidal cell (orange) dendrites are coloured according to four cell groups. Axons and the main synaptic terminations are yellow. Note the association of the output synapses of different interneuron types with either the Schaffer collateral/commissural or the entorhinal pathway termination zones. Abbreviations: str., stratum; lac. mol., lacunosum moleculare; pyr., pyramidale; or., oriens; g., gyrus; O-LM, oriens lacunosum-moleculare; PP, perforant path; retrohippoc., retrohippocampal projecting.","Fig. 1",NULL,NULL,NULL,NULL,19735288,0,"CA1 Bistratified?CA1 Pyr",NULL,NULL,1000573
3100174,4081,NULL,4000,NULL,"At least 12 types of GABAergic interneuron divided into four cell groups innervate dendrites of CA1 pyramidal cells. The main termination of five glutamatergic inputs are indicated on the left. The somata and dendrites of interneurons innervating pyramidal cell (orange) dendrites are coloured according to four cell groups. Axons and the main synaptic terminations are yellow. Note the association of the output synapses of different interneuron types with either the Schaffer collateral/commissural or the entorhinal pathway termination zones. Abbreviations: str., stratum; lac. mol., lacunosum moleculare; pyr., pyramidale; or., oriens; g., gyrus; O-LM, oriens lacunosum-moleculare; PP, perforant path; retrohippoc., retrohippocampal projecting.","Fig. 1",NULL,NULL,NULL,NULL,19735288,0,"CA1 Ivy?CA1 Pyr",NULL,NULL,1000573
3100175,4012,NULL,4000,NULL,"At least 12 types of GABAergic interneuron divided into four cell groups innervate dendrites of CA1 pyramidal cells. The main termination of five glutamatergic inputs are indicated on the left. The somata and dendrites of interneurons innervating pyramidal cell (orange) dendrites are coloured according to four cell groups. Axons and the main synaptic terminations are yellow. Note the association of the output synapses of different interneuron types with either the Schaffer collateral/commissural or the entorhinal pathway termination zones. Abbreviations: str., stratum; lac. mol., lacunosum moleculare; pyr., pyramidale; or., oriens; g., gyrus; O-LM, oriens lacunosum-moleculare; PP, perforant path; retrohippoc., retrohippocampal projecting.","Fig. 1",NULL,NULL,NULL,NULL,19735288,0,"CA1 NG 3000?CA1 Pyr",NULL,NULL,1000573
3100176,4069,NULL,4000,NULL,"At least 12 types of GABAergic interneuron divided into four cell groups innervate dendrites of CA1 pyramidal cells. The main termination of five glutamatergic inputs are indicated on the left. The somata and dendrites of interneurons innervating pyramidal cell (orange) dendrites are coloured according to four cell groups. Axons and the main synaptic terminations are yellow. Note the association of the output synapses of different interneuron types with either the Schaffer collateral/commissural or the entorhinal pathway termination zones. Abbreviations: str., stratum; lac. mol., lacunosum moleculare; pyr., pyramidale; or., oriens; g., gyrus; O-LM, oriens lacunosum-moleculare; PP, perforant path; retrohippoc., retrohippocampal projecting.","Fig. 1",NULL,NULL,NULL,NULL,19735288,0,"CA1 O-LM?CA1 Pyr",NULL,NULL,1000573
3100177,4006,NULL,4000,NULL,"At least 12 types of GABAergic interneuron divided into four cell groups innervate dendrites of CA1 pyramidal cells. The main termination of five glutamatergic inputs are indicated on the left. The somata and dendrites of interneurons innervating pyramidal cell (orange) dendrites are coloured according to four cell groups. Axons and the main synaptic terminations are yellow. Note the association of the output synapses of different interneuron types with either the Schaffer collateral/commissural or the entorhinal pathway termination zones. Abbreviations: str., stratum; lac. mol., lacunosum moleculare; pyr., pyramidale; or., oriens; g., gyrus; O-LM, oriens lacunosum-moleculare; PP, perforant path; retrohippoc., retrohippocampal projecting.","Fig. 1",NULL,NULL,NULL,NULL,19735288,0,"CA1 PPA 3200p?CA1 Pyr",NULL,NULL,1000573
3100178,4015,NULL,4000,NULL,"At least 12 types of GABAergic interneuron divided into four cell groups innervate dendrites of CA1 pyramidal cells. The main termination of five glutamatergic inputs are indicated on the left. The somata and dendrites of interneurons innervating pyramidal cell (orange) dendrites are coloured according to four cell groups. Axons and the main synaptic terminations are yellow. Note the association of the output synapses of different interneuron types with either the Schaffer collateral/commissural or the entorhinal pathway termination zones. Abbreviations: str., stratum; lac. mol., lacunosum moleculare; pyr., pyramidale; or., oriens; g., gyrus; O-LM, oriens lacunosum-moleculare; PP, perforant path; retrohippoc., retrohippocampal projecting.","Fig. 1",NULL,NULL,NULL,NULL,19735288,0,"CA1 SCA 2311?CA1 Pyr",NULL,NULL,1000573
3100179,4035,NULL,4000,NULL,"At least 12 types of GABAergic interneuron divided into four cell groups innervate dendrites of CA1 pyramidal cells. The main termination of five glutamatergic inputs are indicated on the left. The somata and dendrites of interneurons innervating pyramidal cell (orange) dendrites are coloured according to four cell groups. Axons and the main synaptic terminations are yellow. Note the association of the output synapses of different interneuron types with either the Schaffer collateral/commissural or the entorhinal pathway termination zones. Abbreviations: str., stratum; lac. mol., lacunosum moleculare; pyr., pyramidale; or., oriens; g., gyrus; O-LM, oriens lacunosum-moleculare; PP, perforant path; retrohippoc., retrohippocampal projecting.","Fig. 1",NULL,NULL,NULL,NULL,19735288,0,"CA1 Trilam 0113p?CA1 Pyr",NULL,NULL,1000573
3100180,4069,NULL,4000,NULL,"O-LM cells {CA1 CA1 O-LM} (no. 1, Fig. 1) In the CA1 area, O-LM [oriens--lacunosum-moleculare] cells {CA1 CA1 O-LM} are located in stratum oriens and have horizontally extending dendrites with hairy spines on distal segments. The axons of O-LM cells give few collaterals in stratum oriens but project mainly through the strata pyramidale and radiatum to branch heavily in stratum lacunosum-moleculare (Ramon y Cajal, 1893; McBain et al.,1994; Sik et al., 1995; Maccaferri & McBain, 1996), matching the glutamatergic input from the entorhinal cortex and thalamus. The axons give some collaterals also in the deep stratum radiatum but do not cross the fissure to the dentate gyrus (Fig. 2F). The main glutamatergic input to O-LM cells {CA1 CA1 O-LM} arises from local CA1 pyramidal cells {CA1 CA1 Pyramidal} (Blasco-Ibanez & Freund, 1995) and O-LM cells in turn project to the apical tuft of CA1 pyramidal cells and other interneurons (Katona et al., 1999a; Maccaferri et al., 2000).","p948",NULL,NULL,NULL,NULL,19735288,0,"CA1 O-LM?CA1 Pyr",NULL,NULL,1000547
3100181,4000,NULL,4069,NULL,"O-LM cells {CA1 CA1 O-LM} (no. 1, Fig. 1) In the CA1 area, O-LM [oriens--lacunosum-moleculare] cells {CA1 CA1 O-LM} are located in stratum oriens and have horizontally extending dendrites with hairy spines on distal segments. The axons of O-LM cells give few collaterals in stratum oriens but project mainly through the strata pyramidale and radiatum to branch heavily in stratum lacunosum-moleculare (Ramon y Cajal, 1893; McBain et al.,1994; Sik et al., 1995; Maccaferri & McBain, 1996), matching the glutamatergic input from the entorhinal cortex and thalamus. The axons give some collaterals also in the deep stratum radiatum but do not cross the fissure to the dentate gyrus (Fig. 2F). The main glutamatergic input to O-LM cells {CA1 CA1 O-LM} arises from local CA1 pyramidal cells {CA1 CA1 Pyramidal} (Blasco-Ibanez & Freund, 1995) and O-LM cells in turn project to the apical tuft of CA1 pyramidal cells and other interneurons (Katona et al., 1999a; Maccaferri et al., 2000).","p948",NULL,NULL,NULL,NULL,19735288,0,"CA1 Pyr?CA1 O-LM",NULL,NULL,1000548
3100182,4080,NULL,4000,NULL,"Distinct spike timing of a [CA1] bistratified {CA1 CA1 Bistratified} and an O-LM[oriens--lacunosum-moleculare] {CA1 CA1 O-LM} interneuron during gamma oscillations. (A) Reconstruction of the neurobiotin-labelled soma and dendrites (red; shown complete) and axons (yellow; shown from only five 70-[micro]m-thick sections). A pyramidal cell is superimposed in blue for orientation (different scale and animal). (B) Light micrograph of putative dendritic self-innervation sites (red arrow in A). Black and red arrowheads mark axon and dendrite, respectively. (C) Electron micrograph showing a terminal of the same bistratified cell (black) making a type 2 synapse (arrow) with an oblique pyramidal dendrite (dend). (D) Extracellularly recorded action potentials (APs, top) and local field potentials (LFP, bottom, recorded extracellularly with a second electrode in SP) with filtered gamma oscillations (bandpass 30-80 Hz; middle). The bistratified cell fires preferentially at the ascending gamma phase. (E) Average discharge rates as a function of gamma phase (per 36 bin; two cycles are shown with troughs at 0 [degrees], 360 [degrees] and 720 [degrees]). (F) Reconstructions of the neurobiotin-labelled somata and dendrites (red; shown complete) and axons (yellow; shown from only 12 70-[micro]m-thick sections). (G) The neurobiotin-labelled O-LM cell {CA1 CA1 O-LM} is immunopositive for PV[parvalbumin], somatostatin and mGluR1a. (H) Extracellularly recorded action potentials (APs, top) and local field potentials (LFP, bottom, recorded extracellularly with a second electrode in SP) with filtered gamma oscillations (bandpass 30-80 Hz; middle). The O-LM cell firing is not coupled to any particular gamma phase. (I) Average discharge rates as a function of gamma phase (per 36 bin; two cycles are shown). SLM, stratum lacunosum moleculare; SR, stratum radiatum; SP, stratum pyramidale; SO, stratum oriens. Scale bars: A, 100 [micro]m; B, 10 [micro]m; C, 0.2 [micro]m; D, horizontal 0.05 s; vertical from top to bottom 2 mV, 0.2 mV, 0.2 mV; F, 100 [micro]m; G,10 [micro]m; H, horizontal 0.1 s; vertical from top to bottom 0.2 mV, 0.1 mV, 0.4 mV. Reproduced, with permission, from Tukker et al. (2007).","Fig. 2",NULL,NULL,NULL,NULL,19735288,0,"CA1 Bistratified?CA1 Pyr",NULL,NULL,1000549
3100183,4080,NULL,4000,NULL,"The axonal arborization of bistratified cells {CA1 CA1 Bistratified} [CA1] (Buhl et al., 1994; Pawelzik et al., 1997) overlaps with the glutamatergic input from CA3 pyramidal cells in stratum radiatum and oriens (Fig. 2A). This two-layered axonal arrangement gives the cell its name. Bistratified cells make GABA[gamma aminobutyric-acid]ergic synapses with basal and oblique dendrites of CA1 pyramidal cells (Buhl et al., 1994; Maccaferri et al., 2000; Pawelzik et al., 2002; Klausberger et al., 2004). Their somata are mainly located in stratum pyramidale, but oriens-bistratified cells with somata and horizontally running dendrites in stratum oriens have also been reported (Maccaferri et al., 2000). The dendrites of bistratified cells in stratum pyramidale extend widely in the strata oriens and radiatum and form connexin36-containing gap junctions with other interneurons (Baude et al., 2007). In contrast to basket and axo-axonic cells, the dendrites of bistratified cells do not enter stratum lacunosum-moleculare but often bend back at the radiatum/lacunosum-moleculare border (Fig. 2A).","p949",NULL,NULL,NULL,NULL,19735288,0,"CA1 Bistratified?CA1 Pyr",NULL,NULL,1000550
3100184,4080,NULL,4000,NULL,"Bistratified cells (no. 2, Fig. 1) The axonal arborization of bistratified cells (Buhl et al., 1994; Pawelzik et al., 1997) overlaps with the glutamatergic input from CA3 pyramidal cells in stratum radiatum and oriens (Fig. 2A). This two-layered axonal arrangement gives the cell its name. Bistratified cells make GABAergic synapses with basal and oblique dendrites of CA1 pyramidal cells (Buhl et al., 1994; Maccaferri et al., 2000; Pawelzik et al., 2002; Klausberger et al., 2004). Their somata are mainly located in stratum pyramidale, but oriens-bistratified cells with somata and horizontally running dendrites in stratum oriens have also been reported (Maccaferri et al., 2000). The dendrites of bistratified cells in stratum pyramidale extend widely in the strata oriens and radiatum and form connexin36-containing gap junctions with other interneurons (Baude et al., 2007). In contrast to basket and axo-axonic cells, the dendrites of bistratified cells do not enter stratum lacunosum-moleculare but often bend back at the radiatum/lacunosum-moleculare border (Fig. 2A).","p949",NULL,NULL,NULL,NULL,19735288,0,"CA1 Bistratified?CA1 Pyr",NULL,NULL,1000579
3100185,4015,NULL,4000,NULL,"Schaffer collateral-associated cells (no. 3, Fig. 1) The somata of Schaffer collateral-associated cells are located mainly in stratum radiatum with dendrites spanning all layers. The axons of these cells innervate the oblique and to a lesser extent basal dendrites of CA1 pyramidal cells and interneurons in stratum radiatum and oriens, matching the excitatory input from CA3 pyramidal cells, giving the cell its name. In contrast to bistratified cells, the axons of Schaffer collateral associated cells are concentrated more in stratum radiatum than in stratum oriens (Cossart et al., 1998; Vida et al., 1998; Cope et al., 2002; Pawelzik et al., 2002).","p949",NULL,NULL,NULL,NULL,19735288,0,"CA1 SCA 2311?CA1 Pyr",NULL,NULL,1000582
3100186,4069,NULL,4000,NULL,"Perforant path-associated cells (no. 5, Fig. 1) The cell bodies of perforant path-associated cells (Fig. 3) are often located at the stratum radiatum/lacunosum moleculare border and their dendrites can either cover all layers or remain in stratum lacunosum moleculare and adjacent stratum radiatum. The axons of this cell type are concentrated in stratum lacunosum moleculare, overlapping with the excitatory perforant path input from the entorhinal cortex, giving the cell its name (Hajos & Mody, 1997; Cossart et al., 1998; Vida et al., 1998; Pawelzik et al., 2002; Klausberger et al., 2005). Thus, the axons of both O-LM and perforant path-associated cells innervate the apical tuft of CA1 pyramidal cells.","p950",NULL,NULL,NULL,NULL,19735288,0,"CA1 O-LM?CA1 Pyr",NULL,NULL,1000591
3100187,4069,NULL,4000,NULL,"Perforant path-associated cells (no. 5, Fig. 1) The cell bodies of perforant path-associated cells (Fig. 3) are often located at the stratum radiatum/lacunosum moleculare border and their dendrites can either cover all layers or remain in stratum lacunosum moleculare and adjacent stratum radiatum. The axons of this cell type are concentrated in stratum lacunosum moleculare, overlapping with the excitatory perforant path input from the entorhinal cortex, giving the cell its name (Hajos & Mody, 1997; Cossart et al., 1998; Vida et al., 1998; Pawelzik et al., 2002; Klausberger et al., 2005). Thus, the axons of both O-LM and perforant path-associated cells innervate the apical tuft of CA1 pyramidal cells.","p950",NULL,NULL,NULL,NULL,19735288,0,"CA1 O-LM?CA1 Pyr",NULL,NULL,1000592
3100188,4006,NULL,4000,NULL,"Perforant path-associated cells (no. 5, Fig. 1) The cell bodies of perforant path-associated cells (Fig. 3) are often located at the stratum radiatum/lacunosum moleculare border and their dendrites can either cover all layers or remain in stratum lacunosum moleculare and adjacent stratum radiatum. The axons of this cell type are concentrated in stratum lacunosum moleculare, overlapping with the excitatory perforant path input from the entorhinal cortex, giving the cell its name (Hajos & Mody, 1997; Cossart et al., 1998; Vida et al., 1998; Pawelzik et al., 2002; Klausberger et al., 2005). Thus, the axons of both O-LM and perforant path-associated cells innervate the apical tuft of CA1 pyramidal cells.","p950",NULL,NULL,NULL,NULL,19735288,0,"CA1 PPA 3200p?CA1 Pyr",NULL,NULL,1000592
3100189,4081,NULL,4000,NULL,"In contrast to neurogliaform cells innervating the apical tuft of pyramidal cells, the very dense axons of ivy cells {CA1 CA1 Ivy} (Fig. 4), resembling the thick branching of this plant, cover stratum oriens and radiatum [CA1], making synapses onto the basal and oblique dendrites of pyramidal cells (Fuentealba et al., 2008; Szabadics & Soltesz, 2009). The cell bodies of ivy cells {CA1 CA1 Ivy} are located in stratum pyramidale and radiatum and the usually short dendrites can cover all layers.","p951",NULL,NULL,NULL,NULL,19735288,0,"CA1 Ivy?CA1 Pyr",NULL,NULL,1000605
3100190,4035,NULL,4000,NULL,"Trilaminar cells (no. 9, Fig. 1) Trilaminar cell (Sik et al., 1995; Ferraguti et al., 2005) somata are located in the stratum oriens with horizontally running dendrites. It should be noted that this distinct cell type is not simply defined by axonal arborizations in three layers (strata oriens, pyramidale and radiatum), because many other distinct interneurons innervate the same layers. Trilaminar cells not only innervate the dendrites but also to a lesser extent the somata of CA1 pyramidal cells.","p952",NULL,NULL,NULL,NULL,19735288,0,"CA1 Trilam 0113p?CA1 Pyr",NULL,NULL,1000606
3100191,4023,NULL,4000,NULL,"All types of interneuron innervating apical tufts of pyramidal cells in lacunosum-moleculare reduce firing during ripple oscillations ... O-LM (Klausberger et al., 2003), CCK-expressing perforant path-associated (Klausberger et al., 2005) and radiatum retrohippocampal projecting cells (Jinno et al., 2007) all reduce their firing during ripple oscillations (for the neurogliaform cells no published data are available at this time). This is remarkable because the apical tuft of pyramidal cells in stratum lacunosum-moleculare, receiving excitatory input from the entorhinal cortex and thalamus, has not been a major subject of investigation in connection to sharp wave-associated ripples. Ripples in the CA1 area are generated by strong excitatory input from CA3 pyramidal cells innervating the basal and oblique CA1 pyramidal cell dendrites in strata oriens and radiatum (Csicsvari et al., 2000). The activity of layer 3 principal cells in the entorhinal cortex projecting to CA1 stratum lacunosum-moleculare during ripple oscillations in the CA1 hippocampus has not yet been determined.","p953",NULL,NULL,NULL,NULL,19735288,0,"CA1 Back Proj?CA1 Pyr",NULL,NULL,1000618
3100192,4069,NULL,4000,NULL,"All types of interneuron innervating apical tufts of pyramidal cells in lacunosum-moleculare reduce firing during ripple oscillations ... O-LM (Klausberger et al., 2003), CCK-expressing perforant path-associated (Klausberger et al., 2005) and radiatum retrohippocampal projecting cells (Jinno et al., 2007) all reduce their firing during ripple oscillations (for the neurogliaform cells no published data are available at this time). This is remarkable because the apical tuft of pyramidal cells in stratum lacunosum-moleculare, receiving excitatory input from the entorhinal cortex and thalamus, has not been a major subject of investigation in connection to sharp wave-associated ripples. Ripples in the CA1 area are generated by strong excitatory input from CA3 pyramidal cells innervating the basal and oblique CA1 pyramidal cell dendrites in strata oriens and radiatum (Csicsvari et al., 2000). The activity of layer 3 principal cells in the entorhinal cortex projecting to CA1 stratum lacunosum-moleculare during ripple oscillations in the CA1 hippocampus has not yet been determined.","p953",NULL,NULL,NULL,NULL,19735288,0,"CA1 O-LM?CA1 Pyr",NULL,NULL,1000618
3100193,4006,NULL,4000,NULL,"All types of interneuron innervating apical tufts of pyramidal cells in lacunosum-moleculare reduce firing during ripple oscillations ... O-LM (Klausberger et al., 2003), CCK-expressing perforant path-associated (Klausberger et al., 2005) and radiatum retrohippocampal projecting cells (Jinno et al., 2007) all reduce their firing during ripple oscillations (for the neurogliaform cells no published data are available at this time). This is remarkable because the apical tuft of pyramidal cells in stratum lacunosum-moleculare, receiving excitatory input from the entorhinal cortex and thalamus, has not been a major subject of investigation in connection to sharp wave-associated ripples. Ripples in the CA1 area are generated by strong excitatory input from CA3 pyramidal cells innervating the basal and oblique CA1 pyramidal cell dendrites in strata oriens and radiatum (Csicsvari et al., 2000). The activity of layer 3 principal cells in the entorhinal cortex projecting to CA1 stratum lacunosum-moleculare during ripple oscillations in the CA1 hippocampus has not yet been determined.","p953",NULL,NULL,NULL,NULL,19735288,0,"CA1 PPA 3200p?CA1 Pyr",NULL,NULL,1000618
3100194,4023,NULL,4000,NULL,"The long-range projecting neurons (Fig. 5) that also innervate the basal and oblique dendrites of pyramidal cells in strata oriens and radiatum (trilaminar cell, oriens retrohippocampal projecting cell, double projecting cell) discharge with firing patterns similar to bistratified cells during ripple oscillations (Jinno et al., 2007).","p953",NULL,NULL,NULL,NULL,19735288,0,"CA1 Back Proj?CA1 Pyr",NULL,NULL,1000621
3100195,4035,NULL,4000,NULL,"The long-range projecting neurons (Fig. 5) that also innervate the basal and oblique dendrites of pyramidal cells in strata oriens and radiatum (trilaminar cell, oriens retrohippocampal projecting cell, double projecting cell) discharge with firing patterns similar to bistratified cells during ripple oscillations (Jinno et al., 2007).","p953",NULL,NULL,NULL,NULL,19735288,0,"CA1 Trilam 0113p?CA1 Pyr",NULL,NULL,1000621
3100196,4000,NULL,4000,NULL,"Takacs et al. (2012) recently observed that 39% of local collateral boutons synapse on other pyramidal cells in vivo, so we calculated that each pyramidal cell makes 197 synapses onto other pyramidal cells. We were also interested in the number of synapses made per connection to calculate the divergence, or total number of connections made, onto other pyramidal cells. We assumed that CA1 pyramidal cell local collaterals made one synapse onto each postsynaptic pyramidal cell (Table 2). In a study of pyramidal to pyramidal cell pairs within the CA1 (Deuchars and Thomson, 1996), a pyramidal to pyramidal connection comprising two synapses was found. However, its EPSP amplitude was over twice the average amplitude of the other recorded pairs, so we assumed it was an exception. Therefore, we calculated that each pyramidal cell diverges to contact 197 other CA1 pyramidal cells.","p760",NULL,NULL,NULL,NULL,23674373,0,"CA1 PC?CA1 PC",NULL,NULL,2000058
3100197,4000,NULL,4069,NULL,"Takacs et al. (2012) also found that CA1 pyramidal cells make 54% of their local synapses onto interneurons. To calculate their divergence onto interneurons, we estimated the number of synapses forming each pyramidal cell to interneuron connection. Biro et al. (2005) observed that a single CA1 pyramidal cell to O-LM cell connection comprised, on average, three synapses. Although some pyramidal cell to basket cell connections in the CA3 were observed to include only one synapse (Sik et al., 1993; Gulyas et al., 1993), current clamp recordings of pyramidal cell to bistratified cell connections in the CA1 revealed a large enough range in EPSP amplitude to suggest that some connections include multiple synapses (Ali et al., 1998). Therefore, we assumed that CA1 pyramidal cells made, on average, three synapses onto each postsynaptic interneuron (Table 2). We then calculated that each CA1 pyramidal cell diverges to innervate 91 interneurons. Aside from the 39% of synapses made onto other pyramidal cells and the 54% made onto interneurons, there are an additional 7% of local synapses made onto unknown targets (Takacs et al., 2012). Therefore, each CA1 pyramidal cell contacts an additional 11 to 35 unknown, local targets.","p761-2",NULL,NULL,NULL,NULL,23674373,0,"CA1 PC?CA1 OLM",NULL,NULL,2000059
3100198,4000,NULL,4078,NULL,"Takacs et al. (2012) also found that CA1 pyramidal cells make 54% of their local synapses onto interneurons. To calculate their divergence onto interneurons, we estimated the number of synapses forming each pyramidal cell to interneuron connection. Biro et al. (2005) observed that a single CA1 pyramidal cell to O-LM cell connection comprised, on average, three synapses. Although some pyramidal cell to basket cell connections in the CA3 were observed to include only one synapse (Sik et al., 1993; Gulyas et al., 1993), current clamp recordings of pyramidal cell to bistratified cell connections in the CA1 revealed a large enough range in EPSP amplitude to suggest that some connections include multiple synapses (Ali et al., 1998). Therefore, we assumed that CA1 pyramidal cells made, on average, three synapses onto each postsynaptic interneuron (Table 2). We then calculated that each CA1 pyramidal cell diverges to innervate 91 interneurons. Aside from the 39% of synapses made onto other pyramidal cells and the 54% made onto interneurons, there are an additional 7% of local synapses made onto unknown targets (Takacs et al., 2012). Therefore, each CA1 pyramidal cell contacts an additional 11 to 35 unknown, local targets.","p761-2",NULL,NULL,NULL,NULL,23674373,0,"CA1 PC?CA1 Basket",NULL,NULL,2000059
3100199,4000,NULL,4080,NULL,"Takacs et al. (2012) also found that CA1 pyramidal cells make 54% of their local synapses onto interneurons. To calculate their divergence onto interneurons, we estimated the number of synapses forming each pyramidal cell to interneuron connection. Biro et al. (2005) observed that a single CA1 pyramidal cell to O-LM cell connection comprised, on average, three synapses. Although some pyramidal cell to basket cell connections in the CA3 were observed to include only one synapse (Sik et al., 1993; Gulyas et al., 1993), current clamp recordings of pyramidal cell to bistratified cell connections in the CA1 revealed a large enough range in EPSP amplitude to suggest that some connections include multiple synapses (Ali et al., 1998). Therefore, we assumed that CA1 pyramidal cells made, on average, three synapses onto each postsynaptic interneuron (Table 2). We then calculated that each CA1 pyramidal cell diverges to innervate 91 interneurons. Aside from the 39% of synapses made onto other pyramidal cells and the 54% made onto interneurons, there are an additional 7% of local synapses made onto unknown targets (Takacs et al., 2012). Therefore, each CA1 pyramidal cell contacts an additional 11 to 35 unknown, local targets.","p761-2",NULL,NULL,NULL,NULL,23674373,0,"CA1 PC?CA1 Bistratified ",NULL,NULL,2000059
3100200,4000,NULL,4079,NULL,"Of interest, we did not find excitatory connections from dPCs {Deep CA1 Pyramidal Cells} or sPCs {Superficial CA1 Pyramidal cells} to CCKBCs {CA1 Basket CCK+} (Figure 5H; deep: 0/28 connected; superficial: 0/23 connected; to our knowledge, there has also been no direct demonstration of excitatory connections between CA1 PCs and morphologically identified CCKBCs in the literature). Together, these results demonstrate that CCKBCs, in stark contrast to PVBCs, do not differentiate between superficial and deep CA1 PCs, which is an unexpected finding in light of their selectivity in MEC (Varga et al., 2010).","p1138",NULL,NULL,NULL,NULL,24836505,0,"CA1 Pyramidal (+)2223p?CA1 Basket CCK+ (-)2232",NULL,NULL,2000098
3100201,2044,NULL,2000,NULL,"A subpopulation of GABAergic cells in cortical structures expresses CB1 cannabinoid receptors (CB1) on their axon terminals. To understand the function of these interneurons in information processing, it is necessary to uncover how they are embedded into neuronal circuits. Therefore, the proportion of GABAergic terminals expressing CB1 and the morphological and electrophysiological properties of CB1-immunoreactive interneurons should be revealed. We investigated the ratio and the origin of CB1-expressing inhibitory boutons in the CA3 region of the hippocampus. Using immunocytochemical techniques, we estimated that ?40% of GABAergic axon terminals in different layers of CA3 also expressed CB1. To identify the inhibitory cell types expressing CB1 in this region, we recorded and intracellularly labeled interneurons in hippocampal slices. CB1-expressing interneurons showed distinct axonal arborization, and were classified as basket cells, mossy-fiber-associated cells, dendritic-layer-innervating cells or perforant-path-associated cells. In each morphological category, a substantial variability in axonal projection was observed. In contrast to the diverse morphology, the active and passive membrane properties were found to be rather similar. Using paired recordings, we found that pyramidal cells displayed large and fast unitary postsynaptic currents in response to activating basket and mossy-fiber-associated cells, while they showed slower and smaller synaptic events in pairs originating from interneurons that innervate the dendritic layer, which may be due to dendritic filtering. In addition, CB1 activation significantly reduced the amplitude of the postsynaptic currents in each cell pair tested. Our data suggest that CB1-expressing interneurons with different axonal projections have comparable physiological characteristics, contributing to a similar proportion of GABAergic inputs along the somato-dendritic axis of CA3 pyramidal cells. ï¿½ 2014 Wiley Periodicals, Inc.","Abstract",NULL,NULL,NULL,NULL,25044969,0,"CA3 Basket CCK+?CA3 PC",NULL,NULL,2000055
3100202,2036,NULL,2000,NULL,"A subpopulation of GABAergic cells in cortical structures expresses CB1 cannabinoid receptors (CB1) on their axon terminals. To understand the function of these interneurons in information processing, it is necessary to uncover how they are embedded into neuronal circuits. Therefore, the proportion of GABAergic terminals expressing CB1 and the morphological and electrophysiological properties of CB1-immunoreactive interneurons should be revealed. We investigated the ratio and the origin of CB1-expressing inhibitory boutons in the CA3 region of the hippocampus. Using immunocytochemical techniques, we estimated that ?40% of GABAergic axon terminals in different layers of CA3 also expressed CB1. To identify the inhibitory cell types expressing CB1 in this region, we recorded and intracellularly labeled interneurons in hippocampal slices. CB1-expressing interneurons showed distinct axonal arborization, and were classified as basket cells, mossy-fiber-associated cells, dendritic-layer-innervating cells or perforant-path-associated cells. In each morphological category, a substantial variability in axonal projection was observed. In contrast to the diverse morphology, the active and passive membrane properties were found to be rather similar. Using paired recordings, we found that pyramidal cells displayed large and fast unitary postsynaptic currents in response to activating basket and mossy-fiber-associated cells, while they showed slower and smaller synaptic events in pairs originating from interneurons that innervate the dendritic layer, which may be due to dendritic filtering. In addition, CB1 activation significantly reduced the amplitude of the postsynaptic currents in each cell pair tested. Our data suggest that CB1-expressing interneurons with different axonal projections have comparable physiological characteristics, contributing to a similar proportion of GABAergic inputs along the somato-dendritic axis of CA3 pyramidal cells. ï¿½ 2014 Wiley Periodicals, Inc.","Abstract",NULL,NULL,NULL,NULL,25044969,0,"CA3 Mossy-fiber-associated cells?CA3 PC",NULL,NULL,2000055
3100203,2044,NULL,2004,NULL,"A subpopulation of GABAergic cells in cortical structures expresses CB1 cannabinoid receptors (CB1) on their axon terminals. To understand the function of these interneurons in information processing, it is necessary to uncover how they are embedded into neuronal circuits. Therefore, the proportion of GABAergic terminals expressing CB1 and the morphological and electrophysiological properties of CB1-immunoreactive interneurons should be revealed. We investigated the ratio and the origin of CB1-expressing inhibitory boutons in the CA3 region of the hippocampus. Using immunocytochemical techniques, we estimated that ?40% of GABAergic axon terminals in different layers of CA3 also expressed CB1. To identify the inhibitory cell types expressing CB1 in this region, we recorded and intracellularly labeled interneurons in hippocampal slices. CB1-expressing interneurons showed distinct axonal arborization, and were classified as basket cells, mossy-fiber-associated cells, dendritic-layer-innervating cells or perforant-path-associated cells. In each morphological category, a substantial variability in axonal projection was observed. In contrast to the diverse morphology, the active and passive membrane properties were found to be rather similar. Using paired recordings, we found that pyramidal cells displayed large and fast unitary postsynaptic currents in response to activating basket and mossy-fiber-associated cells, while they showed slower and smaller synaptic events in pairs originating from interneurons that innervate the dendritic layer, which may be due to dendritic filtering. In addition, CB1 activation significantly reduced the amplitude of the postsynaptic currents in each cell pair tested. Our data suggest that CB1-expressing interneurons with different axonal projections have comparable physiological characteristics, contributing to a similar proportion of GABAergic inputs along the somato-dendritic axis of CA3 pyramidal cells. ï¿½ 2014 Wiley Periodicals, Inc.","Abstract",NULL,NULL,NULL,NULL,25044969,0,"CA3 Basket CCK+?CA3c PC",NULL,NULL,2000055
3100204,2036,NULL,2004,NULL,"A subpopulation of GABAergic cells in cortical structures expresses CB1 cannabinoid receptors (CB1) on their axon terminals. To understand the function of these interneurons in information processing, it is necessary to uncover how they are embedded into neuronal circuits. Therefore, the proportion of GABAergic terminals expressing CB1 and the morphological and electrophysiological properties of CB1-immunoreactive interneurons should be revealed. We investigated the ratio and the origin of CB1-expressing inhibitory boutons in the CA3 region of the hippocampus. Using immunocytochemical techniques, we estimated that ?40% of GABAergic axon terminals in different layers of CA3 also expressed CB1. To identify the inhibitory cell types expressing CB1 in this region, we recorded and intracellularly labeled interneurons in hippocampal slices. CB1-expressing interneurons showed distinct axonal arborization, and were classified as basket cells, mossy-fiber-associated cells, dendritic-layer-innervating cells or perforant-path-associated cells. In each morphological category, a substantial variability in axonal projection was observed. In contrast to the diverse morphology, the active and passive membrane properties were found to be rather similar. Using paired recordings, we found that pyramidal cells displayed large and fast unitary postsynaptic currents in response to activating basket and mossy-fiber-associated cells, while they showed slower and smaller synaptic events in pairs originating from interneurons that innervate the dendritic layer, which may be due to dendritic filtering. In addition, CB1 activation significantly reduced the amplitude of the postsynaptic currents in each cell pair tested. Our data suggest that CB1-expressing interneurons with different axonal projections have comparable physiological characteristics, contributing to a similar proportion of GABAergic inputs along the somato-dendritic axis of CA3 pyramidal cells. ï¿½ 2014 Wiley Periodicals, Inc.","Abstract",NULL,NULL,NULL,NULL,25044969,0,"CA3 Mossy-fiber-associated cells?CA3c PC",NULL,NULL,2000055
3100205,4079,NULL,4000,NULL,"In the CA1 region of the hippocampus, CB1 was shown to be present at boutons of inhibitory cells targeting different subcellular regions of pyramidal cells: basket cells that innervate the perisomatic region of the pyramidal cells, Schaffer collateral-associated cells that project mainly to the stratum radiatum and also perforant-path-associated cells projecting to the stratum lacunosum-moleculare (Katona et al., 1999; Hajos et al., 2000; Cope et al., 2002; Klausberger et al., 2005). Thus, the outputs of CB1-expressing interneurons are distributed along the somato-dendritic axis of pyramidal cells in accordance with the main afferent pathways of the CA1 region. In contrast to the variability in axonal projection, CB1-expressing interneurons in CA1 display rather similar properties in their synaptic output and firing behavior during distinct network activities in vivo (Klausberger et al., 2005; Daw et al., 2009).","p1506",NULL,NULL,NULL,NULL,25044969,0,"CA1 Basket CCK+?CA1 PC",NULL,NULL,2000056
3100206,2044,NULL,2000,NULL,"Features of CB1-Expressing Interneuron Output Synapses. The possible differences in synaptic inhibition along the somato-dendritic axis of pyramidal cells can substantially impact the signal processing. Therefore, in addition to membrane properties, we aimed to compare various features of synaptic transmission at the synaptic outputs of CB1-expressing interneurons. To this end, we performed paired recordings between CB1-expressing interneurons and their pyramidal cell partners in the CA3 region of hippocampal slices. The probability of finding a monosynaptically coupled pair was 83% (51 pairs out of 61 trials). Due to the lack of detectable postsynaptic response in all but one dual recording from PPA cell and pyramidal cell pairs (peak amplitude, 38.5 pA; potency, 34.4 pA; 10ï¿½90% rise time, 7.66 ms, decay time constant, 14.3 ms; probability of failures, 0.1; latency, 2.85 ms, charge of asynchronous release, 899 pA*ms, the ratio of the 10th and the first uIPSC amplitude, 1.15), we focused our study on the synaptic properties of connections originating from BCs (n = 20), MFA cells (n = 14), and DLI cells (n = 21). Unitary inhibitory postsynaptic currents (uIPSCs) in pyramidal cells were evoked by single action potentials in the presynaptic interneurons. We compared the peak amplitude (including failures), potency (excluding failures), 10ï¿½90% rise time, and decay time constant. Additionally, the synaptic latency of transmission (i.e., the time between the peak of action potentials and the beginning of the uIPSC) as well as the probability of transmission failures were calculated (Fig. 6, Table 3). Statistical comparison of these data revealed that the peak amplitude of the uIPSC (P &lt; 0.001, KW ANOVA), the synaptic potency (KW ANOVA; P &lt; 0.001), the 10ï¿½90% rise time (P = 0.002, KW ANOVA), and the decay time constant (P = 0.009, KW ANOVA) were different. Post hoc statistical investigations showed that DLI cells differ significantly from the other two groups in their synaptic potency, 10ï¿½90% rise time and decay time constant, while the uIPSC amplitude was found to be different only between BC-pyramidal cell and DLI cell-pyramidal cell pairs (Table 3). No difference could be detected in failure rate (P = 0.56, KW ANOVA) or latency (P = 0.82, KW ANOVA; Fig. 6B, Table 3) among the three groups.","p1514-5",NULL,NULL,NULL,NULL,25044969,0,"CA3 Basket CCK+?CA3 PC",NULL,NULL,2000057
3100207,2036,NULL,2000,NULL,"Features of CB1-Expressing Interneuron Output Synapses. The possible differences in synaptic inhibition along the somato-dendritic axis of pyramidal cells can substantially impact the signal processing. Therefore, in addition to membrane properties, we aimed to compare various features of synaptic transmission at the synaptic outputs of CB1-expressing interneurons. To this end, we performed paired recordings between CB1-expressing interneurons and their pyramidal cell partners in the CA3 region of hippocampal slices. The probability of finding a monosynaptically coupled pair was 83% (51 pairs out of 61 trials). Due to the lack of detectable postsynaptic response in all but one dual recording from PPA cell and pyramidal cell pairs (peak amplitude, 38.5 pA; potency, 34.4 pA; 10ï¿½90% rise time, 7.66 ms, decay time constant, 14.3 ms; probability of failures, 0.1; latency, 2.85 ms, charge of asynchronous release, 899 pA*ms, the ratio of the 10th and the first uIPSC amplitude, 1.15), we focused our study on the synaptic properties of connections originating from BCs (n = 20), MFA cells (n = 14), and DLI cells (n = 21). Unitary inhibitory postsynaptic currents (uIPSCs) in pyramidal cells were evoked by single action potentials in the presynaptic interneurons. We compared the peak amplitude (including failures), potency (excluding failures), 10ï¿½90% rise time, and decay time constant. Additionally, the synaptic latency of transmission (i.e., the time between the peak of action potentials and the beginning of the uIPSC) as well as the probability of transmission failures were calculated (Fig. 6, Table 3). Statistical comparison of these data revealed that the peak amplitude of the uIPSC (P &lt; 0.001, KW ANOVA), the synaptic potency (KW ANOVA; P &lt; 0.001), the 10ï¿½90% rise time (P = 0.002, KW ANOVA), and the decay time constant (P = 0.009, KW ANOVA) were different. Post hoc statistical investigations showed that DLI cells differ significantly from the other two groups in their synaptic potency, 10ï¿½90% rise time and decay time constant, while the uIPSC amplitude was found to be different only between BC-pyramidal cell and DLI cell-pyramidal cell pairs (Table 3). No difference could be detected in failure rate (P = 0.56, KW ANOVA) or latency (P = 0.82, KW ANOVA; Fig. 6B, Table 3) among the three groups.","p1514-5",NULL,NULL,NULL,NULL,25044969,0,"CA3 Mossy-fiber-associated cells?CA3 PC",NULL,NULL,2000057
3100208,2043,NULL,2004,NULL,"Features of CB1-Expressing Interneuron Output Synapses. The possible differences in synaptic inhibition along the somato-dendritic axis of pyramidal cells can substantially impact the signal processing. Therefore, in addition to membrane properties, we aimed to compare various features of synaptic transmission at the synaptic outputs of CB1-expressing interneurons. To this end, we performed paired recordings between CB1-expressing interneurons and their pyramidal cell partners in the CA3 region of hippocampal slices. The probability of finding a monosynaptically coupled pair was 83% (51 pairs out of 61 trials). Due to the lack of detectable postsynaptic response in all but one dual recording from PPA cell and pyramidal cell pairs (peak amplitude, 38.5 pA; potency, 34.4 pA; 10ï¿½90% rise time, 7.66 ms, decay time constant, 14.3 ms; probability of failures, 0.1; latency, 2.85 ms, charge of asynchronous release, 899 pA*ms, the ratio of the 10th and the first uIPSC amplitude, 1.15), we focused our study on the synaptic properties of connections originating from BCs (n = 20), MFA cells (n = 14), and DLI cells (n = 21). Unitary inhibitory postsynaptic currents (uIPSCs) in pyramidal cells were evoked by single action potentials in the presynaptic interneurons. We compared the peak amplitude (including failures), potency (excluding failures), 10ï¿½90% rise time, and decay time constant. Additionally, the synaptic latency of transmission (i.e., the time between the peak of action potentials and the beginning of the uIPSC) as well as the probability of transmission failures were calculated (Fig. 6, Table 3). Statistical comparison of these data revealed that the peak amplitude of the uIPSC (P &lt; 0.001, KW ANOVA), the synaptic potency (KW ANOVA; P &lt; 0.001), the 10ï¿½90% rise time (P = 0.002, KW ANOVA), and the decay time constant (P = 0.009, KW ANOVA) were different. Post hoc statistical investigations showed that DLI cells differ significantly from the other two groups in their synaptic potency, 10ï¿½90% rise time and decay time constant, while the uIPSC amplitude was found to be different only between BC-pyramidal cell and DLI cell-pyramidal cell pairs (Table 3). No difference could be detected in failure rate (P = 0.56, KW ANOVA) or latency (P = 0.82, KW ANOVA; Fig. 6B, Table 3) among the three groups.","p1514-5",NULL,NULL,NULL,NULL,25044969,0,"CA3 Basket?CA3c PC CCK+",NULL,NULL,2000057
3100209,2036,NULL,2004,NULL,"Features of CB1-Expressing Interneuron Output Synapses. The possible differences in synaptic inhibition along the somato-dendritic axis of pyramidal cells can substantially impact the signal processing. Therefore, in addition to membrane properties, we aimed to compare various features of synaptic transmission at the synaptic outputs of CB1-expressing interneurons. To this end, we performed paired recordings between CB1-expressing interneurons and their pyramidal cell partners in the CA3 region of hippocampal slices. The probability of finding a monosynaptically coupled pair was 83% (51 pairs out of 61 trials). Due to the lack of detectable postsynaptic response in all but one dual recording from PPA cell and pyramidal cell pairs (peak amplitude, 38.5 pA; potency, 34.4 pA; 10ï¿½90% rise time, 7.66 ms, decay time constant, 14.3 ms; probability of failures, 0.1; latency, 2.85 ms, charge of asynchronous release, 899 pA*ms, the ratio of the 10th and the first uIPSC amplitude, 1.15), we focused our study on the synaptic properties of connections originating from BCs (n = 20), MFA cells (n = 14), and DLI cells (n = 21). Unitary inhibitory postsynaptic currents (uIPSCs) in pyramidal cells were evoked by single action potentials in the presynaptic interneurons. We compared the peak amplitude (including failures), potency (excluding failures), 10ï¿½90% rise time, and decay time constant. Additionally, the synaptic latency of transmission (i.e., the time between the peak of action potentials and the beginning of the uIPSC) as well as the probability of transmission failures were calculated (Fig. 6, Table 3). Statistical comparison of these data revealed that the peak amplitude of the uIPSC (P &lt; 0.001, KW ANOVA), the synaptic potency (KW ANOVA; P &lt; 0.001), the 10ï¿½90% rise time (P = 0.002, KW ANOVA), and the decay time constant (P = 0.009, KW ANOVA) were different. Post hoc statistical investigations showed that DLI cells differ significantly from the other two groups in their synaptic potency, 10ï¿½90% rise time and decay time constant, while the uIPSC amplitude was found to be different only between BC-pyramidal cell and DLI cell-pyramidal cell pairs (Table 3). No difference could be detected in failure rate (P = 0.56, KW ANOVA) or latency (P = 0.82, KW ANOVA; Fig. 6B, Table 3) among the three groups.","p1514-5",NULL,NULL,NULL,NULL,25044969,0,"CA3 Mossy-fiber-associated cells?CA3c PC",NULL,NULL,2000057
3100210,NULL,NULL,4033,NULL,"Maturation of glutamatergic synapses in INs of GluN2B?GAD67 mice. We next examined potential consequences of GluN2B deletion in INs on the functional development of glutamatergic synapses. We recorded at P12ï¿½P13 from INs that can be readily identified in acute hippocampal slices. We selected INs with the cell body in stratum oriens and confirmed IN identity based on the firing pattern and morphology (n = 10; Fig. 5A). We examined evoked synaptic glutamatergic currents in the presence of gabazine (10 ?m) with sequential block of AMPA- and NMDAR-mediated EPSCs (CNQX, 10 ?m, and d-AP5, 50 ?m, respectively; Fig. 5B). In wt mice, all recorded INs exhibited NMDAR-mediated EPSCs. The ratio of NMDAR/AMPAR-mediated eEPSCs was reduced in GluN2B?GAD67 mice compared with age-matched wt littermates (p < 0.001, Mannï¿½Whitney test; Fig. 5B,E) compatible with the ablation of the dominant GluN2 subunit in postnatal development. Interestingly, the ratio of AMPAR-mediated eEPSCs over gabazine-sensitive eIPSCs was increased in GluN2B?GAD67 mice compared with control littermates (p < 0.001, Mannï¿½Whitney test; Fig. 5C,F). The paired-pulse ratio of AMPAR-mediated eEPSCs was similar in GluN2B?GAD67 and control neurons (n.s., Mannï¿½Whitney test; Fig. 5D,G), supporting that the observed amplitude changes reflect postsynaptic alterations. ","p16026-7",NULL,NULL,NULL,NULL,25429143,0,"CA1 glutamatergic?CA1 SO-SO",NULL,NULL,2000050
3100211,4078,NULL,4013,NULL,"IPSPs elicited in a single postsynaptic radial trilaminar interneuron (A, black soma/dendrites, grey axon) by a R-AHP (Basket cell 1 in B, only axon recovered) and a RS cell (Basket cell 2, in B). Since the three axonal arbours overlapped, they are drawn separately, but in register (A and B). (C and D) The IPSPs elicited by Basket cells 1 and 2, respectively, by single spikes and spike pairs are superimposed (above, dotted lines represent the decay of the single spike IPSP) and by trains of ?ve spikes (below). Summation and second IPSP depression are apparent. The IPSPs elicited by the R-AHP cell are briefer than those elicited by the RS cell.","Fig. 9",NULL,NULL,NULL,NULL,10215927,0,"CA1 BC?CA1 Radial Trilaminar",NULL,NULL,1007202
3100212,4069,NULL,4000,NULL,"Reconstruction of a [CA1] somatostatin-immunopositive O-LM [oriens-lacunosum-moleculare] {CA1 CA1 O-LM} to pyramidal cell pair A, extensive overlap between the distal dendrites of the pyramidal cell (green) and the interneurone axon (black) at P15. The soma and dendrites of the interneurone are shown in red.","Fig. 2",NULL,NULL,NULL,NULL,10747186,0,"CA1 O-LM 1002?CA1 Pyr",NULL,NULL,1007114
3100213,4039,NULL,4000,NULL,"Multiphasic uIPSC [unitary inhibitory postsynaptic current] evoked by a CCK [cholecystokinin]-immunopositive [CA1] basket cell {CA1 CA1 Horizontal Basket} (see also Fig. 10) in a pyramidal cell at P15 . . . C, reconstruction of the presynaptic basket cell of this pair, identified on the basis of the dense innervation of str. pyramidale. The dendrites are restricted to str. oriens/alveus and oriented mainly parallel with the layers.","Fig. 9",NULL,NULL,NULL,NULL,10747186,0,"CA1 Horiz Basket?CA1 Pyr",NULL,NULL,1007148
3100214,4069,NULL,4000,NULL,"Electron microscopic characterisation of postsynaptic targets of identified interneurones","Table 2",NULL,NULL,NULL,NULL,10747186,0,"CA1 O-LM 1002?CA1 Pyr",NULL,"3100214.png",1007150
3100215,4083,NULL,4000,NULL,"Electron microscopic characterisation of postsynaptic targets of identified interneurones","Table 2",NULL,NULL,NULL,NULL,10747186,0,"CA1 O-Bi 0103?CA1 Pyr",NULL,"3100214.png",1007150
3100216,4036,NULL,4000,NULL,"Electron microscopic characterisation of postsynaptic targets of identified interneurones","Table 2",NULL,NULL,NULL,NULL,10747186,0,"CA1 AA?CA1 Pyr",NULL,"3100214.png",1007150
3100217,4083,NULL,4000,NULL,"Reconstruction and synaptic effect of a somatostatin-immunopositive O-BiC [oriens-bistratified cells {CA1 CA1 Oriens-Bistratified}] on a pyramidal cell at P15 (see also Fig. 5) A, the axon (black) of the interneurone (soma and dendrites in red) is largely restricted to str. oriens and radiatum and overlaps the dendritic tree of the postsynaptic pyramidal cell (green). Note the sparing by the axon of str. pyramidale, and the dendritic: tree restricted to str. oriens.","Fig. 4",NULL,NULL,NULL,NULL,10747186,0,"CA1 O-Bi 0103?CA1 Pyr",NULL,NULL,1007152
3100218,4036,NULL,4000,NULL,"Perisomatic innervation of pyramidal cells by axo-axonic and basket cells. A, an axo-axonic cell (P13) innervates the axon initial segment (a) of a pyramidal cell (p) at two distinct regions via two axon collaterals providing at least seven boutons (arrows). B and C, parvalbumin immunoreactivity in another axo-axonic cell (arrows, P14) which evoked a postsynaptic response in a nearby pyramidal cell (to the right in B). Another neurone in the pyramidal cell layer (double arrow) and boutons surrounding pyramidal cells are also parvalbumin immunopositive. D, electron micrograph of the biocytin-filled bouton of the axo-axonic cell, shown in B and C, making a type II synapse (upper arrow) with the axon initial segment (ais) of a pyramidal cell. The axon initial segment is identified by the presence of a cisternal organelle (co) and the electron opaque membrane undercoating (small arrows at bottom).","Fig. 8",NULL,NULL,NULL,NULL,10747186,0,"CA1 AA?CA1 Pyr",NULL,NULL,1007154
3100219,6002,NULL,6002,NULL,"Morphological and physiological properties of deep layer pyramidal neurons without oscillatory properties. (Aa) Low magnification of a pyramidal neuron filled with biocytin. (B) Camera lucida reconstruction of the pyramidal neuron shown in A. For better visualization, the soma and dendrites are drawn in black; the axon is drawn in red. The axon perforates the subiculum, the outer and inner molecular layer and reaches the granule cell layer of the DG. In addition, after leaving the soma, the main axon gives rise to some ascending collaterals to the superficial layers one of which reached its own dendrite arbor in layer Iï¿½II. (C) Voltage responses to hyper and depolarizing current injections of ?100 to +20 pA. (D) Vï¿½I relation for the voltage traces shown in C. Membrane potential depolarization from the holding potential of ?60 mV (E,*) to ?53 mV (E,**) leads to some fluctuations of low frequency (1ï¿½2.5 Hz) but was not accompanied by the rhythmic oscillation as assessed by the nonrhytmic autocorrelogram (F). Action potentials in E (upper traces) are truncated. All data were obtained from the same neuron. Scale bars, 200 ms, 50 mV (C); and 1 s, 10 mV (E).","Fig. 3",NULL,NULL,NULL,NULL,11168548,0,"MEC LV Pyramidal (+)331131p?MEC LV Pyramidal (+)331131p",NULL,NULL,2000080
3100220,5005,NULL,4000,NULL,"Evidence for subicular inputs to CA1 has appeared in several previous anatomical studies. Berger et al. [5] [1980] examined the anterograde and retrograde transport of HRP [horseradish peroxidase] in rabbit brains. They found that injections into the CA1 cell layer (including the proximal apical and basal dendrites) resulted in anterograde (CA1 to subiculum) label and retrograde (subiculum to CA1) label in subiculum. Injections of tritiated proline or leucine into subiculum showed anterograde label in CA1 stratum oriens (much of this interpreted as fibers headed for the alveus/fimbria) and label in CA1 stratum moleculare (ended at CA2). Finch et al. [8] [1983] traced the dendrites and axons of intracellularly labeled subicular neurons in rat brains. They reported on 12 labeled subicular neurons. Of this group of 12 labeled neurons, four projected only rostrally into the fimbria and three others had both rostrally and caudally directed projections. One of these cells {SUB SUB CA1-Projecting Pyramidal} had collaterals in subiculum with an identified collateral reaching stratum oriens of CA1. Kohler [14] [1985] used extracellular phaseolus vulgaris leucoagglutinin (PHA-L) injections into subiculum to trace the region's outputs. Although not discussed at length in the paper, labeled fibers are apparent in CA1 strata oriens and moleculare. It was suggested that at least some of the fibers seen in stratum oriens were actually headed for the alveus rather than directed at CA1. It was also suggested that the projections to stratum moleculare may be directed at distal apical interneurons rather than pyramidal cell dendrites. On the basis of our morphological data and attempts to block propagation by disrupting laminar paths, we conclude that the subicular fibers forming the back projection are present in the apical dendritic region and in the vicinity of the cell layer. We have visualized axons with light microscopic evidence of contacts in stratum radiatum reaching to its border with stratum lacunosum/moleculare, and axons in the cell layer. Our evidence that at least a fraction of these contacts are onto pyramidal neurons comes from the electrophysiological evidence that they mediate the spread of epileptiform events.","p48",NULL,NULL,NULL,NULL,11259758,0,"SUB CA1-Proj Pyr?CA1 Pyr",NULL,NULL,1007168
3100221,1035,NULL,1035,NULL,"<b>Camera lucida reconstruction of a synaptically connected BCï¿½BC pair.</b><br> Soma and dendrites of the presynaptic BC are drawn in green. Axonal arborization of the presynaptic BC is drawn in red. Soma and dendrites of the postsynaptic BC are drawn in black. Axonal arborization of the postsynaptic BC is drawn in blue. Only the portions of the axons that could be unequivocally traced back to the soma are depicted. Synaptic contacts (confirmed by subsequent electron microscopy; see Fig. 4) are indicated by arrowheads. Additionally, the postsynaptic BC showed three autaptic contacts (confirmed by electron microscopy; data not shown). Note that the axonal arborization of both BCs was largely confined to the granule cell layer, identifying them as BCs.<br><b>ml,</b> Molecular layer; <b>gcl,</b> granule cell layer.","Fig. 3",NULL,NULL,NULL,NULL,11306622,0,"DG BC?DG BC",NULL,"3100221.png",1005039
3100222,4079,NULL,4000,NULL,"Characterisation of a fast-spiking (Aï¿½E) and a regular-spiking CCK-IR basket cell in CA1. A: Demonstration of CCK-IR by FITC ?uorescence. B: DAB staining of the interneurone. C: The light microscopic reconstruction (black: soma/dendrite; grey: axonal arbour) reveals a wide-arbour basket cell with an axonal arbour mainly in the SP (in total, 2,027 boutons: SO 38.4%, SP 48.3%, SR 13.3%). D: The voltage responses to suprathreshold current pulses reveal the interrupted fast-spiking nature of this cell. E: The basket cell received an excitatory input from an adjacent pyramidal cell. The single axon-EPSP is an average of 50 single sweeps. F: Light microscopic reconstruction of the regular-spiking basket cell (black: soma/dendrite; grey: axonal arbour; 1,009 boutons: SO 20.4%, SP 77.4%, SR 2.2%). Three 60-[micro]m-thick sections only were reconstructed. G: Regular-spiking or accommodating discharge pattern of this basket cell. H: Action potentials discharged by this basket cell generated IPSPs (111 sweeps averaged) in an adjacent pyramidal cell. Scale bars = 50 [micro]m in B (also applies to A), 100 [micro]m in C,F.","Fig. 6",NULL,NULL,NULL,NULL,11807843,0,"CA1 Basket CCK+ (-)2232?CA1 Pyr",NULL,NULL,1006984
3100223,4000,NULL,4079,NULL,"Characterisation of a fast-spiking (Aï¿½E) and a regular-spiking CCK-IR basket cell in CA1. A: Demonstration of CCK-IR by FITC ?uorescence. B: DAB staining of the interneurone. C: The light microscopic reconstruction (black: soma/dendrite; grey: axonal arbour) reveals a wide-arbour basket cell with an axonal arbour mainly in the SP (in total, 2,027 boutons: SO 38.4%, SP 48.3%, SR 13.3%). D: The voltage responses to suprathreshold current pulses reveal the interrupted fast-spiking nature of this cell. E: The basket cell received an excitatory input from an adjacent pyramidal cell. The single axon-EPSP is an average of 50 single sweeps. F: Light microscopic reconstruction of the regular-spiking basket cell (black: soma/dendrite; grey: axonal arbour; 1,009 boutons: SO 20.4%, SP 77.4%, SR 2.2%). Three 60-[micro]m-thick sections only were reconstructed. G: Regular-spiking or accommodating discharge pattern of this basket cell. H: Action potentials discharged by this basket cell generated IPSPs (111 sweeps averaged) in an adjacent pyramidal cell. Scale bars = 50 [micro]m in B (also applies to A), 100 [micro]m in C,F.","Fig. 6",NULL,NULL,NULL,NULL,11807843,0,"CA1 Pyr?CA1 Basket CCK+ (-)2232",NULL,NULL,1006984
3100224,4036,NULL,4000,NULL,"Features of a PV-IR fast-spiking putative axo-axonic cell. A: Light microscopic reconstruction of the axo-axonic cell (black: soma/dendrites; grey: axonal arbour). B: The axo-axonic cell showed an interrupted fast-spiking discharge pattern. C: An adjacent presynaptic pyramidal cell generated EPSPs (128 sweeps averaged) in the axo-axonic cell. Scale bar in A = 100 [micro]m.","Fig. 4",NULL,NULL,NULL,NULL,11807843,0,"CA1 AA?CA1 Pyr",NULL,NULL,1006986
3100225,4080,NULL,4000,NULL,"Of the nine bistrati?ed cells tested, one of four regular-spiking and all ?ve fast-spiking cells were PV-IR. The two IPSPs elicited in pyramidal cells by fast-spiking PV-IR bistrati?ed interneurones (six pairs tested) had amplitudes of -0.4 and -0.7 mV, 10ï¿½90% rise times of 8.8 and 6 ms, and widths at half amplitude of 58.8 and 50.4 ms at postsynaptic membrane potentials of -58 and -59 mV, respectively. ","p353",NULL,NULL,NULL,NULL,11807843,0,"CA1 Bistratified?CA1 Pyr",NULL,NULL,1006988
3100226,4000,NULL,4080,NULL,"EPSPs elicited by presynaptic pyramidal cells in PV-IR bistrati?ed interneurones (two EPSPs recorded in four pairs tested) had amplitudes of 0.66 and 1.25 mV, 10ï¿½90% rise times of 1 and 1.4 ms, and widths at half amplitude of 8.8 and 12 ms at membrane potentials of -65 and -67 mV, respectively.","p353",NULL,NULL,NULL,NULL,11807843,0,"CA1 Pyr?CA1 Bistratified",NULL,NULL,1006990
3100227,4078,NULL,4000,NULL,"IPSPs were generated by PV-IR basket cells in postsynaptic pyramidal cells (in 49 of 167 pairs tested) and had amplitudes of -0.83ï¿½0.37 mV (mean ï¿½ SD, n = 20),10ï¿½90% rise times of 5.13ï¿½2.06 ms, and durations at half amplitude of 38.32ï¿½12.01 ms (at postsynaptic membrane potentials of -58.4ï¿½3.0 mV), properties typical of GABA A receptor-mediated events.","p349",NULL,NULL,NULL,NULL,11807843,0,"CA1 Basket PV?CA1 Pyr",NULL,NULL,1006992
3100228,4000,NULL,4078,NULL,"EPSPs generated by presynaptic pyramidal cells in PV-IR basket cells (in 16 of 124 pairs tested) had amplitudes of 3.51 ï¿½ 2.90 mV (n = 5), 10ï¿½90% rise times of 1.0 ï¿½ 0.33 ms, and widths at half amplitude of 5.74 ï¿½ 1.78 ms at membrane potentials of -67 ï¿½ 4.81 mV.","p349",NULL,NULL,NULL,NULL,11807843,0,"CA1 Pyr?CA1 Basket PV",NULL,NULL,1006994
3100229,4078,NULL,4000,NULL,"Features of a wide-arbour (Aï¿½D) and a narrow-arbour (Eï¿½G) PV-IR basket cell in CA1. A: The PV-IR in the wide-arbour basket cell as demonstrated by FITC immuno?uorescence. B: The recorded and biocytin-?lled interneurone is revealed by DAB processing. C: Light microscopic reconstruction (black: soma and dendrites; grey: axonal arbour) of the recorded wide-arbour basket cell. D: Action potentials in the fast-spiking basket cell (upper trace) generated fast IPSPs in an adjacent postsynaptic pyramidal cell recorded in parallel (75 single sweeps averaged in lower trace). E: Light microscopic reconstruction (black: soma/dendrites; grey: axonal arbour) of a narrow-arbour basket cell. F: Upon suprathreshold current injection, the cell discharged bursts of action potentials. G: Action potentials in the burst-?ring basket cell (upper trace) generated fast IPSPs in an adjacent postsynaptic pyramidal cell recorded in parallel (135 sweeps averaged in the lower trace). Scale bars = 50 [micro]m in A,B, 100 [micro]m in C and E.","Fig. 3",NULL,NULL,NULL,NULL,11807843,0,"CA1 Basket PV?CA1 Pyr",NULL,NULL,1006996
3100230,4003,NULL,4000,NULL,"Features of a regular-spiking CCK-IR quadrilaminar cell (Aï¿½D) and a burst-?ring CCK-IR perforant path-associated cell (E and F), both with their somata at the SR/SLM border. A: Light microscopic reconstruction of the quadrilaminar cell (black: soma/dendrite; grey: axonal arbour; 3,221 boutons: alveus 0.3%, SO 9.6%, SP 3.6%, SR 66.4%, SLM 20.1%). B: Regular or accommodating ?ring elicited by current injection. C: Action potentials in this presynaptic interneurone elicited IPSPs (99 sweeps averaged) in a postsynaptic pyramidal cell.","Fig. 12",NULL,NULL,NULL,NULL,11807843,0,"CA1 Quad?CA1 Pyr",NULL,NULL,1006998
3100231,4028,NULL,4000,NULL,"Properties of a [CA1] CCK-IR [cholecystokinin immunoreactive] Schaffer-associated cell {CA1 CA1 Radiatum}. A: Light microscopic reconstruction of the interneurone (black: soma/dendrite; grey: axonal arbour; 4,137 boutons: SP [stratum pyramidale] 0.2%, SR [stratum radiatum] 97.4%, SLM [stratum lacunosum moleculare] 2.4%) and on the right a postsynaptic pyramidal cell {CA1 CA1 Pyramidal} (soma/dendrites in black). The two close appositions between presynaptic axon and postsynaptic dendrites {CA1 CA1 Pyramidal} (of the [CA1] pyramidal cell) are indicated by black dots.","Fig. 10",NULL,NULL,NULL,NULL,11807843,0,"CA1 Radiatum?CA1 Pyr",NULL,NULL,1007000
3100232,4028,NULL,4028,NULL,"Properties of a pair of synaptically coupled CCK-IR [cholecystokinin immunoreactive] Schaffer-associated cells {CA1 CA1 Radiatum} [in CA1]. A: FITC [fluorescein isothiocyanate] immunofluorescence for CCK [cholecystokinin] in the presynaptic cell. B: DAB [diaminobenzidine] staining of the presynaptic cell. C: FITC immunofluorescence for CCK in the postsynaptic cell. D: DAB staining of the postsynaptic cell. E: Light microscopic reconstruction of presynaptic (dark grey: soma/dendrites; light grey: axonal arbour) and postsynaptic (soma/dendrites only: black) cells. The two close appositions between presynaptic axon and postsynaptic dendrites are indicated by black dots.","Fig. 11",NULL,NULL,NULL,NULL,11807843,0,"CA1 Radiatum?CA1 Radiatum",NULL,NULL,1007001
3100233,4080,NULL,4000,NULL,"Although the axons of PV-IR [parvalbumin-immunoreactive] basket cells {CA1 CA1 Bistratified} were located primarily in the SP [stratum pyramidale], collaterals arising from a subpopulation of these cells (wide-arbour basket cells) also arborised in the adjacent regions of the SR [stratum radiatum] and SO [stratum oriens], where close appositions with pyramidal cell {CA1 CA1 Pyramidal} dendrites were made (Fig. 3C).","p349",NULL,NULL,NULL,NULL,11807843,0,"CA1 Bistratified?CA1 Pyr",NULL,NULL,1007002
3100234,4000,NULL,4033,NULL,"This regular-spiking (Fig. 8E) SO-SO cell formed a reciprocal connection with a pyramidal cell (Fig. 8F,G).","p358",NULL,NULL,NULL,NULL,11807843,0,"CA1 Pyr?CA1 SO-SO",NULL,NULL,1007003
3100235,4000,NULL,4068,NULL,"Large heterogeneity in the short-term plasticity of eEPSCs in identified O-Bi cells {CA1 CA1 Oriens-Bistratified Projecting} A, an averaged whole-cell voltage-clamp trace showing facilitation throughout the whole train of stimuli (10 stimuli at 33 Hz). Middle panel, the results of the model fit (A = 1149, U = 0.12, r rec = 1.9 ms, r fac = 185 ms) are superimposed on the mean +/- S.D. [standard deviation] of the individual EPSC [excitatory postsynaptic current] amplitudes measured within the train... Right panel, reconstruction of the cell {CA1 CA1 Trilaminar} showing dendrites restricted to stratum oriens and an extensive axonal arborization in all layers of the CA1 area and projections to the isocortex, subiculum and the main axon heading toward the fimbria and CA3 area (arrow).","Fig. 5",NULL,NULL,NULL,NULL,12096061,0,"CA1 Pyr?CA1 Oriens Bistrat Proj 1113p",NULL,NULL,1007140
3100236,4000,NULL,4036,NULL,"The dendritic arborization matched well the dendritic arbors of pyramidal cells [located in the CA1], both in lateral extent and in laminar distribution. However, in contrast to the densely spinous dendrites of the pyramidal cell, the dendrites of the chandelier cell exhibited only a few dendritic spines (Fig. 2C) and some dendrites were completely spine free. Numerous small dendritic branches, many of them reaching the ventricular surface of the hippocampus, were found among the axons of the alveus. The major apical dendrite terminated in a dense tuft in the stratum lacunosum-moleculare (Figs. 1 A, 2D) similar to that of pyramidal cells, but more restricted in lateral extent. The other dendrite descending in the stratum radiatum also reached the stratum lacunosum-moleculare with its thin terminal branches. However, as the dendrite coursed temporally, it falsely appears to terminate in the stratum radiatum (Fig. 1 A) due to the curvature of the laminar boundaries in three dimensions which could not be represented in a two dimensional reconstruction. The dendritic arborization is located medial and asymmetric to the axonal field and covers an area of about 200 by 300 [micro]m as viewed in the tangential plane (Fig. 1C). The dendritic branches in the alveus and stratum oriens are in the same position as the local axon collaterals of the pyramidal cells. This could easily be established, since in addition to the chandelier cell, a well-filled pyramidal cell was also present whose axon collaterals mixed with the chandelier cell {CA1 CA1 Axo-Axonic} dendrites. At four positions the pyramidal cell axon was in direct contact with the chandelier cell dendritic branches suggesting synaptic input.","p520",NULL,NULL,NULL,NULL,1385200,0,"CA1 Pyr?CA1 AA",NULL,NULL,1007004
3100237,4036,NULL,4000,NULL,"The target selectivity of axo-axonic cells {CA1 CA1 Axo-Axonic} is one of the best-defined organizational patterns among interneurons. This cell type is known to innervate almost exclusively axon initial segments of pyramidal cells (Somogyi, 1977; Somogyi et al., 1983). In the CA1 subfield of the hippocampus, their somata were described as located in stratum pyramidale; they typically have a radial dendritic tree spanning all layers with a prominent tuft in stratum lacunosum-moleculare (Somogyi et al., 1985; Buhl et al., 1994; Freund and Buzsaki, 1996; Pawelzik et al., 2002).","p232",NULL,NULL,NULL,NULL,15098728,0,"CA1 AA?CA1 Pyr",NULL,NULL,1007006
3100238,1000,NULL,1000,NULL,"Synaptic parameters of dentate network","p440",NULL,NULL,NULL,NULL,15342722,0,"DG Granule (+)2201p?DG Granule (+)2201p",NULL,NULL,2000003
3100239,2028,NULL,2000,NULL,"Single AACs have been shown to innervate between 250 (in cortex) [14] and 1200 (in hippocampus) [19] pyramidal cells, indicating the potential to synchronize many cells.","p311",NULL,NULL,NULL,NULL,15927687,0,"All AA?CA3, CA1 Pyramidal cells",NULL,NULL,1007218
3100239,4036,NULL,4000,NULL,"Single AACs have been shown to innervate between 250 (in cortex) [14] and 1200 (in hippocampus) [19] pyramidal cells, indicating the potential to synchronize many cells.","p311",NULL,NULL,NULL,NULL,15927687,0,"All AA?CA3, CA1 Pyramidal cells",NULL,NULL,1007218
3100240,1010,NULL,1000,NULL,"Although other cell types show target specificity, AACs outshine them all with their remarkable precision. In nearly all quantitative studies, regardless of species or brain area, every chandelier cell terminal synapses with the AISs of pyramidal cells, granule cells or mossy cells [3,7,10,14,16,28ï¿½30].","p311",NULL,NULL,NULL,NULL,15927687,0,"All AA?GC, MC, CA3&CA1 PC",NULL,NULL,1007220
3100240,1010,NULL,1002,NULL,"Although other cell types show target specificity, AACs outshine them all with their remarkable precision. In nearly all quantitative studies, regardless of species or brain area, every chandelier cell terminal synapses with the AISs of pyramidal cells, granule cells or mossy cells [3,7,10,14,16,28ï¿½30].","p311",NULL,NULL,NULL,NULL,15927687,0,"All AA?GC, MC, CA3&CA1 PC",NULL,NULL,1007220
3100240,2028,NULL,2000,NULL,"Although other cell types show target specificity, AACs outshine them all with their remarkable precision. In nearly all quantitative studies, regardless of species or brain area, every chandelier cell terminal synapses with the AISs of pyramidal cells, granule cells or mossy cells [3,7,10,14,16,28ï¿½30].","p311",NULL,NULL,NULL,NULL,15927687,0,"All AA?GC, MC, CA3&CA1 PC",NULL,NULL,1007220
3100240,4036,NULL,4000,NULL,"Although other cell types show target specificity, AACs outshine them all with their remarkable precision. In nearly all quantitative studies, regardless of species or brain area, every chandelier cell terminal synapses with the AISs of pyramidal cells, granule cells or mossy cells [3,7,10,14,16,28ï¿½30].","p311",NULL,NULL,NULL,NULL,15927687,0,"All AA?GC, MC, CA3&CA1 PC",NULL,NULL,1007220
3100241,2028,NULL,2000,NULL,"Axon initial segment (AIS) specializations: the differences between the axo-axonic cell (AAC)ï¿½pyramidal cell synapse (left) and the cerebellar basket cellï¿½Purkinje cell synapse (right). Some molecules are present only in subsets of AAC boutons, such as PSA-NCAM in human temporal cortex and subiculum [25,26], 5-HT1A in monkey and human temporal neocortex [47] and M2 ACh receptors in rat hippocampus [48]. Importantly, the NaC channel Nav1.6 and the cell adhesion molecules NrCAM and neurofascin are only known to be localized at the Purkinje cell AIS [49,51]. The different morphologies of the two types of presynaptic terminals and the presence of glia in the case of the cerebellum are also illustrated. Note that AACs provide multiple synapses exclusively to pyramidal cell AISs, whereas cerebellar basket cells provide synapses mostly to Purkinje cell somata, and at most two synapses to the Purkinje cell AIS.","Fig. 2",NULL,NULL,NULL,NULL,15927687,0,"All AA?CA3, CA1 Pyramidal cells",NULL,NULL,1007222
3100241,4036,NULL,4000,NULL,"Axon initial segment (AIS) specializations: the differences between the axo-axonic cell (AAC)ï¿½pyramidal cell synapse (left) and the cerebellar basket cellï¿½Purkinje cell synapse (right). Some molecules are present only in subsets of AAC boutons, such as PSA-NCAM in human temporal cortex and subiculum [25,26], 5-HT1A in monkey and human temporal neocortex [47] and M2 ACh receptors in rat hippocampus [48]. Importantly, the NaC channel Nav1.6 and the cell adhesion molecules NrCAM and neurofascin are only known to be localized at the Purkinje cell AIS [49,51]. The different morphologies of the two types of presynaptic terminals and the presence of glia in the case of the cerebellum are also illustrated. Note that AACs provide multiple synapses exclusively to pyramidal cell AISs, whereas cerebellar basket cells provide synapses mostly to Purkinje cell somata, and at most two synapses to the Purkinje cell AIS.","Fig. 2",NULL,NULL,NULL,NULL,15927687,0,"All AA?CA3, CA1 Pyramidal cells",NULL,NULL,1007222
3100242,4035,NULL,4000,NULL,"The trilaminar cell {CA1 CA1 Trilaminar} had a large projection from the CA1 area to the subiculum and a preferential innervation of interneurons in the CA1 area in addition to pyramidal cell somata and dendrites.","p10520",NULL,NULL,NULL,NULL,16280590,0,"CA1 Trilam 0113p?CA1 Pyr",NULL,NULL,1007138
3100243,1035,NULL,1035,NULL,"Roughly 1% of the 11,000 synapses made by a single basket cell axon in the granule cell layer of the dentate [gyrus] are onto other basket cells (Sik et al. 1997) with three to seven synapses per postsynaptic cell (Bartos et al. 2001). Consequently, we estimated that each basket cell in the dentate gyrus contacted 35 other basket cells.","p1581",NULL,NULL,NULL,NULL,17093119,0,"DG BC?DG BC",NULL,NULL,1005021
3100244,4036,NULL,4036,NULL,"The presence of Cx36-immunoreactive spots at dendrodendritic alignments of the 3 identified PV-positive cell types strongly suggests that they are involved in electrical coupling via gap junctions, as shown by electron microscopy of PV-positive neurons previously (Fukuda and Kosaka 2003; Fukuda et al. 2006) and confirmed for the anti-Cx36 antibody with electron microscopy here.","p2103",NULL,NULL,NULL,NULL,17122364,0," CA1 axoaxonic, basket, or bistratified cells and unidentified PV or ?1-GABAARï¿½immunoreactive dendrites?CA1 axoaxonic, basket, or bistratified cells and unidentified PV or ?1-GABAARï¿½immunoreactive dendrites",NULL,NULL,2000034
3100244,4036,NULL,4078,NULL,"The presence of Cx36-immunoreactive spots at dendrodendritic alignments of the 3 identified PV-positive cell types strongly suggests that they are involved in electrical coupling via gap junctions, as shown by electron microscopy of PV-positive neurons previously (Fukuda and Kosaka 2003; Fukuda et al. 2006) and confirmed for the anti-Cx36 antibody with electron microscopy here.","p2103",NULL,NULL,NULL,NULL,17122364,0," CA1 axoaxonic, basket, or bistratified cells and unidentified PV or ?1-GABAARï¿½immunoreactive dendrites?CA1 axoaxonic, basket, or bistratified cells and unidentified PV or ?1-GABAARï¿½immunoreactive dendrites",NULL,NULL,2000034
3100244,4036,NULL,4080,NULL,"The presence of Cx36-immunoreactive spots at dendrodendritic alignments of the 3 identified PV-positive cell types strongly suggests that they are involved in electrical coupling via gap junctions, as shown by electron microscopy of PV-positive neurons previously (Fukuda and Kosaka 2003; Fukuda et al. 2006) and confirmed for the anti-Cx36 antibody with electron microscopy here.","p2103",NULL,NULL,NULL,NULL,17122364,0," CA1 axoaxonic, basket, or bistratified cells and unidentified PV or ?1-GABAARï¿½immunoreactive dendrites?CA1 axoaxonic, basket, or bistratified cells and unidentified PV or ?1-GABAARï¿½immunoreactive dendrites",NULL,NULL,2000034
3100244,4078,NULL,4036,NULL,"The presence of Cx36-immunoreactive spots at dendrodendritic alignments of the 3 identified PV-positive cell types strongly suggests that they are involved in electrical coupling via gap junctions, as shown by electron microscopy of PV-positive neurons previously (Fukuda and Kosaka 2003; Fukuda et al. 2006) and confirmed for the anti-Cx36 antibody with electron microscopy here.","p2103",NULL,NULL,NULL,NULL,17122364,0," CA1 axoaxonic, basket, or bistratified cells and unidentified PV or ?1-GABAARï¿½immunoreactive dendrites?CA1 axoaxonic, basket, or bistratified cells and unidentified PV or ?1-GABAARï¿½immunoreactive dendrites",NULL,NULL,2000034
3100244,4078,NULL,4078,NULL,"The presence of Cx36-immunoreactive spots at dendrodendritic alignments of the 3 identified PV-positive cell types strongly suggests that they are involved in electrical coupling via gap junctions, as shown by electron microscopy of PV-positive neurons previously (Fukuda and Kosaka 2003; Fukuda et al. 2006) and confirmed for the anti-Cx36 antibody with electron microscopy here.","p2103",NULL,NULL,NULL,NULL,17122364,0," CA1 axoaxonic, basket, or bistratified cells and unidentified PV or ?1-GABAARï¿½immunoreactive dendrites?CA1 axoaxonic, basket, or bistratified cells and unidentified PV or ?1-GABAARï¿½immunoreactive dendrites",NULL,NULL,2000034
3100244,4078,NULL,4080,NULL,"The presence of Cx36-immunoreactive spots at dendrodendritic alignments of the 3 identified PV-positive cell types strongly suggests that they are involved in electrical coupling via gap junctions, as shown by electron microscopy of PV-positive neurons previously (Fukuda and Kosaka 2003; Fukuda et al. 2006) and confirmed for the anti-Cx36 antibody with electron microscopy here.","p2103",NULL,NULL,NULL,NULL,17122364,0," CA1 axoaxonic, basket, or bistratified cells and unidentified PV or ?1-GABAARï¿½immunoreactive dendrites?CA1 axoaxonic, basket, or bistratified cells and unidentified PV or ?1-GABAARï¿½immunoreactive dendrites",NULL,NULL,2000034
3100244,4080,NULL,4036,NULL,"The presence of Cx36-immunoreactive spots at dendrodendritic alignments of the 3 identified PV-positive cell types strongly suggests that they are involved in electrical coupling via gap junctions, as shown by electron microscopy of PV-positive neurons previously (Fukuda and Kosaka 2003; Fukuda et al. 2006) and confirmed for the anti-Cx36 antibody with electron microscopy here.","p2103",NULL,NULL,NULL,NULL,17122364,0," CA1 axoaxonic, basket, or bistratified cells and unidentified PV or ?1-GABAARï¿½immunoreactive dendrites?CA1 axoaxonic, basket, or bistratified cells and unidentified PV or ?1-GABAARï¿½immunoreactive dendrites",NULL,NULL,2000034
3100244,4080,NULL,4078,NULL,"The presence of Cx36-immunoreactive spots at dendrodendritic alignments of the 3 identified PV-positive cell types strongly suggests that they are involved in electrical coupling via gap junctions, as shown by electron microscopy of PV-positive neurons previously (Fukuda and Kosaka 2003; Fukuda et al. 2006) and confirmed for the anti-Cx36 antibody with electron microscopy here.","p2103",NULL,NULL,NULL,NULL,17122364,0," CA1 axoaxonic, basket, or bistratified cells and unidentified PV or ?1-GABAARï¿½immunoreactive dendrites?CA1 axoaxonic, basket, or bistratified cells and unidentified PV or ?1-GABAARï¿½immunoreactive dendrites",NULL,NULL,2000034
3100244,4080,NULL,4080,NULL,"The presence of Cx36-immunoreactive spots at dendrodendritic alignments of the 3 identified PV-positive cell types strongly suggests that they are involved in electrical coupling via gap junctions, as shown by electron microscopy of PV-positive neurons previously (Fukuda and Kosaka 2003; Fukuda et al. 2006) and confirmed for the anti-Cx36 antibody with electron microscopy here.","p2103",NULL,NULL,NULL,NULL,17122364,0," CA1 axoaxonic, basket, or bistratified cells and unidentified PV or ?1-GABAARï¿½immunoreactive dendrites?CA1 axoaxonic, basket, or bistratified cells and unidentified PV or ?1-GABAARï¿½immunoreactive dendrites",NULL,NULL,2000034
3100245,4036,NULL,4036,NULL,"Immunofluorescence labeling with antibodies against Cx36 resulted in dotty labeling in the CA1 area. The most prominent labeling was found in stratum radiatum toward stratum lacunosum-moleculare and in stratum lacunosum-moleculare and at the border between stratum oriens and alveus. When immunolabeling for Cx36 was combined with PV immunocytochemistry, most of the Cx36-positive dots were colocalized with PV-positive dendrites (Fig. 8A). Counts in 3 animals show that 76 ï¿½ 7% (mean ï¿½ standard deviation) of Cx36-positive dots (n = 249) were associated with the crossings of 2 PV-expressing dendrites, 18 ï¿½ 8% were associated with a single PV-expressing dendrites, and 6 ï¿½ 2% were not associated with PV-expressing processes. No significant differences were found for the distributions in stratum radiatum/lacunosum-moleculare versus stratum oriens in the 3 animals (P > 0.2, ?2 test).","p2101",NULL,NULL,NULL,NULL,17122364,0,"CA1 axoaxonic, basket, or bistratified cells and unidentified PV or ?1-GABAARï¿½immunoreactive dendrites?CA1 axoaxonic, basket, or bistratified cells and unidentified PV or ?1-GABAARï¿½immunoreactive dendrites",NULL,NULL,2000035
3100245,4036,NULL,4078,NULL,"Immunofluorescence labeling with antibodies against Cx36 resulted in dotty labeling in the CA1 area. The most prominent labeling was found in stratum radiatum toward stratum lacunosum-moleculare and in stratum lacunosum-moleculare and at the border between stratum oriens and alveus. When immunolabeling for Cx36 was combined with PV immunocytochemistry, most of the Cx36-positive dots were colocalized with PV-positive dendrites (Fig. 8A). Counts in 3 animals show that 76 ï¿½ 7% (mean ï¿½ standard deviation) of Cx36-positive dots (n = 249) were associated with the crossings of 2 PV-expressing dendrites, 18 ï¿½ 8% were associated with a single PV-expressing dendrites, and 6 ï¿½ 2% were not associated with PV-expressing processes. No significant differences were found for the distributions in stratum radiatum/lacunosum-moleculare versus stratum oriens in the 3 animals (P > 0.2, ?2 test).","p2101",NULL,NULL,NULL,NULL,17122364,0,"CA1 axoaxonic, basket, or bistratified cells and unidentified PV or ?1-GABAARï¿½immunoreactive dendrites?CA1 axoaxonic, basket, or bistratified cells and unidentified PV or ?1-GABAARï¿½immunoreactive dendrites",NULL,NULL,2000035
3100245,4036,NULL,4080,NULL,"Immunofluorescence labeling with antibodies against Cx36 resulted in dotty labeling in the CA1 area. The most prominent labeling was found in stratum radiatum toward stratum lacunosum-moleculare and in stratum lacunosum-moleculare and at the border between stratum oriens and alveus. When immunolabeling for Cx36 was combined with PV immunocytochemistry, most of the Cx36-positive dots were colocalized with PV-positive dendrites (Fig. 8A). Counts in 3 animals show that 76 ï¿½ 7% (mean ï¿½ standard deviation) of Cx36-positive dots (n = 249) were associated with the crossings of 2 PV-expressing dendrites, 18 ï¿½ 8% were associated with a single PV-expressing dendrites, and 6 ï¿½ 2% were not associated with PV-expressing processes. No significant differences were found for the distributions in stratum radiatum/lacunosum-moleculare versus stratum oriens in the 3 animals (P > 0.2, ?2 test).","p2101",NULL,NULL,NULL,NULL,17122364,0,"CA1 axoaxonic, basket, or bistratified cells and unidentified PV or ?1-GABAARï¿½immunoreactive dendrites?CA1 axoaxonic, basket, or bistratified cells and unidentified PV or ?1-GABAARï¿½immunoreactive dendrites",NULL,NULL,2000035
3100245,4078,NULL,4036,NULL,"Immunofluorescence labeling with antibodies against Cx36 resulted in dotty labeling in the CA1 area. The most prominent labeling was found in stratum radiatum toward stratum lacunosum-moleculare and in stratum lacunosum-moleculare and at the border between stratum oriens and alveus. When immunolabeling for Cx36 was combined with PV immunocytochemistry, most of the Cx36-positive dots were colocalized with PV-positive dendrites (Fig. 8A). Counts in 3 animals show that 76 ï¿½ 7% (mean ï¿½ standard deviation) of Cx36-positive dots (n = 249) were associated with the crossings of 2 PV-expressing dendrites, 18 ï¿½ 8% were associated with a single PV-expressing dendrites, and 6 ï¿½ 2% were not associated with PV-expressing processes. No significant differences were found for the distributions in stratum radiatum/lacunosum-moleculare versus stratum oriens in the 3 animals (P > 0.2, ?2 test).","p2101",NULL,NULL,NULL,NULL,17122364,0,"CA1 axoaxonic, basket, or bistratified cells and unidentified PV or ?1-GABAARï¿½immunoreactive dendrites?CA1 axoaxonic, basket, or bistratified cells and unidentified PV or ?1-GABAARï¿½immunoreactive dendrites",NULL,NULL,2000035
3100245,4078,NULL,4078,NULL,"Immunofluorescence labeling with antibodies against Cx36 resulted in dotty labeling in the CA1 area. The most prominent labeling was found in stratum radiatum toward stratum lacunosum-moleculare and in stratum lacunosum-moleculare and at the border between stratum oriens and alveus. When immunolabeling for Cx36 was combined with PV immunocytochemistry, most of the Cx36-positive dots were colocalized with PV-positive dendrites (Fig. 8A). Counts in 3 animals show that 76 ï¿½ 7% (mean ï¿½ standard deviation) of Cx36-positive dots (n = 249) were associated with the crossings of 2 PV-expressing dendrites, 18 ï¿½ 8% were associated with a single PV-expressing dendrites, and 6 ï¿½ 2% were not associated with PV-expressing processes. No significant differences were found for the distributions in stratum radiatum/lacunosum-moleculare versus stratum oriens in the 3 animals (P > 0.2, ?2 test).","p2101",NULL,NULL,NULL,NULL,17122364,0,"CA1 axoaxonic, basket, or bistratified cells and unidentified PV or ?1-GABAARï¿½immunoreactive dendrites?CA1 axoaxonic, basket, or bistratified cells and unidentified PV or ?1-GABAARï¿½immunoreactive dendrites",NULL,NULL,2000035
3100245,4078,NULL,4080,NULL,"Immunofluorescence labeling with antibodies against Cx36 resulted in dotty labeling in the CA1 area. The most prominent labeling was found in stratum radiatum toward stratum lacunosum-moleculare and in stratum lacunosum-moleculare and at the border between stratum oriens and alveus. When immunolabeling for Cx36 was combined with PV immunocytochemistry, most of the Cx36-positive dots were colocalized with PV-positive dendrites (Fig. 8A). Counts in 3 animals show that 76 ï¿½ 7% (mean ï¿½ standard deviation) of Cx36-positive dots (n = 249) were associated with the crossings of 2 PV-expressing dendrites, 18 ï¿½ 8% were associated with a single PV-expressing dendrites, and 6 ï¿½ 2% were not associated with PV-expressing processes. No significant differences were found for the distributions in stratum radiatum/lacunosum-moleculare versus stratum oriens in the 3 animals (P > 0.2, ?2 test).","p2101",NULL,NULL,NULL,NULL,17122364,0,"CA1 axoaxonic, basket, or bistratified cells and unidentified PV or ?1-GABAARï¿½immunoreactive dendrites?CA1 axoaxonic, basket, or bistratified cells and unidentified PV or ?1-GABAARï¿½immunoreactive dendrites",NULL,NULL,2000035
3100245,4080,NULL,4036,NULL,"Immunofluorescence labeling with antibodies against Cx36 resulted in dotty labeling in the CA1 area. The most prominent labeling was found in stratum radiatum toward stratum lacunosum-moleculare and in stratum lacunosum-moleculare and at the border between stratum oriens and alveus. When immunolabeling for Cx36 was combined with PV immunocytochemistry, most of the Cx36-positive dots were colocalized with PV-positive dendrites (Fig. 8A). Counts in 3 animals show that 76 ï¿½ 7% (mean ï¿½ standard deviation) of Cx36-positive dots (n = 249) were associated with the crossings of 2 PV-expressing dendrites, 18 ï¿½ 8% were associated with a single PV-expressing dendrites, and 6 ï¿½ 2% were not associated with PV-expressing processes. No significant differences were found for the distributions in stratum radiatum/lacunosum-moleculare versus stratum oriens in the 3 animals (P > 0.2, ?2 test).","p2101",NULL,NULL,NULL,NULL,17122364,0,"CA1 axoaxonic, basket, or bistratified cells and unidentified PV or ?1-GABAARï¿½immunoreactive dendrites?CA1 axoaxonic, basket, or bistratified cells and unidentified PV or ?1-GABAARï¿½immunoreactive dendrites",NULL,NULL,2000035
3100245,4080,NULL,4078,NULL,"Immunofluorescence labeling with antibodies against Cx36 resulted in dotty labeling in the CA1 area. The most prominent labeling was found in stratum radiatum toward stratum lacunosum-moleculare and in stratum lacunosum-moleculare and at the border between stratum oriens and alveus. When immunolabeling for Cx36 was combined with PV immunocytochemistry, most of the Cx36-positive dots were colocalized with PV-positive dendrites (Fig. 8A). Counts in 3 animals show that 76 ï¿½ 7% (mean ï¿½ standard deviation) of Cx36-positive dots (n = 249) were associated with the crossings of 2 PV-expressing dendrites, 18 ï¿½ 8% were associated with a single PV-expressing dendrites, and 6 ï¿½ 2% were not associated with PV-expressing processes. No significant differences were found for the distributions in stratum radiatum/lacunosum-moleculare versus stratum oriens in the 3 animals (P > 0.2, ?2 test).","p2101",NULL,NULL,NULL,NULL,17122364,0,"CA1 axoaxonic, basket, or bistratified cells and unidentified PV or ?1-GABAARï¿½immunoreactive dendrites?CA1 axoaxonic, basket, or bistratified cells and unidentified PV or ?1-GABAARï¿½immunoreactive dendrites",NULL,NULL,2000035
3100245,4080,NULL,4080,NULL,"Immunofluorescence labeling with antibodies against Cx36 resulted in dotty labeling in the CA1 area. The most prominent labeling was found in stratum radiatum toward stratum lacunosum-moleculare and in stratum lacunosum-moleculare and at the border between stratum oriens and alveus. When immunolabeling for Cx36 was combined with PV immunocytochemistry, most of the Cx36-positive dots were colocalized with PV-positive dendrites (Fig. 8A). Counts in 3 animals show that 76 ï¿½ 7% (mean ï¿½ standard deviation) of Cx36-positive dots (n = 249) were associated with the crossings of 2 PV-expressing dendrites, 18 ï¿½ 8% were associated with a single PV-expressing dendrites, and 6 ï¿½ 2% were not associated with PV-expressing processes. No significant differences were found for the distributions in stratum radiatum/lacunosum-moleculare versus stratum oriens in the 3 animals (P > 0.2, ?2 test).","p2101",NULL,NULL,NULL,NULL,17122364,0,"CA1 axoaxonic, basket, or bistratified cells and unidentified PV or ?1-GABAARï¿½immunoreactive dendrites?CA1 axoaxonic, basket, or bistratified cells and unidentified PV or ?1-GABAARï¿½immunoreactive dendrites",NULL,NULL,2000035
3100246,4036,NULL,4036,NULL,"(Cï¿½F) Confocal views of neurobiotin-filled dendrites (arrowheads) of axoaxonic (T103b, T88a), basket (T119a), and bistratified (C22a) cells expressing Cx36-immunoreactive dots (arrows) at junctions with dendrites of unfilled cells immunoreactive for PV and ?1-GABAAR (double arrows). Note that in (C1), one of the Cx36-immunoreactive dots (arrow) is located on a spine emanating from the filled dendrite (arrow in C2). Axoaxonic cell T88a in (D3) expresses low amounts of ?1-GABAAR but forms a Cx36-immunoreactive junction with a strongly ?1-GABAARï¿½expressing dendrite, presumably originating from another type of cell. Arrowheads show that the dendrites of the filled cells are immunoreactive for PV (C3, E3) or ?1-GABAA (D3, F3). Scale bars: (B) 50 nm; (A, Cï¿½F) 5 ?m.","p2104",NULL,NULL,NULL,NULL,17122364,0,"CA1 axoaxonic, basket, or bistratified cells and unidentified PV or ?1-GABAARï¿½immunoreactive dendrites?CA1 axoaxonic, basket, or bistratified cells and unidentified PV or ?1-GABAARï¿½immunoreactive dendrites",NULL,NULL,2000036
3100246,4036,NULL,4078,NULL,"(Cï¿½F) Confocal views of neurobiotin-filled dendrites (arrowheads) of axoaxonic (T103b, T88a), basket (T119a), and bistratified (C22a) cells expressing Cx36-immunoreactive dots (arrows) at junctions with dendrites of unfilled cells immunoreactive for PV and ?1-GABAAR (double arrows). Note that in (C1), one of the Cx36-immunoreactive dots (arrow) is located on a spine emanating from the filled dendrite (arrow in C2). Axoaxonic cell T88a in (D3) expresses low amounts of ?1-GABAAR but forms a Cx36-immunoreactive junction with a strongly ?1-GABAARï¿½expressing dendrite, presumably originating from another type of cell. Arrowheads show that the dendrites of the filled cells are immunoreactive for PV (C3, E3) or ?1-GABAA (D3, F3). Scale bars: (B) 50 nm; (A, Cï¿½F) 5 ?m.","p2104",NULL,NULL,NULL,NULL,17122364,0,"CA1 axoaxonic, basket, or bistratified cells and unidentified PV or ?1-GABAARï¿½immunoreactive dendrites?CA1 axoaxonic, basket, or bistratified cells and unidentified PV or ?1-GABAARï¿½immunoreactive dendrites",NULL,NULL,2000036
3100246,4036,NULL,4080,NULL,"(Cï¿½F) Confocal views of neurobiotin-filled dendrites (arrowheads) of axoaxonic (T103b, T88a), basket (T119a), and bistratified (C22a) cells expressing Cx36-immunoreactive dots (arrows) at junctions with dendrites of unfilled cells immunoreactive for PV and ?1-GABAAR (double arrows). Note that in (C1), one of the Cx36-immunoreactive dots (arrow) is located on a spine emanating from the filled dendrite (arrow in C2). Axoaxonic cell T88a in (D3) expresses low amounts of ?1-GABAAR but forms a Cx36-immunoreactive junction with a strongly ?1-GABAARï¿½expressing dendrite, presumably originating from another type of cell. Arrowheads show that the dendrites of the filled cells are immunoreactive for PV (C3, E3) or ?1-GABAA (D3, F3). Scale bars: (B) 50 nm; (A, Cï¿½F) 5 ?m.","p2104",NULL,NULL,NULL,NULL,17122364,0,"CA1 axoaxonic, basket, or bistratified cells and unidentified PV or ?1-GABAARï¿½immunoreactive dendrites?CA1 axoaxonic, basket, or bistratified cells and unidentified PV or ?1-GABAARï¿½immunoreactive dendrites",NULL,NULL,2000036
3100246,4078,NULL,4036,NULL,"(Cï¿½F) Confocal views of neurobiotin-filled dendrites (arrowheads) of axoaxonic (T103b, T88a), basket (T119a), and bistratified (C22a) cells expressing Cx36-immunoreactive dots (arrows) at junctions with dendrites of unfilled cells immunoreactive for PV and ?1-GABAAR (double arrows). Note that in (C1), one of the Cx36-immunoreactive dots (arrow) is located on a spine emanating from the filled dendrite (arrow in C2). Axoaxonic cell T88a in (D3) expresses low amounts of ?1-GABAAR but forms a Cx36-immunoreactive junction with a strongly ?1-GABAARï¿½expressing dendrite, presumably originating from another type of cell. Arrowheads show that the dendrites of the filled cells are immunoreactive for PV (C3, E3) or ?1-GABAA (D3, F3). Scale bars: (B) 50 nm; (A, Cï¿½F) 5 ?m.","p2104",NULL,NULL,NULL,NULL,17122364,0,"CA1 axoaxonic, basket, or bistratified cells and unidentified PV or ?1-GABAARï¿½immunoreactive dendrites?CA1 axoaxonic, basket, or bistratified cells and unidentified PV or ?1-GABAARï¿½immunoreactive dendrites",NULL,NULL,2000036
3100246,4078,NULL,4078,NULL,"(Cï¿½F) Confocal views of neurobiotin-filled dendrites (arrowheads) of axoaxonic (T103b, T88a), basket (T119a), and bistratified (C22a) cells expressing Cx36-immunoreactive dots (arrows) at junctions with dendrites of unfilled cells immunoreactive for PV and ?1-GABAAR (double arrows). Note that in (C1), one of the Cx36-immunoreactive dots (arrow) is located on a spine emanating from the filled dendrite (arrow in C2). Axoaxonic cell T88a in (D3) expresses low amounts of ?1-GABAAR but forms a Cx36-immunoreactive junction with a strongly ?1-GABAARï¿½expressing dendrite, presumably originating from another type of cell. Arrowheads show that the dendrites of the filled cells are immunoreactive for PV (C3, E3) or ?1-GABAA (D3, F3). Scale bars: (B) 50 nm; (A, Cï¿½F) 5 ?m.","p2104",NULL,NULL,NULL,NULL,17122364,0,"CA1 axoaxonic, basket, or bistratified cells and unidentified PV or ?1-GABAARï¿½immunoreactive dendrites?CA1 axoaxonic, basket, or bistratified cells and unidentified PV or ?1-GABAARï¿½immunoreactive dendrites",NULL,NULL,2000036
3100246,4078,NULL,4080,NULL,"(Cï¿½F) Confocal views of neurobiotin-filled dendrites (arrowheads) of axoaxonic (T103b, T88a), basket (T119a), and bistratified (C22a) cells expressing Cx36-immunoreactive dots (arrows) at junctions with dendrites of unfilled cells immunoreactive for PV and ?1-GABAAR (double arrows). Note that in (C1), one of the Cx36-immunoreactive dots (arrow) is located on a spine emanating from the filled dendrite (arrow in C2). Axoaxonic cell T88a in (D3) expresses low amounts of ?1-GABAAR but forms a Cx36-immunoreactive junction with a strongly ?1-GABAARï¿½expressing dendrite, presumably originating from another type of cell. Arrowheads show that the dendrites of the filled cells are immunoreactive for PV (C3, E3) or ?1-GABAA (D3, F3). Scale bars: (B) 50 nm; (A, Cï¿½F) 5 ?m.","p2104",NULL,NULL,NULL,NULL,17122364,0,"CA1 axoaxonic, basket, or bistratified cells and unidentified PV or ?1-GABAARï¿½immunoreactive dendrites?CA1 axoaxonic, basket, or bistratified cells and unidentified PV or ?1-GABAARï¿½immunoreactive dendrites",NULL,NULL,2000036
3100246,4080,NULL,4036,NULL,"(Cï¿½F) Confocal views of neurobiotin-filled dendrites (arrowheads) of axoaxonic (T103b, T88a), basket (T119a), and bistratified (C22a) cells expressing Cx36-immunoreactive dots (arrows) at junctions with dendrites of unfilled cells immunoreactive for PV and ?1-GABAAR (double arrows). Note that in (C1), one of the Cx36-immunoreactive dots (arrow) is located on a spine emanating from the filled dendrite (arrow in C2). Axoaxonic cell T88a in (D3) expresses low amounts of ?1-GABAAR but forms a Cx36-immunoreactive junction with a strongly ?1-GABAARï¿½expressing dendrite, presumably originating from another type of cell. Arrowheads show that the dendrites of the filled cells are immunoreactive for PV (C3, E3) or ?1-GABAA (D3, F3). Scale bars: (B) 50 nm; (A, Cï¿½F) 5 ?m.","p2104",NULL,NULL,NULL,NULL,17122364,0,"CA1 axoaxonic, basket, or bistratified cells and unidentified PV or ?1-GABAARï¿½immunoreactive dendrites?CA1 axoaxonic, basket, or bistratified cells and unidentified PV or ?1-GABAARï¿½immunoreactive dendrites",NULL,NULL,2000036
3100246,4080,NULL,4078,NULL,"(Cï¿½F) Confocal views of neurobiotin-filled dendrites (arrowheads) of axoaxonic (T103b, T88a), basket (T119a), and bistratified (C22a) cells expressing Cx36-immunoreactive dots (arrows) at junctions with dendrites of unfilled cells immunoreactive for PV and ?1-GABAAR (double arrows). Note that in (C1), one of the Cx36-immunoreactive dots (arrow) is located on a spine emanating from the filled dendrite (arrow in C2). Axoaxonic cell T88a in (D3) expresses low amounts of ?1-GABAAR but forms a Cx36-immunoreactive junction with a strongly ?1-GABAARï¿½expressing dendrite, presumably originating from another type of cell. Arrowheads show that the dendrites of the filled cells are immunoreactive for PV (C3, E3) or ?1-GABAA (D3, F3). Scale bars: (B) 50 nm; (A, Cï¿½F) 5 ?m.","p2104",NULL,NULL,NULL,NULL,17122364,0,"CA1 axoaxonic, basket, or bistratified cells and unidentified PV or ?1-GABAARï¿½immunoreactive dendrites?CA1 axoaxonic, basket, or bistratified cells and unidentified PV or ?1-GABAARï¿½immunoreactive dendrites",NULL,NULL,2000036
3100246,4080,NULL,4080,NULL,"(Cï¿½F) Confocal views of neurobiotin-filled dendrites (arrowheads) of axoaxonic (T103b, T88a), basket (T119a), and bistratified (C22a) cells expressing Cx36-immunoreactive dots (arrows) at junctions with dendrites of unfilled cells immunoreactive for PV and ?1-GABAAR (double arrows). Note that in (C1), one of the Cx36-immunoreactive dots (arrow) is located on a spine emanating from the filled dendrite (arrow in C2). Axoaxonic cell T88a in (D3) expresses low amounts of ?1-GABAAR but forms a Cx36-immunoreactive junction with a strongly ?1-GABAARï¿½expressing dendrite, presumably originating from another type of cell. Arrowheads show that the dendrites of the filled cells are immunoreactive for PV (C3, E3) or ?1-GABAA (D3, F3). Scale bars: (B) 50 nm; (A, Cï¿½F) 5 ?m.","p2104",NULL,NULL,NULL,NULL,17122364,0,"CA1 axoaxonic, basket, or bistratified cells and unidentified PV or ?1-GABAARï¿½immunoreactive dendrites?CA1 axoaxonic, basket, or bistratified cells and unidentified PV or ?1-GABAARï¿½immunoreactive dendrites",NULL,NULL,2000036
3100247,4036,NULL,4036,NULL,"The presence of immunoreactivity for Cx36 at meeting points between dendrites of identified axoaxonic, basket, or bistratified cells and unidentified PV or ?1-GABAARï¿½immunoreactive dendrites is in line with reports of electrical coupling between interneurons of the same class (Galarreta and Hestrin 1999; Gibson et al. 1999; Tamas et al. 2000; Fukuda and Kosaka 2003; Price et al. 2005; Zsiros and Maccaferri 2005). This might be of particular importance for the synchronization of axoaxonic cells because no GABAergic synaptic input or interconnectivity has been reported between members of this cell type. However, in one case, an axoaxonic cell dendrite shared Cx36 immunolabeling with a strongly ?1-GABAARï¿½immunoreactive dendrite, suggesting the formation of a gap junction with a non-axoaxonic cell. Electrical coupling between neurons of different classes has been described rarely for fast-spiking cortical interneurons (Gibson et al. 1999) and more frequently for other interneurons (Simon et al. 2005). In addition, gap junctions between PV-positive and negative, presumptive interneuron dendrites have been also described in rat cortex (Fukuda and Kosaka 2003).","p2105",NULL,NULL,NULL,NULL,17122364,0,"CA1 axoaxonic, basket, or bistratified cells and unidentified PV or ?1-GABAARï¿½immunoreactive dendrites?CA1 axoaxonic, basket, or bistratified cells and unidentified PV or ?1-GABAARï¿½immunoreactive dendrites",NULL,NULL,2000037
3100247,4036,NULL,4078,NULL,"The presence of immunoreactivity for Cx36 at meeting points between dendrites of identified axoaxonic, basket, or bistratified cells and unidentified PV or ?1-GABAARï¿½immunoreactive dendrites is in line with reports of electrical coupling between interneurons of the same class (Galarreta and Hestrin 1999; Gibson et al. 1999; Tamas et al. 2000; Fukuda and Kosaka 2003; Price et al. 2005; Zsiros and Maccaferri 2005). This might be of particular importance for the synchronization of axoaxonic cells because no GABAergic synaptic input or interconnectivity has been reported between members of this cell type. However, in one case, an axoaxonic cell dendrite shared Cx36 immunolabeling with a strongly ?1-GABAARï¿½immunoreactive dendrite, suggesting the formation of a gap junction with a non-axoaxonic cell. Electrical coupling between neurons of different classes has been described rarely for fast-spiking cortical interneurons (Gibson et al. 1999) and more frequently for other interneurons (Simon et al. 2005). In addition, gap junctions between PV-positive and negative, presumptive interneuron dendrites have been also described in rat cortex (Fukuda and Kosaka 2003).","p2105",NULL,NULL,NULL,NULL,17122364,0,"CA1 axoaxonic, basket, or bistratified cells and unidentified PV or ?1-GABAARï¿½immunoreactive dendrites?CA1 axoaxonic, basket, or bistratified cells and unidentified PV or ?1-GABAARï¿½immunoreactive dendrites",NULL,NULL,2000037
3100247,4036,NULL,4080,NULL,"The presence of immunoreactivity for Cx36 at meeting points between dendrites of identified axoaxonic, basket, or bistratified cells and unidentified PV or ?1-GABAARï¿½immunoreactive dendrites is in line with reports of electrical coupling between interneurons of the same class (Galarreta and Hestrin 1999; Gibson et al. 1999; Tamas et al. 2000; Fukuda and Kosaka 2003; Price et al. 2005; Zsiros and Maccaferri 2005). This might be of particular importance for the synchronization of axoaxonic cells because no GABAergic synaptic input or interconnectivity has been reported between members of this cell type. However, in one case, an axoaxonic cell dendrite shared Cx36 immunolabeling with a strongly ?1-GABAARï¿½immunoreactive dendrite, suggesting the formation of a gap junction with a non-axoaxonic cell. Electrical coupling between neurons of different classes has been described rarely for fast-spiking cortical interneurons (Gibson et al. 1999) and more frequently for other interneurons (Simon et al. 2005). In addition, gap junctions between PV-positive and negative, presumptive interneuron dendrites have been also described in rat cortex (Fukuda and Kosaka 2003).","p2105",NULL,NULL,NULL,NULL,17122364,0,"CA1 axoaxonic, basket, or bistratified cells and unidentified PV or ?1-GABAARï¿½immunoreactive dendrites?CA1 axoaxonic, basket, or bistratified cells and unidentified PV or ?1-GABAARï¿½immunoreactive dendrites",NULL,NULL,2000037
3100247,4078,NULL,4036,NULL,"The presence of immunoreactivity for Cx36 at meeting points between dendrites of identified axoaxonic, basket, or bistratified cells and unidentified PV or ?1-GABAARï¿½immunoreactive dendrites is in line with reports of electrical coupling between interneurons of the same class (Galarreta and Hestrin 1999; Gibson et al. 1999; Tamas et al. 2000; Fukuda and Kosaka 2003; Price et al. 2005; Zsiros and Maccaferri 2005). This might be of particular importance for the synchronization of axoaxonic cells because no GABAergic synaptic input or interconnectivity has been reported between members of this cell type. However, in one case, an axoaxonic cell dendrite shared Cx36 immunolabeling with a strongly ?1-GABAARï¿½immunoreactive dendrite, suggesting the formation of a gap junction with a non-axoaxonic cell. Electrical coupling between neurons of different classes has been described rarely for fast-spiking cortical interneurons (Gibson et al. 1999) and more frequently for other interneurons (Simon et al. 2005). In addition, gap junctions between PV-positive and negative, presumptive interneuron dendrites have been also described in rat cortex (Fukuda and Kosaka 2003).","p2105",NULL,NULL,NULL,NULL,17122364,0,"CA1 axoaxonic, basket, or bistratified cells and unidentified PV or ?1-GABAARï¿½immunoreactive dendrites?CA1 axoaxonic, basket, or bistratified cells and unidentified PV or ?1-GABAARï¿½immunoreactive dendrites",NULL,NULL,2000037
3100247,4078,NULL,4078,NULL,"The presence of immunoreactivity for Cx36 at meeting points between dendrites of identified axoaxonic, basket, or bistratified cells and unidentified PV or ?1-GABAARï¿½immunoreactive dendrites is in line with reports of electrical coupling between interneurons of the same class (Galarreta and Hestrin 1999; Gibson et al. 1999; Tamas et al. 2000; Fukuda and Kosaka 2003; Price et al. 2005; Zsiros and Maccaferri 2005). This might be of particular importance for the synchronization of axoaxonic cells because no GABAergic synaptic input or interconnectivity has been reported between members of this cell type. However, in one case, an axoaxonic cell dendrite shared Cx36 immunolabeling with a strongly ?1-GABAARï¿½immunoreactive dendrite, suggesting the formation of a gap junction with a non-axoaxonic cell. Electrical coupling between neurons of different classes has been described rarely for fast-spiking cortical interneurons (Gibson et al. 1999) and more frequently for other interneurons (Simon et al. 2005). In addition, gap junctions between PV-positive and negative, presumptive interneuron dendrites have been also described in rat cortex (Fukuda and Kosaka 2003).","p2105",NULL,NULL,NULL,NULL,17122364,0,"CA1 axoaxonic, basket, or bistratified cells and unidentified PV or ?1-GABAARï¿½immunoreactive dendrites?CA1 axoaxonic, basket, or bistratified cells and unidentified PV or ?1-GABAARï¿½immunoreactive dendrites",NULL,NULL,2000037
3100247,4078,NULL,4080,NULL,"The presence of immunoreactivity for Cx36 at meeting points between dendrites of identified axoaxonic, basket, or bistratified cells and unidentified PV or ?1-GABAARï¿½immunoreactive dendrites is in line with reports of electrical coupling between interneurons of the same class (Galarreta and Hestrin 1999; Gibson et al. 1999; Tamas et al. 2000; Fukuda and Kosaka 2003; Price et al. 2005; Zsiros and Maccaferri 2005). This might be of particular importance for the synchronization of axoaxonic cells because no GABAergic synaptic input or interconnectivity has been reported between members of this cell type. However, in one case, an axoaxonic cell dendrite shared Cx36 immunolabeling with a strongly ?1-GABAARï¿½immunoreactive dendrite, suggesting the formation of a gap junction with a non-axoaxonic cell. Electrical coupling between neurons of different classes has been described rarely for fast-spiking cortical interneurons (Gibson et al. 1999) and more frequently for other interneurons (Simon et al. 2005). In addition, gap junctions between PV-positive and negative, presumptive interneuron dendrites have been also described in rat cortex (Fukuda and Kosaka 2003).","p2105",NULL,NULL,NULL,NULL,17122364,0,"CA1 axoaxonic, basket, or bistratified cells and unidentified PV or ?1-GABAARï¿½immunoreactive dendrites?CA1 axoaxonic, basket, or bistratified cells and unidentified PV or ?1-GABAARï¿½immunoreactive dendrites",NULL,NULL,2000037
3100247,4080,NULL,4036,NULL,"The presence of immunoreactivity for Cx36 at meeting points between dendrites of identified axoaxonic, basket, or bistratified cells and unidentified PV or ?1-GABAARï¿½immunoreactive dendrites is in line with reports of electrical coupling between interneurons of the same class (Galarreta and Hestrin 1999; Gibson et al. 1999; Tamas et al. 2000; Fukuda and Kosaka 2003; Price et al. 2005; Zsiros and Maccaferri 2005). This might be of particular importance for the synchronization of axoaxonic cells because no GABAergic synaptic input or interconnectivity has been reported between members of this cell type. However, in one case, an axoaxonic cell dendrite shared Cx36 immunolabeling with a strongly ?1-GABAARï¿½immunoreactive dendrite, suggesting the formation of a gap junction with a non-axoaxonic cell. Electrical coupling between neurons of different classes has been described rarely for fast-spiking cortical interneurons (Gibson et al. 1999) and more frequently for other interneurons (Simon et al. 2005). In addition, gap junctions between PV-positive and negative, presumptive interneuron dendrites have been also described in rat cortex (Fukuda and Kosaka 2003).","p2105",NULL,NULL,NULL,NULL,17122364,0,"CA1 axoaxonic, basket, or bistratified cells and unidentified PV or ?1-GABAARï¿½immunoreactive dendrites?CA1 axoaxonic, basket, or bistratified cells and unidentified PV or ?1-GABAARï¿½immunoreactive dendrites",NULL,NULL,2000037
3100247,4080,NULL,4078,NULL,"The presence of immunoreactivity for Cx36 at meeting points between dendrites of identified axoaxonic, basket, or bistratified cells and unidentified PV or ?1-GABAARï¿½immunoreactive dendrites is in line with reports of electrical coupling between interneurons of the same class (Galarreta and Hestrin 1999; Gibson et al. 1999; Tamas et al. 2000; Fukuda and Kosaka 2003; Price et al. 2005; Zsiros and Maccaferri 2005). This might be of particular importance for the synchronization of axoaxonic cells because no GABAergic synaptic input or interconnectivity has been reported between members of this cell type. However, in one case, an axoaxonic cell dendrite shared Cx36 immunolabeling with a strongly ?1-GABAARï¿½immunoreactive dendrite, suggesting the formation of a gap junction with a non-axoaxonic cell. Electrical coupling between neurons of different classes has been described rarely for fast-spiking cortical interneurons (Gibson et al. 1999) and more frequently for other interneurons (Simon et al. 2005). In addition, gap junctions between PV-positive and negative, presumptive interneuron dendrites have been also described in rat cortex (Fukuda and Kosaka 2003).","p2105",NULL,NULL,NULL,NULL,17122364,0,"CA1 axoaxonic, basket, or bistratified cells and unidentified PV or ?1-GABAARï¿½immunoreactive dendrites?CA1 axoaxonic, basket, or bistratified cells and unidentified PV or ?1-GABAARï¿½immunoreactive dendrites",NULL,NULL,2000037
3100247,4080,NULL,4080,NULL,"The presence of immunoreactivity for Cx36 at meeting points between dendrites of identified axoaxonic, basket, or bistratified cells and unidentified PV or ?1-GABAARï¿½immunoreactive dendrites is in line with reports of electrical coupling between interneurons of the same class (Galarreta and Hestrin 1999; Gibson et al. 1999; Tamas et al. 2000; Fukuda and Kosaka 2003; Price et al. 2005; Zsiros and Maccaferri 2005). This might be of particular importance for the synchronization of axoaxonic cells because no GABAergic synaptic input or interconnectivity has been reported between members of this cell type. However, in one case, an axoaxonic cell dendrite shared Cx36 immunolabeling with a strongly ?1-GABAARï¿½immunoreactive dendrite, suggesting the formation of a gap junction with a non-axoaxonic cell. Electrical coupling between neurons of different classes has been described rarely for fast-spiking cortical interneurons (Gibson et al. 1999) and more frequently for other interneurons (Simon et al. 2005). In addition, gap junctions between PV-positive and negative, presumptive interneuron dendrites have been also described in rat cortex (Fukuda and Kosaka 2003).","p2105",NULL,NULL,NULL,NULL,17122364,0,"CA1 axoaxonic, basket, or bistratified cells and unidentified PV or ?1-GABAARï¿½immunoreactive dendrites?CA1 axoaxonic, basket, or bistratified cells and unidentified PV or ?1-GABAARï¿½immunoreactive dendrites",NULL,NULL,2000037
3100248,4035,NULL,4000,NULL,"Postsynaptic targets of in vivo recorded nonpyramidal projection neurons {CA1 CA1 Trilaminar} [in CA1]","Table 3",NULL,NULL,NULL,NULL,17699661,0,"CA1 Trilam 0113p?CA1 Pyr",NULL,NULL,1007136
3100249,1035,NULL,1000,NULL,"The basket portion of the name refers to the fact that the axon of these [dentate] cells forms pericellular plexuses, like the covering of a chianti bottle, that form encompassing synapses with the cell bodies of granule cells. The dentate pyramidal basket cell along with other basket cells located just below the granule cell layer contribute to a very dense terminal plexus that is confined to the granule cell layer (Struble et al., 1978; Sik et al., 1997).","p11",NULL,NULL,NULL,NULL,17765709,0,"DG BC?GC",NULL,NULL,1005029
3100250,1035,NULL,1000,NULL,"The pyramidal basket cell {DG DG (i)2232 (00S0) Basket}. The cell body of the pyramidal basket cell is located at the interface between the granule cell layer and the polymorphic cell layer [of the dentate gyrus]. The axon (arrow) emerges from the apical dendrite. Collaterals of this axon form a curtain of terminals that synapse with the granule cell bodies.","Fig. 6",NULL,NULL,NULL,NULL,17765709,0,"DG BC?GC",NULL,NULL,1005031
3100251,1035,NULL,1000,NULL,"Plate 1.6. The pyramidal basket cell. The cell body of the pyramidal basket cell is located at the interface between the [dentate gyrus] granule cell layer and the polymorphic cell layer. The axon (arrow) emerges from the apical dendrite. Collaterals of this axon form a curtain of terminals that synapse with the granule cell bodies. Additional abbreviations: pbc, pyramidal basket cell.","p790",NULL,NULL,NULL,NULL,17765709,0,"DG BC?GC",NULL,NULL,1005033
3100252,1035,NULL,1000,NULL,"Within the same subgranular region [of the dentate gyrus] occupied by the cell bodies and dendrites of the pyramidal basket cells {DG Basket} are several other cell types with distinctly different somal shapes, as well as different dendritic and axonal configurations. Some of these cells are multipolar with several aspiny dendrites entering the molecular and polymorphic layers, while others tend to be more fusiform-shaped with a similar dendritic distribution. As Ribak and colleagues have pointed out, many of these cells share fine structural characteristics such as infolded nuclei, extensive perikaryal cytoplasm with large Nissl bodies and intranuclear rods. Moreover, it appears that all of these cells give rise to axons that contribute to the basket plexus in the granule cell layer. Most of these neurons are immunoreactive for GABA [gamma amino butyric acid], form symmetrical synaptic contacts with the cell bodies, proximal dendrites and occasionally with axon initial segments of granule cells, and therefore function as inhibitory interneurons.","p15",NULL,NULL,NULL,NULL,17765709,0,"DG Basket (-)2232?DG Granule",NULL,NULL,2000087
3100253,1035,NULL,1000,NULL,"Golgi-electron microscopic preparations revealed details about the basket cell {DG DG (i)2232 (00S0) Basket} axons, showing that they have an extensive arborization concentrated mostly in the granule cell layer [of the dentate gyrus], and to a lesser extent at the border with the molecular layer. The axon terminals of basket cells contain numerous mitochondria and a sparse number of pleomorphic synaptic vesicles. These terminals were shown to form symmetric synapses, most commonly with the somata and proximal apical dendrites of granule cells (Ribak and Seress, 1983).","p159",NULL,NULL,NULL,NULL,17765717,0,"DG BC?GC",NULL,NULL,1005035
3100254,1035,NULL,1000,NULL,"But regardless of the dendritic patterns, the axons are concentrated in the granule cell layer, where each basket cell forms synaptic contacts with the cell bodies of multiple granule cells (Han et al., 1993).","p221",NULL,NULL,NULL,NULL,17765721,0,"DG BC?GC",NULL,NULL,1005023
3100255,1035,NULL,1035,NULL,"In addition, basket cells form synaptic contacts with other GABA [gamma amino butyric acid] neurons, including other basket cells (Freund and Buzsaki, 1996).","p221",NULL,NULL,NULL,NULL,17765721,0,"DG BC?DG BC",NULL,NULL,1005025
3100256,2004,NULL,1002,NULL,"Simultaneous recordings showed that immediately after the onset of spontaneous bursts in CA3 pyramidal cells, hilar mossy cells and GABAergic interneurons also demonstrated bursts (Scharfman, 1994a, c).","p632",NULL,NULL,NULL,NULL,17765742,0,"CA3c Pyr?Mossy",NULL,NULL,1002427
3100257,2004,NULL,1000,NULL,"Some of the first physiological evidence that CA3 axons innervated the dentate gyrus came from studies in hippocampal slices, which showed that a stimulating electrode placed in the hilus could activate an antidromic population spike, recorded extracellularly in the CA3 pyramidal cell layer.Subsequent studies identified what cell types in the dentate gyrus could be influenced by the CA3 projection. Several approaches established that hilar neurons could be activated readily, but granule cells could not.First, fimbria stimulation was used to activate CA3 pyramidal cells instead of the hilus, because antidromic action potentials are easily elicited in CA3 neurons by stimulation at this site, with no evidence for direct activation of hilar neurons and granule cells. Direct activation would be expected because hilar cells that project commissurally have an axon that descends into stratum oriens of CA3b, presumably on its way to the fimbria, but in our slices, we have found that it is severed before reaching the fimbria. Direct activation of granule cells would only be possible if current spread entered stratum lucidum, which recordings show does not occur after fimbria stimulation using the methods we have employed.Extracellular recordings showed that such fimbria stimulation led to antidromic and orthodromic activation of CA3 b and c pyramidal cells, followed by an extracellular negative wave in the granule cell layer and inner molecular layer that reversed polarity in the middle molecular layer (Fig. 2). Due to the negative resting potential of granule cells, the negative potential could reflect an EPSP or depolarized IPSP, and it was shown subsequently by intracellular recording that it was a depolarized GABAA receptor-mediated IPSP (Fig. 3; Scharfman, 1994a, Scharfman, 1994b and Scharfman, 1994c).This fimbria stimulation site activated hilar mossy cells and hilar GABAergic neurons disynaptically, and was sensitive to the AMPA receptor antagonist CNQX but not the muscarinic antagonist atropine (Scharfman, 1993a). At a longer latency, the granule cell IPSP began. These data suggesting that fimbria activation of CA3 pyramidal cells led to hilar neuron activation, presumably by hilar collaterals of CA3 pyramidal cells. Comparing the latency to the response of CA3 pyramidal cells and hilar cells supported this hypothesis, because CA3 pyramidal cells were activated at short latency and hilar cells approximately 2 ms later. The same stimulus evoked a long latency IPSP in granule cells, consistent with a CA3-hilar neuron-granule cell pathway. In the presence of bicuculline, a GABAA receptor antagonist, fimbria stimulation evoked EPSPs in granule cells, and did so with a similar latency as the IPSPs, suggesting a CA3-mossy cell-granule cell pathway is normally masked by the activation of GABAergic interneurons by CA3 hilar collaterals (Fig. 3). Additional studies revealed that the GABAergic neurons may not only involve those in the hilus, but also the ï¿½basket cellsï¿½ of the granule cell layer (Scharfman, 1994a and Scharfman, 1994c; Kneisler and Dingledine, 1995).","p630",NULL,NULL,NULL,NULL,17765742,0,"CA3c Pyramidal (+)03223p?DG Granule (+)2201p",NULL,NULL,2000038
3100258,2004,NULL,1002,NULL,"Some of the first physiological evidence that CA3 axons innervated the dentate gyrus came from studies in hippocampal slices, which showed that a stimulating electrode placed in the hilus could activate an antidromic population spike, recorded extracellularly in the CA3 pyramidal cell layer.Subsequent studies identified what cell types in the dentate gyrus could be influenced by the CA3 projection. Several approaches established that hilar neurons could be activated readily, but granule cells could not.First, fimbria stimulation was used to activate CA3 pyramidal cells instead of the hilus, because antidromic action potentials are easily elicited in CA3 neurons by stimulation at this site, with no evidence for direct activation of hilar neurons and granule cells. Direct activation would be expected because hilar cells that project commissurally have an axon that descends into stratum oriens of CA3b, presumably on its way to the fimbria, but in our slices, we have found that it is severed before reaching the fimbria. Direct activation of granule cells would only be possible if current spread entered stratum lucidum, which recordings show does not occur after fimbria stimulation using the methods we have employed.Extracellular recordings showed that such fimbria stimulation led to antidromic and orthodromic activation of CA3 b and c pyramidal cells, followed by an extracellular negative wave in the granule cell layer and inner molecular layer that reversed polarity in the middle molecular layer (Fig. 2). Due to the negative resting potential of granule cells, the negative potential could reflect an EPSP or depolarized IPSP, and it was shown subsequently by intracellular recording that it was a depolarized GABAA receptor-mediated IPSP (Fig. 3; Scharfman, 1994a, Scharfman, 1994b and Scharfman, 1994c).This fimbria stimulation site activated hilar mossy cells and hilar GABAergic neurons disynaptically, and was sensitive to the AMPA receptor antagonist CNQX but not the muscarinic antagonist atropine (Scharfman, 1993a). At a longer latency, the granule cell IPSP began. These data suggesting that fimbria activation of CA3 pyramidal cells led to hilar neuron activation, presumably by hilar collaterals of CA3 pyramidal cells. Comparing the latency to the response of CA3 pyramidal cells and hilar cells supported this hypothesis, because CA3 pyramidal cells were activated at short latency and hilar cells approximately 2 ms later. The same stimulus evoked a long latency IPSP in granule cells, consistent with a CA3-hilar neuron-granule cell pathway. In the presence of bicuculline, a GABAA receptor antagonist, fimbria stimulation evoked EPSPs in granule cells, and did so with a similar latency as the IPSPs, suggesting a CA3-mossy cell-granule cell pathway is normally masked by the activation of GABAergic interneurons by CA3 hilar collaterals (Fig. 3). Additional studies revealed that the GABAergic neurons may not only involve those in the hilus, but also the ï¿½basket cellsï¿½ of the granule cell layer (Scharfman, 1994a and Scharfman, 1994c; Kneisler and Dingledine, 1995).","p630",NULL,NULL,NULL,NULL,17765742,0,"CA3c Pyramidal (+)03223p?DG Mossy",NULL,NULL,2000038
3100259,2004,NULL,1000,NULL,"Li et al. (1994) also noted that CA3 pyramidal cell axons entered the granule cell layer and collateralized in the inner molecular layer, and this was predominantly a characteristic of ventral CA3c pyramidal cells. These axons exhibited numerous varicosities, suggesting that they innervated dentate gyrus granule cells, and possibly other cell types. Therefore, the CA3c population of ventral hippocampus appears to be a subset of CA3 pyramidal cells with the highest potential for dentate gyrus interactions.These studies were the first to define hilar collateralization of CA3 neurons unequivocally. However, one caveat was that the sample sizes were small, and it remains unclear exactly how representative the data were of the entire CA3 population. It also is unclear whether the data from adult rat might vary across age and species. Due to the labor-intensive nature of the experiments, these questions remain unanswered.","p629",NULL,NULL,NULL,NULL,17765742,0,"CA3c Pyramidal (+)03223p?DG Granule (+)2201p",NULL,NULL,2000039
3100260,2004,NULL,1002,NULL,"Physiological evidence for a CA3 backprojection mediated by hilar neurons. (A) A schematic illustrates the backprojection supported by physiological evidence collected to date. It shows that CA3 pyramidal cells innervate GABAergic and glutamatergic mossy cells of the hilus, which in turn innervate granule cells. (B) Recordings illustrate the physiological correlates of the schematic in A. Intracellular recordings from granule cells in response to fimbria stimulation in an adult male rat slice illustrate an evoked IPSP that reverses at ?70 mV, indicated a GABAA receptor-mediated IPSP is primarily evoked under normal conditions. After the GABAA receptor antagonist bicuculline was bath-applied, the evoked response was an EPSP followed by an IPSP that reversed at approximately ?80 mV, suggesting an EPSP followed by a GABAB receptor-mediated IPSP is normally masked by GABAA receptor-mediated inhibition. From Scharfman (1994a). Reprinted with permission from the Society for Neuroscience.","p632",NULL,NULL,NULL,NULL,17765742,0,"CA3c Pyramidal (+)03223p?DG Mossy",NULL,NULL,2000041
3100261,2004,NULL,1002,NULL,"In summary, there is strong evidence from studies in hippocampal slices that the CA3 backprojection innervates hilar neurons, both mossy cells and GABAergic neurons. Currently there is no physiological evidence that CA3 directly innervates the granule cells of the dentate gyrus, but absence of evidence is not a proof of absence.At the present time, the evidence suggests that the granule cells, even if they receive a direct projection from CA3 neurons, are primarily inhibited by the backprojection, not activated. However, once they are relieved of GABAA receptor-mediated inhibition, a strong excitatory circuit is unmasked. The excitatory circuit appears to be primarily derived from the mossy cell projection to the inner molecular layer.","p632-633",NULL,NULL,NULL,NULL,17765742,0,"CA3c Pyramidal (+)03223p?DG Mossy",NULL,NULL,2000042
3100262,2004,NULL,1000,NULL,"In summary, there is strong evidence from studies in hippocampal slices that the CA3 backprojection innervates hilar neurons, both mossy cells and GABAergic neurons. Currently there is no physiological evidence that CA3 directly innervates the granule cells of the dentate gyrus, but absence of evidence is not a proof of absence.At the present time, the evidence suggests that the granule cells, even if they receive a direct projection from CA3 neurons, are primarily inhibited by the backprojection, not activated. However, once they are relieved of GABAA receptor-mediated inhibition, a strong excitatory circuit is unmasked. The excitatory circuit appears to be primarily derived from the mossy cell projection to the inner molecular layer.","p632-633",NULL,NULL,NULL,NULL,17765742,0,"CA3c Pyramidal (+)03223p?DG Granule Cells",NULL,NULL,2000042
3100263,1035,NULL,1035,NULL,"Approximately 1% of the 11,000 synapses made by a single basket cell axon in the GC [granule cell] layer are onto other BCs [basket cells] (Sik et al., 1997) with 3-7 synapses per postsynaptic cell (Bartos et al., 2001). Consequently, each BC in the dentate gyrus contacts approximately 35 other BCs.","p644",NULL,NULL,NULL,NULL,17765743,0,"DG BC?DG BC",NULL,NULL,1005037
3100264,4069,NULL,4012,NULL,"Inhibitory unitary synaptic connections between interneurons of the stratum oriens (SO) and stratum lacunosum moleculare (SLM). (A) Light microscopic reconstruction (x 100) of a biocytin-labelled O-LM neuron (soma and dendrites in black, axon in blue) and a postsynaptic neurogliaform cell (soma and dendrites in red, and axon in blue) in acute slice. Note that the axonal arbour of the O-LM remains segregated within the SLM where it overlaps extensively with the dendritic and axonal arborization of the neurogliaform cell; PYR, stratum pyramidale. (B) Scheme of the hippocampus depicting the location of the presynaptic (black) and postsynaptic (red) recorded neurons. (C) Electrophysiology of the cell pair illustrated in (A). The upper trace shows an action current elicited in the O-LM cell (black) and the lower trace illustrates the resulting unitary inhibitory postsynaptic currents (uIPSCs) in the neurogliaform cell (average in red, 30 individual sweeps in grey). (D) The uIPSCs were entirely mediated by GABA A receptors. Time course of the reversible effect of 1.2 ï¿½m 2-(3-carboxypropyl)-3-amino-6-methoxyphenyl-pyridazinium bromide (SR 95531) on the amplitude of the uIPSC. (E) Summary of the properties of the uIPSCs in the paired recording experiments performed in acute slices and slice cultures. All comparisons between acute slices and slice cultures were statistically insigni?cant (P &gt; 0.05 ANOVA). (F) Frequency histograms of the occurrence of different types of postsynaptic recorded interneurons. Presynaptic cells in the paired recording experiments were O-LM (black bars), O-Bi (grey bar) or not determined (white bars). (G) Summary of the properties of the uIPSCs pooled from paired recording experiments performed in acute slices and slice cultures for each postsynaptic cell type. All comparisons amongst cell types were statistically insigni?cant (P &gt; 0.05 ANOVA). Abbreviations in (F) and (G): PP, perforant path-associated interneuron; Sch, Schaffer collateral-associated interneuron; NG, neurogliaform cell; B, basket cell; n.d., not determined.","Fig. 2",NULL,NULL,NULL,NULL,18184315,0,"CA1 O-LM (-)1002?CA1 NG 3000",NULL,NULL,1007194
3100265,4069,NULL,4006,NULL,"Inhibitory unitary synaptic connections between interneurons of the stratum oriens (SO) and stratum lacunosum moleculare (SLM). (A) Light microscopic reconstruction (x 100) of a biocytin-labelled O-LM neuron (soma and dendrites in black, axon in blue) and a postsynaptic neurogliaform cell (soma and dendrites in red, and axon in blue) in acute slice. Note that the axonal arbour of the O-LM remains segregated within the SLM where it overlaps extensively with the dendritic and axonal arborization of the neurogliaform cell; PYR, stratum pyramidale. (B) Scheme of the hippocampus depicting the location of the presynaptic (black) and postsynaptic (red) recorded neurons. (C) Electrophysiology of the cell pair illustrated in (A). The upper trace shows an action current elicited in the O-LM cell (black) and the lower trace illustrates the resulting unitary inhibitory postsynaptic currents (uIPSCs) in the neurogliaform cell (average in red, 30 individual sweeps in grey). (D) The uIPSCs were entirely mediated by GABA A receptors. Time course of the reversible effect of 1.2 ï¿½m 2-(3-carboxypropyl)-3-amino-6-methoxyphenyl-pyridazinium bromide (SR 95531) on the amplitude of the uIPSC. (E) Summary of the properties of the uIPSCs in the paired recording experiments performed in acute slices and slice cultures. All comparisons between acute slices and slice cultures were statistically insigni?cant (P &gt; 0.05 ANOVA). (F) Frequency histograms of the occurrence of different types of postsynaptic recorded interneurons. Presynaptic cells in the paired recording experiments were O-LM (black bars), O-Bi (grey bar) or not determined (white bars). (G) Summary of the properties of the uIPSCs pooled from paired recording experiments performed in acute slices and slice cultures for each postsynaptic cell type. All comparisons amongst cell types were statistically insigni?cant (P &gt; 0.05 ANOVA). Abbreviations in (F) and (G): PP, perforant path-associated interneuron; Sch, Schaffer collateral-associated interneuron; NG, neurogliaform cell; B, basket cell; n.d., not determined.","Fig. 2",NULL,NULL,NULL,NULL,18184315,0,"CA1 O-LM (-)1002?CA1 Perforant Path-Assoc (-)3200p",NULL,NULL,1007194
3100266,4069,NULL,4015,NULL,"Inhibitory unitary synaptic connections between interneurons of the stratum oriens (SO) and stratum lacunosum moleculare (SLM). (A) Light microscopic reconstruction (x 100) of a biocytin-labelled O-LM neuron (soma and dendrites in black, axon in blue) and a postsynaptic neurogliaform cell (soma and dendrites in red, and axon in blue) in acute slice. Note that the axonal arbour of the O-LM remains segregated within the SLM where it overlaps extensively with the dendritic and axonal arborization of the neurogliaform cell; PYR, stratum pyramidale. (B) Scheme of the hippocampus depicting the location of the presynaptic (black) and postsynaptic (red) recorded neurons. (C) Electrophysiology of the cell pair illustrated in (A). The upper trace shows an action current elicited in the O-LM cell (black) and the lower trace illustrates the resulting unitary inhibitory postsynaptic currents (uIPSCs) in the neurogliaform cell (average in red, 30 individual sweeps in grey). (D) The uIPSCs were entirely mediated by GABA A receptors. Time course of the reversible effect of 1.2 ï¿½m 2-(3-carboxypropyl)-3-amino-6-methoxyphenyl-pyridazinium bromide (SR 95531) on the amplitude of the uIPSC. (E) Summary of the properties of the uIPSCs in the paired recording experiments performed in acute slices and slice cultures. All comparisons between acute slices and slice cultures were statistically insigni?cant (P &gt; 0.05 ANOVA). (F) Frequency histograms of the occurrence of different types of postsynaptic recorded interneurons. Presynaptic cells in the paired recording experiments were O-LM (black bars), O-Bi (grey bar) or not determined (white bars). (G) Summary of the properties of the uIPSCs pooled from paired recording experiments performed in acute slices and slice cultures for each postsynaptic cell type. All comparisons amongst cell types were statistically insigni?cant (P &gt; 0.05 ANOVA). Abbreviations in (F) and (G): PP, perforant path-associated interneuron; Sch, Schaffer collateral-associated interneuron; NG, neurogliaform cell; B, basket cell; n.d., not determined.","Fig. 2",NULL,NULL,NULL,NULL,18184315,0,"CA1 O-LM (-)1002?CA1 Schaffer Collateral-Assoc (-)2311",NULL,NULL,1007194
3100267,4069,NULL,4078,NULL,"Inhibitory unitary synaptic connections between interneurons of the stratum oriens (SO) and stratum lacunosum moleculare (SLM). (A) Light microscopic reconstruction (x 100) of a biocytin-labelled O-LM neuron (soma and dendrites in black, axon in blue) and a postsynaptic neurogliaform cell (soma and dendrites in red, and axon in blue) in acute slice. Note that the axonal arbour of the O-LM remains segregated within the SLM where it overlaps extensively with the dendritic and axonal arborization of the neurogliaform cell; PYR, stratum pyramidale. (B) Scheme of the hippocampus depicting the location of the presynaptic (black) and postsynaptic (red) recorded neurons. (C) Electrophysiology of the cell pair illustrated in (A). The upper trace shows an action current elicited in the O-LM cell (black) and the lower trace illustrates the resulting unitary inhibitory postsynaptic currents (uIPSCs) in the neurogliaform cell (average in red, 30 individual sweeps in grey). (D) The uIPSCs were entirely mediated by GABA A receptors. Time course of the reversible effect of 1.2 ï¿½m 2-(3-carboxypropyl)-3-amino-6-methoxyphenyl-pyridazinium bromide (SR 95531) on the amplitude of the uIPSC. (E) Summary of the properties of the uIPSCs in the paired recording experiments performed in acute slices and slice cultures. All comparisons between acute slices and slice cultures were statistically insigni?cant (P &gt; 0.05 ANOVA). (F) Frequency histograms of the occurrence of different types of postsynaptic recorded interneurons. Presynaptic cells in the paired recording experiments were O-LM (black bars), O-Bi (grey bar) or not determined (white bars). (G) Summary of the properties of the uIPSCs pooled from paired recording experiments performed in acute slices and slice cultures for each postsynaptic cell type. All comparisons amongst cell types were statistically insigni?cant (P &gt; 0.05 ANOVA). Abbreviations in (F) and (G): PP, perforant path-associated interneuron; Sch, Schaffer collateral-associated interneuron; NG, neurogliaform cell; B, basket cell; n.d., not determined.","Fig. 2",NULL,NULL,NULL,NULL,18184315,0,"CA1 O-LM (-)1002?CA1 Basket (-)2232",NULL,NULL,1007194
3100268,4012,NULL,4000,NULL,"Postsynaptic GABA[gamma amino butyric acid](A) and GABA(B) receptors mediated uIPSCs [unitary inhibitory postsynaptic currents] in NGFC[neurogliaform cells {CA1 CA1 Neurogliaform}]-CA1 pyramidal cell pair recordings. A, Light microscopic reconstruction of a biocytin-labeled NGFC of SLM [stratum lacunosum moleculare] (soma and dendrites in red, axon in green) and a postsynaptic CA1 pyramidal cell (soma, dendrites, and truncated axon in black). Note that the axonal arbor of the NGFC remains segregated within the SLM, where it overlaps with the distal dendritic arborization of the CA1 pyramidal cell. PYR, Pyramidal cell layer.","Fig. 1",NULL,NULL,NULL,NULL,18596171,0,"CA1 NGF 3000?CA1 Pyr",NULL,NULL,1007010
3100269,4012,NULL,4000,NULL,"We recorded from synaptically connected pairs of neurons identified post hoc as NGFCs [neurogliaform cells] {CA1 CA1 Neurogliaform} (presynaptic) and CA1 pyramidal cells (postsynaptic) (Fig. 1A). NGFCs were characterized by a round cell body, short and aspiny dendrites that emerged in a stellate manner and remained close to the soma, and an axon that branched profusely close to the soma, producing a dense arbor that is a hallmark of this cell type. The axon of NGFCs targeted only the distal portion of the apical dendrites of CA1 pyramidal cells (Fig. 1A).","p6976",NULL,NULL,NULL,NULL,18596171,0,"CA1 NG 3000?CA1 Pyr",NULL,NULL,1007112
3100270,6053,NULL,6003,NULL,"Fast spiking basket-like cells have small spherical cell bodies with sparsely spiny dendrites that often ramify into layer I [of the entorhinal cortex]. The extensive axonal arbor is mainly confined to layer II. They form basket-like complexes mainly around the soma of other cells, preferably forming symmetric, inhibitory synapses with stellate or pyramidal cells [Kohler 1986, Jones 1993]. Basket cells {EC LII Basket-Multipolar Interneuron} are known to contain GAD [glutamic acid deoxycarbolase] and maybe CCK[cholecystokinin]. Throughout the EC [entorhinal cortex], PV [parvalbumin] positive axons have been found that form symmetric synapses with principal neurons in layers II and III. These terminals have a basket-like axosomatic configuration. Therefore, it is suggested that basket cells in the whole EC contain PV [Kohler 1986, Jones 1993, Wouterlood 1995].","p7",NULL,NULL,NULL,NULL,18769556,0,"EC LII Basket-Multipolar (-)230000?MEC LII Stellate (+)331111p",NULL,NULL,1007170
3100271,6053,NULL,6005,NULL,"Fast spiking basket-like cells have small spherical cell bodies with sparsely spiny dendrites that often ramify into layer I [of the entorhinal cortex]. The extensive axonal arbor is mainly confined to layer II. They form basket-like complexes mainly around the soma of other cells, preferably forming symmetric, inhibitory synapses with stellate or pyramidal cells [Kohler 1986, Jones 1993]. Basket cells {EC LII Basket-Multipolar Interneuron} are known to contain GAD [glutamic acid deoxycarbolase] and maybe CCK[cholecystokinin]. Throughout the EC [entorhinal cortex], PV [parvalbumin] positive axons have been found that form symmetric synapses with principal neurons in layers II and III. These terminals have a basket-like axosomatic configuration. Therefore, it is suggested that basket cells in the whole EC contain PV [Kohler 1986, Jones 1993, Wouterlood 1995].","p7",NULL,NULL,NULL,NULL,18769556,0,"EC LII Basket-Multipolar (-)230000?LI-II PC-Fan (+)331000p",NULL,NULL,1007170
3100272,6053,NULL,6082,NULL,"Fast spiking basket-like cells have small spherical cell bodies with sparsely spiny dendrites that often ramify into layer I [of the entorhinal cortex]. The extensive axonal arbor is mainly confined to layer II. They form basket-like complexes mainly around the soma of other cells, preferably forming symmetric, inhibitory synapses with stellate or pyramidal cells [Kohler 1986, Jones 1993]. Basket cells {EC LII Basket-Multipolar Interneuron} are known to contain GAD [glutamic acid deoxycarbolase] and maybe CCK[cholecystokinin]. Throughout the EC [entorhinal cortex], PV [parvalbumin] positive axons have been found that form symmetric synapses with principal neurons in layers II and III. These terminals have a basket-like axosomatic configuration. Therefore, it is suggested that basket cells in the whole EC contain PV [Kohler 1986, Jones 1993, Wouterlood 1995].","p7",NULL,NULL,NULL,NULL,18769556,0,"EC LII Basket-Multipolar (-)230000?LII-III PC-Tripolar (+)333000p",NULL,NULL,1007170
3100273,4013,NULL,4013,NULL,"Four classes of interneuron [in CA1] ... B, Example bistratified cell {CA1 CA1 Radial Trilaminar} pair; dendrites and soma shown in gray, axons in blue, presynaptic soma to the left. Traces show responses to a 500 ms depolarizing current of double action potential threshold amplitude; presynaptic upper, postsynaptic lower trace.","Fig. 1",NULL,NULL,NULL,NULL,19741117,0,"CA1 Radial Trilaminar?CA1 Radial Trilaminar",NULL,NULL,1007166
3100274,6005,NULL,1043,NULL,"An example of a spiny ï¿½mossyï¿½ hilar cell with a low threshold in response to perforant path stimulation that sent a primary dendrite directly into the molecular layer. A, A montage of a spiny hilar cell is shown. The border of the granule cell layer (GCL) and the hilus (HIL) is marked by a solid line. Complex postsynaptic specializations (thorny excrescences; arrowhead) are typical of spiny hilar cells (Amaral, 1978; Ribak et al., 1985). This cell was located near the upper blade of dorsal hippocampus. Scale bar, 50 [micro]m. B, At lower magnification, it was possible to follow a dendrite of the cell in A into the granule cell layer and the molecular layer (MOL), where it branched several times. Scale bar (in A), 75 [micro]m. C, A higher magnification of the area of the cell near the border of the granule cell layer and the hilus is shown. The dendrites in the hilus were extremely spiny, but there was no evidence of spines on the portion of the dendrite in the granule cell layer. This photomicrograph has the same orientation as the photomicrograph in B (i.e., the solid Iinedemarcates the border of the granule cell layer and the hilus; the molecular layer is to the right). Scale bar (in A), 25 [micro]m. D, A drawing of the cell shown in A-C, illustrating the cell's orientation and the approximate location of recording sites (1-4) and the site of stimulation (STIM). E, The responses of the cell shown in A-D to intracellular current injection (+0.2 nA, 150 msec) are superimposed. Arrows point to spontaneous depolarizations. F, Simultaneous extracellular recordings from the granule cell layer (top) and intracellular recordings from the hilar cell (bottom). A low stimulus strength (left; 0.15 mA) was suprathreshold for the spiny hilar cell but not for the granule cells. A higher stimulus strength (right; 0.2 mA) evoked a small population spike. Hilar cell RMP, -62 mV. Stimulus artifacts are clipped and marked by small solid circles.","Fig. 3",NULL,NULL,NULL,NULL,2045880,0,"EC Perforant Path?DG Mossy MOLDEN",NULL,NULL,1007182
3100274,6003,NULL,1043,NULL,"An example of a spiny ï¿½mossyï¿½ hilar cell with a low threshold in response to perforant path stimulation that sent a primary dendrite directly into the molecular layer. A, A montage of a spiny hilar cell is shown. The border of the granule cell layer (GCL) and the hilus (HIL) is marked by a solid line. Complex postsynaptic specializations (thorny excrescences; arrowhead) are typical of spiny hilar cells (Amaral, 1978; Ribak et al., 1985). This cell was located near the upper blade of dorsal hippocampus. Scale bar, 50 [micro]m. B, At lower magnification, it was possible to follow a dendrite of the cell in A into the granule cell layer and the molecular layer (MOL), where it branched several times. Scale bar (in A), 75 [micro]m. C, A higher magnification of the area of the cell near the border of the granule cell layer and the hilus is shown. The dendrites in the hilus were extremely spiny, but there was no evidence of spines on the portion of the dendrite in the granule cell layer. This photomicrograph has the same orientation as the photomicrograph in B (i.e., the solid Iinedemarcates the border of the granule cell layer and the hilus; the molecular layer is to the right). Scale bar (in A), 25 [micro]m. D, A drawing of the cell shown in A-C, illustrating the cell's orientation and the approximate location of recording sites (1-4) and the site of stimulation (STIM). E, The responses of the cell shown in A-D to intracellular current injection (+0.2 nA, 150 msec) are superimposed. Arrows point to spontaneous depolarizations. F, Simultaneous extracellular recordings from the granule cell layer (top) and intracellular recordings from the hilar cell (bottom). A low stimulus strength (left; 0.15 mA) was suprathreshold for the spiny hilar cell but not for the granule cells. A higher stimulus strength (right; 0.2 mA) evoked a small population spike. Hilar cell RMP, -62 mV. Stimulus artifacts are clipped and marked by small solid circles.","Fig. 3",NULL,NULL,NULL,NULL,2045880,0,"EC Perforant Path?DG Mossy MOLDEN",NULL,NULL,1007182
3100274,6082,NULL,1043,NULL,"An example of a spiny ï¿½mossyï¿½ hilar cell with a low threshold in response to perforant path stimulation that sent a primary dendrite directly into the molecular layer. A, A montage of a spiny hilar cell is shown. The border of the granule cell layer (GCL) and the hilus (HIL) is marked by a solid line. Complex postsynaptic specializations (thorny excrescences; arrowhead) are typical of spiny hilar cells (Amaral, 1978; Ribak et al., 1985). This cell was located near the upper blade of dorsal hippocampus. Scale bar, 50 [micro]m. B, At lower magnification, it was possible to follow a dendrite of the cell in A into the granule cell layer and the molecular layer (MOL), where it branched several times. Scale bar (in A), 75 [micro]m. C, A higher magnification of the area of the cell near the border of the granule cell layer and the hilus is shown. The dendrites in the hilus were extremely spiny, but there was no evidence of spines on the portion of the dendrite in the granule cell layer. This photomicrograph has the same orientation as the photomicrograph in B (i.e., the solid Iinedemarcates the border of the granule cell layer and the hilus; the molecular layer is to the right). Scale bar (in A), 25 [micro]m. D, A drawing of the cell shown in A-C, illustrating the cell's orientation and the approximate location of recording sites (1-4) and the site of stimulation (STIM). E, The responses of the cell shown in A-D to intracellular current injection (+0.2 nA, 150 msec) are superimposed. Arrows point to spontaneous depolarizations. F, Simultaneous extracellular recordings from the granule cell layer (top) and intracellular recordings from the hilar cell (bottom). A low stimulus strength (left; 0.15 mA) was suprathreshold for the spiny hilar cell but not for the granule cells. A higher stimulus strength (right; 0.2 mA) evoked a small population spike. Hilar cell RMP, -62 mV. Stimulus artifacts are clipped and marked by small solid circles.","Fig. 3",NULL,NULL,NULL,NULL,2045880,0,"EC Perforant Path?DG Mossy MOLDEN",NULL,NULL,1007182
3100274,6085,NULL,1043,NULL,"An example of a spiny ï¿½mossyï¿½ hilar cell with a low threshold in response to perforant path stimulation that sent a primary dendrite directly into the molecular layer. A, A montage of a spiny hilar cell is shown. The border of the granule cell layer (GCL) and the hilus (HIL) is marked by a solid line. Complex postsynaptic specializations (thorny excrescences; arrowhead) are typical of spiny hilar cells (Amaral, 1978; Ribak et al., 1985). This cell was located near the upper blade of dorsal hippocampus. Scale bar, 50 [micro]m. B, At lower magnification, it was possible to follow a dendrite of the cell in A into the granule cell layer and the molecular layer (MOL), where it branched several times. Scale bar (in A), 75 [micro]m. C, A higher magnification of the area of the cell near the border of the granule cell layer and the hilus is shown. The dendrites in the hilus were extremely spiny, but there was no evidence of spines on the portion of the dendrite in the granule cell layer. This photomicrograph has the same orientation as the photomicrograph in B (i.e., the solid Iinedemarcates the border of the granule cell layer and the hilus; the molecular layer is to the right). Scale bar (in A), 25 [micro]m. D, A drawing of the cell shown in A-C, illustrating the cell's orientation and the approximate location of recording sites (1-4) and the site of stimulation (STIM). E, The responses of the cell shown in A-D to intracellular current injection (+0.2 nA, 150 msec) are superimposed. Arrows point to spontaneous depolarizations. F, Simultaneous extracellular recordings from the granule cell layer (top) and intracellular recordings from the hilar cell (bottom). A low stimulus strength (left; 0.15 mA) was suprathreshold for the spiny hilar cell but not for the granule cells. A higher stimulus strength (right; 0.2 mA) evoked a small population spike. Hilar cell RMP, -62 mV. Stimulus artifacts are clipped and marked by small solid circles.","Fig. 3",NULL,NULL,NULL,NULL,2045880,0,"EC Perforant Path?DG Mossy MOLDEN",NULL,NULL,1007182
3100274,6002,NULL,1043,NULL,"An example of a spiny ï¿½mossyï¿½ hilar cell with a low threshold in response to perforant path stimulation that sent a primary dendrite directly into the molecular layer. A, A montage of a spiny hilar cell is shown. The border of the granule cell layer (GCL) and the hilus (HIL) is marked by a solid line. Complex postsynaptic specializations (thorny excrescences; arrowhead) are typical of spiny hilar cells (Amaral, 1978; Ribak et al., 1985). This cell was located near the upper blade of dorsal hippocampus. Scale bar, 50 [micro]m. B, At lower magnification, it was possible to follow a dendrite of the cell in A into the granule cell layer and the molecular layer (MOL), where it branched several times. Scale bar (in A), 75 [micro]m. C, A higher magnification of the area of the cell near the border of the granule cell layer and the hilus is shown. The dendrites in the hilus were extremely spiny, but there was no evidence of spines on the portion of the dendrite in the granule cell layer. This photomicrograph has the same orientation as the photomicrograph in B (i.e., the solid Iinedemarcates the border of the granule cell layer and the hilus; the molecular layer is to the right). Scale bar (in A), 25 [micro]m. D, A drawing of the cell shown in A-C, illustrating the cell's orientation and the approximate location of recording sites (1-4) and the site of stimulation (STIM). E, The responses of the cell shown in A-D to intracellular current injection (+0.2 nA, 150 msec) are superimposed. Arrows point to spontaneous depolarizations. F, Simultaneous extracellular recordings from the granule cell layer (top) and intracellular recordings from the hilar cell (bottom). A low stimulus strength (left; 0.15 mA) was suprathreshold for the spiny hilar cell but not for the granule cells. A higher stimulus strength (right; 0.2 mA) evoked a small population spike. Hilar cell RMP, -62 mV. Stimulus artifacts are clipped and marked by small solid circles.","Fig. 3",NULL,NULL,NULL,NULL,2045880,0,"EC Perforant Path?DG Mossy MOLDEN",NULL,NULL,1007182
3100275,2047,NULL,2000,NULL,"Electrophysiological and morphological properties of the three types of perisomatic inhibitory interneurons in the CA3 region of the mouse hippocampus. ... (B) Camera lucida reconstructions of representative biocytin-loaded neurons. Left, fast-spiking basket cell (FSBC); middle, axo-axonic cell {CA3 Horizontal Axo-axonic} (AAC); right, regular-spiking basket cell (RSBC). Cell bodies and dendrites of interneurons are shown in black and axon clouds in red. ... (E) Double immunofluorescent labelling as in C shows tight appositions of biocytin-labelled boutons (green; arrowheads) and ankyrin-G-labelled AISs [action initial segments] (yellow; arrows), suggesting that this neuron is an AAC {CA3 Horizontal Axo-axonic}. (F) An electron micrograph of a peroxidase-labelled axon ending of the same cell as in E confirms that this interneuron formed synapses (arrow) on AISs of CA3 pyramidal cells, indicating that the recorded neuron was an AAC. Arrowheads show undercoating, characteristic of AISs. Scale bar in F, 100 [micro]m (B), 15 [micro]m (C and E) and 0.5 [micro]m (D and F).","Fig. 1B,E,F",NULL,NULL,NULL,NULL,20529124,0,"CA3 Horiz AA?CA3 Pyramidal (+)23223p",NULL,NULL,1007214
3100276,4015,NULL,4000,NULL,"The two major subtypes of CB 1 R- [cannabinoid type 1 receptor] and CCK- [cholecystokinin] expressing interneurons in the CA1 region of the hippocampus are the CCK-positive basket cells (CCK BCs) that innervate the perisomatic region of pyramidal cells, and the also CCK-positive Schaffer collateral-associated cells {CA1 Schaffer Collateral-Associated} (CCK SCAs) that innervate the pyramidal cell dendrites in the radiatum and oriens layers (Cossart et al., 1998; Vida et al., 1998; Cope et al., 2002) (see also the radial trilaminar cells of Hajos and Mody, 1997; Elfant et al., 2008).","p7993",NULL,NULL,NULL,NULL,20534847,0,"CA1 SCA 2311?CA1 Pyr",NULL,NULL,1007124
3100277,2001,NULL,2046,NULL,"Monosynaptic output from CA3 GCs [granule cells] onto CA3 GABA[gamma-aminobutyric acid]ergic cells... C, Dendritic structure, axonal arborization, and immunocytochemical characterization of a CCK[cholecystokinin]-positive RSBC [regular-spiking basket cell] (B) and of an IvyC [ivy cell] {CA3 CA3 (i)03333 (00S00) Ivy} (C) in the CA3 area and the monosynaptic EPSCs [excitatory postsynaptic currents] evoked by pairs of action potentials in presynaptic CA3 GCs [granule cells] (gray traces).","Fig. 4",NULL,NULL,NULL,NULL,20554881,0,"CA3 Granule?CA3 Ivy",NULL,NULL,1006032
3100278,2046,NULL,2001,NULL,"Synaptic inputs from local CA3 GABAergic [gamma-aminobutyric acid] cells to CA3 GCs [granule cells]. A, Dendritic structure, representative axonal arborization, and immunocytochemical characterization of a presynaptic IvyC [ivy cell] {CA3 CA3 (i)03333 (00S00) Ivy}. Note the NPY-positive [neuropeptide Y], SOM[somatostatin]-negative nature of the cell; note also the characteristically dense axonal arbor (s.ori., stratum oriens) ... C, Dendritic structure, representative axonal arborization, and immunocytochemical characterization of a presynaptic MFA [mossy-fiber-associated neuron] {CA3 CA3 (i)03330p (0SS00) Mossy Fiber-Associated}. Note the axons in the stratum lucidum and in the dentate hilus (closely overlapping with the termination zones of MFs [mossy fibers], hence the name of this GABA [gamma-Aminobutyric acid]ergic CA3 cell type; s.gran., stratum granulosum of the DG [dentate gyrus]). Note also the immunopositivity to CCK [cholecystokinin] and the immunonegativity for SOM [somatostatin] (both features are characteristics of MFAs).","Fig. 7",NULL,NULL,NULL,NULL,20554881,0,"CA3 Ivy?CA3 Granule",NULL,NULL,1006034
3100279,2036,NULL,2001,NULL,"Synaptic inputs from local CA3 GABAergic [gamma-aminobutyric acid] cells to CA3 GCs [granule cells]. A, Dendritic structure, representative axonal arborization, and immunocytochemical characterization of a presynaptic IvyC [ivy cell] {CA3 CA3 (i)03333 (00S00) Ivy}. Note the NPY-positive [neuropeptide Y], SOM[somatostatin]-negative nature of the cell; note also the characteristically dense axonal arbor (s.ori., stratum oriens) ... C, Dendritic structure, representative axonal arborization, and immunocytochemical characterization of a presynaptic MFA [mossy-fiber-associated neuron] {CA3 CA3 (i)03330p (0SS00) Mossy Fiber-Associated}. Note the axons in the stratum lucidum and in the dentate hilus (closely overlapping with the termination zones of MFs [mossy fibers], hence the name of this GABA [gamma-Aminobutyric acid]ergic CA3 cell type; s.gran., stratum granulosum of the DG [dentate gyrus]). Note also the immunopositivity to CCK [cholecystokinin] and the immunonegativity for SOM [somatostatin] (both features are characteristics of MFAs).","Fig. 7",NULL,NULL,NULL,NULL,20554881,0,"CA3 MFA?CA3 Granule",NULL,NULL,1006036
3100280,4012,NULL,4012,NULL,"Slow IPSCs recorded from NGFCs. A1, A short square depolarizing voltage pulse applied to a presynaptic NGFC elicited a fast initial action current (top trace), which in turn gave rise to a slow IPSC in a postsynaptic NGFC (bottom trace). A2, Closer inspection of the presynaptic current trace reveals an inward autaptic current after the action current (truncated), which has a similar waveform to the postsynaptic IPSC. B, Representative traces showing unitary postsynaptic (B1) and unitary autaptic (B2) IPSCs evoked in NGFCs in control conditions (black) and abolished by the GABA A receptor antagonist SR95531 (5 ï¿½M; red). Note that the presynaptic action current that evoked the response shown in B1 is omitted. Note also the presence of a fast transient inward current (arrow) in the traces illustrated in B1 indicating the presence of an electrical connection in the IPSC. C, Light microscopic reconstruction (100 x) of a biocytin-labeled NGFC (soma and dendrites in red; axon in blue) in acute slice. The axonal arbor remains mostly segregated within the SLM but at some locations crosses the hippocampal fissure into the stratum moleculare. Note also that the axon overlaps extensively with the dendritic arbor forming putative autaptic contacts.","Fig. 1",NULL,NULL,NULL,NULL,20660272,0,"CA1 Neurogliaform??CA1 Neurogliaform",NULL,NULL,1007196
3100281,4015,NULL,4015,NULL,"Temporally distinct synaptic facilitation that is delayed on the onset of release. A: reconstruction of a synaptically connected stratum lacunosum moleculare (SLM) interneuron, lacunosum moleculare-Shaffer collateral associated cell (LM-SCA; blue-soma, light blue-axon), and a stratum radiatum (SR), Shaffer collateral associated cell (SCA; deep red-dendrites, red-axon). B: double immunoflorescence labeling revealed the two recorded cells filled with biocytin (AMCA) immunopositive for CCK (FITC) and immunonegative for VIP (Texas red). C: intrinsic membrane properties of the presynaptic LM-SCA cell. In response to hyperpolarizing current injection this interneuron displayed pronounced sag, indicative of Ih current. In response to depolarizing current fast but adapting firing patterns were displayed. D: IPSPs elicited by LM-SCA cells displayed a delayed onset of synaptic facilitation (DORF). IPSPs were usually observed after third to fifth presynaptic spike in a train. E: another synaptic connection between a LM-SCA cell and SCA cell; the onset of first IPSP did not appear earlier in the train when increasing the firing frequency of the presynaptic interneuron from 25 Hz to 50 Hz. At higher presynaptic firing frequencies the IPSPs summated more readily, shown by the black trace. F: comparison of average failure rates of 1st, 2nd, 3rd and 4th IPSPs in control at DORF, frequency dependent facilitating (FDF), and depressing synapses studied. SP, stratum pyramidale, SO, stratum oriens.","Fig. 1",NULL,NULL,NULL,NULL,21123660,0,"CA1 SCA 2311?CA1 SCA 2311",NULL,NULL,1007184
3100282,4015,NULL,4079,NULL,"Temporary release-independence via CB1 receptors at synapses displaying DORF. A: reconstruction of a LM-SCA and a basket cell (black soma, green axon). B: bath application of 14 [micro]M anandamide (CB receptor agonist) enhanced the facilitation. C: the change in the onset of release of GABA in control and in AM-251; data for individual pairs are shown (n = 5). D: the delayed release and suppression of inhibition was blocked by 10 [micro]M CB1 receptor antagonist, AM-251, changing the synaptic efficacy and the onset of the IPSPs, which appeared earlier during the train of action potentials elicited. E and F: bar graphs comparing the onset of first IPSPs during a train of presynaptic action potentials and IPSP latency at DORF, FDF, and depressing synapse in control and after bath application of AM-251. Onset of the first IPSP seem to be delayed at connections between LM-SCA and SCA interneurons. G: comparison of change in paired-pulse ratios (PPRs) in control and AM-251. *Significantly different than control first IPSPs.","Fig. 2",NULL,NULL,NULL,NULL,21123660,0,"CA1 SCA 2311?CA1 BC CCK+",NULL,NULL,1007186
3100283,4015,NULL,4015,NULL,"Synaptic facilitation between 2 CCK-positive, SCA interneurons is release dependent. A: immunofluorescence labeling showing both recorded cells as CCK positive and VIP negative. B: reconstruction of the biocytin-labeled cells shown in A, which displayed synaptic facilitation shown in D. C: firing properties of the presynaptic SCA interneuron (shown in red below) recorded in response to 0.05 and 0.1 nA current injection. SCA cells typically displayed adapting properties (see Table 1). D: averaged responses to trains of presynaptic action potentials (black traces include all sweeps in average; gray traces include specific subsets of data). These connections typically displayed synaptic facilitation, which was greater after excluding first and second IPSP failures or only first IPSP failures. Excluding first IPSP failures resulted in larger first and smaller second IPSPs (gray traces). E: graph to illustrate the recovery of second IPSP from synaptic facilitation at longer interspike intervals (each color represents an individual pair of connection, n = 12).","Fig. 3",NULL,NULL,NULL,NULL,21123660,0,"CA1 SCA 2311?CA1 SCA 2311",NULL,NULL,1007188
3100284,NULL,NULL,4015,NULL,"CCK-negative, long-range quadrilaminar cells display synaptic depression. A: reconstruction of a synaptically connected CCK-negative quadrilaminar cell (green soma, red axon) to a LM-SCA cell (gray). B: double immunoflorescence labeling reveals the 2 recorded cells filled with biocytin (AMCA) immunonegative for VIP (Texas red) and only the postsynaptic cell was immunopositive for CCK (FITC). C: intrinsic membrane properties of the presynaptic back projecting cell shown in A and B. D: this synapse displayed release of neurotransmitter at short latencies of 2.5 ms with precision. IPSPs elicited by a train of action potentials displayed synaptic depression. The gray traces are superimposed averages of second IPSPs at different spike intervals; the shorter the spike interval, the stronger the depression (illustrated by smaller IPSPs). These IPSPs were insensitive to AM-251 (red trace). E: graph to illustrate the recovery from synaptic depression at longer inter spike intervals (each color represents an individual pair, n = 8).","p1058",NULL,NULL,NULL,NULL,21123660,0,"CA1 New Cell (original author: quadrilaminar)?CA1 Schaffer Collateral-Assoc (-)2311 (need axon info to make sure)",NULL,NULL,2000027
3100285,4021,NULL,4015,NULL,"Temporally distinct synaptic facilitation that is delayed on the onset of release. A: reconstruction of a synaptically connected stratum lacunosum moleculare (SLM) interneuron, lacunosum moleculare-Shaffer collateral associated cell (LM-SCA; blue-soma, light blue-axon), and a stratum radiatum (SR), Shaffer collateral associated cell (SCA; deep red- dendrites, red-axon). B: double immunoflorescence labeling revealed the two recorded cells filled with biocytin (AMCA) immunopositive for CCK (FITC) and immunonegative for VIP (Texas red). C: intrinsic membrane properties of the presynaptic LM-SCA cell. In response to hyperpolarizing current injection this interneuron displayed pronounced sag, indicative of Ih current. In response to depolarizing current fast but adapting firing patterns were displayed. D: IPSPs elicited by LM-SCA cells displayed a delayed onset of synaptic facilitation (DORF). IPSPs were usually observed after third to fifth presynaptic spike in a train. E: another synaptic connection between a LM-SCA cell and SCA cell; the onset of first IPSP did not appear earlier in the train when increasing the firing frequency of the presynaptic interneuron from 25 Hz to 50 Hz. At higher presynaptic firing frequencies the IPSPs summated more readily, shown by the black trace. F: comparison of average failure rates of 1st, 2nd, 3rd and 4th IPSPs in control at DORF, frequency dependent facilitating (FDF), and depressing synapses studied. SP, stratum pyramidale, SO, stratum oriens.","p1054",NULL,NULL,NULL,NULL,21123660,0,"CA1 Interneuron Specific LM-R (-)2100?CA1 Schaffer Collateral-Assoc (-)2311",NULL,NULL,2000028
3100286,NULL,NULL,4021,NULL,"Synaptic facilitation between 2 CCK-positive, SCA interneurons is release dependent. A: immunofluorescence labeling showing both recorded cells as CCK positive and VIP negative. B: reconstruction of the biocytin-labeled cells shown in A, which displayed synaptic facilitation shown in D. C: firing properties of the presynaptic SCA interneuron (shown in red below) recorded in response to ?0.05 and 0.1 nA current injection. SCA cells typically displayed adapting properties (see Table 1). D: averaged responses to trains of presynaptic action potentials (black traces include all sweeps in average; gray traces include specific subsets of data). These connections typically displayed synaptic facilitation, which was greater after excluding first and second IPSP failures or only first IPSP failures. Excluding first IPSP failures resulted in larger first and smaller second IPSPs (gray traces). E: graph to illustrate the recovery of second IPSP from synaptic facilitation at longer interspike intervals (each color represents an individual pair of connection, n = 12).","p1056",NULL,NULL,NULL,NULL,21123660,0,"CA1 New Cell (original author: quadrilaminar)?CA1 Interneuron Specific LM-R (-)2100",NULL,NULL,2000029
3100287,1000,NULL,4011,NULL,"No GC to NGFC connections were observed in any of the 59 paired recordings.","p1480",NULL,NULL,NULL,NULL,21452204,0,"DG Granule (+)2201p?DG Neurogliaform (+)3000p",NULL,NULL,2000000
3100288,4012,NULL,1000,NULL,"Among 59 paired recordings of molecular layer interneurons with late-spiking firing patterns and GCs, 32 were connected (54%) and 14 connected pairs were confirmed as NGFCs (see Materials and Methods); 11 of the 14 connected NGFC pairs could be observed with a single presynaptic action potential.","p1480",NULL,NULL,NULL,NULL,21452204,0,"DG Neurogliaform (+)3000p?DG Granule (+)2201p",NULL,NULL,2000001
3100289,4012,NULL,4011,NULL,"Among the 11 total pairs, both neurons could be positively identified as either NGFCs or non-NGFCs in nine pairs; two pairs were between two NGFCs, and seven pairs were between NGFCs and non-NGFCs. Some examples and a summary of the diversity of connectivity of dentate NGFCs observed in these experiments are given in Figure 6.","p1485",NULL,NULL,NULL,NULL,21452204,0,"DG Neurogliaform (+)3000p?DG Neurogliaform (+)3000p",NULL,NULL,2000002
3100290,4069,NULL,4084,NULL,"OLM(alpha 2) [oriens-lacunosum moleculare] cells inhibit interneurons that synapse on pyramidal cell proximal dendrites. ï¿½ (d) IPSCs [inhibitory postsynaptic currents] in a bistratified interneuron {CA1 Schaffer Collateral-Receiving R-Targeting} (BS) elicited by 20-ms light pulse stimulation of OLM(ChR2) cells [in CA1]. The reconstruction of the bistratified interneuron is shown on the top left panel. Scale bar represents 50 ï¿½m.","Fig. 2d",NULL,NULL,NULL,NULL,23042082,0,"CA1 O-LM 1002?CA1 Schaffer Collateral-Receiving R-Targeting",NULL,NULL,1007164
3100291,4091,NULL,4000,NULL,"VIP+[vasoactive intestinal peptide]/CR+[calretinin]/nNOS+[neuronal nitric oxide synthase] INTERNEURONS {CA1 CA1 Interneuron Specific R-O} IN CA1-3 The third interneuron subpopulation expressing nNOS consists of a subset of VIP+/CR+ interneurons (Jinno and Kosaka, 2002; Tricoire et al., 2010). This population is specialized to innervate other GABA[gamma amino butyric acid]ergic cells exclusively. To date, three types of interneuron-specific (IS) interneurons have been described on the basis of their anatomical and neurochemical features (Acs?dy et al., 1996a,b; Guly?s et al., 1996). Among them, nNOS has been found in the IS-3 subset (Tricoire et al., 2010). These cells have somas located in stratum pyramidale (s.p.) or in stratum radiatum (s.r.) close to the pyramidal layer, dendritic fields that are vertically oriented, and a primary axon descending to emit several horizontally oriented branches at the s.o.[stratum oriens]-alveus border.","p4",NULL,NULL,NULL,NULL,23227003,0,"CA1 Interneuron Specific Rï¿½O?CA1 Pyr",NULL,NULL,1007180
3100292,6003,NULL,6094,NULL,"We had a high success rate when targeting stellate cells in layer II, but we recorded from 24 pyramidal cells in layer II as well (Fig. 1a, cell 4), as part of the predetermined stimulation routine to check for connectivity within clusters. In two of the cases, stimulation of stellate cells resulted in postsynaptic excitatory responses in pyramidal neurons (mean responses, 0.8 mV and 0.4 mV). However, we did not observe postsynaptic responses, neither excitatory nor inhibitory, in stellate cells (N=52) when stimulating pyramidal cells.","p319",NULL,NULL,NULL,NULL,23334580,0,"LII Stellate??LII Pyramidal",NULL,NULL,2000047
3100292,6003,NULL,6005,NULL,"We had a high success rate when targeting stellate cells in layer II, but we recorded from 24 pyramidal cells in layer II as well (Fig. 1a, cell 4), as part of the predetermined stimulation routine to check for connectivity within clusters. In two of the cases, stimulation of stellate cells resulted in postsynaptic excitatory responses in pyramidal neurons (mean responses, 0.8 mV and 0.4 mV). However, we did not observe postsynaptic responses, neither excitatory nor inhibitory, in stellate cells (N=52) when stimulating pyramidal cells.","p319",NULL,NULL,NULL,NULL,23334580,0,"LII Stellate??LII Pyramidal",NULL,NULL,2000047
3100292,6003,NULL,6008,NULL,"We had a high success rate when targeting stellate cells in layer II, but we recorded from 24 pyramidal cells in layer II as well (Fig. 1a, cell 4), as part of the predetermined stimulation routine to check for connectivity within clusters. In two of the cases, stimulation of stellate cells resulted in postsynaptic excitatory responses in pyramidal neurons (mean responses, 0.8 mV and 0.4 mV). However, we did not observe postsynaptic responses, neither excitatory nor inhibitory, in stellate cells (N=52) when stimulating pyramidal cells.","p319",NULL,NULL,NULL,NULL,23334580,0,"LII Stellate??LII Pyramidal",NULL,NULL,2000047
3100292,6003,NULL,6019,NULL,"We had a high success rate when targeting stellate cells in layer II, but we recorded from 24 pyramidal cells in layer II as well (Fig. 1a, cell 4), as part of the predetermined stimulation routine to check for connectivity within clusters. In two of the cases, stimulation of stellate cells resulted in postsynaptic excitatory responses in pyramidal neurons (mean responses, 0.8 mV and 0.4 mV). However, we did not observe postsynaptic responses, neither excitatory nor inhibitory, in stellate cells (N=52) when stimulating pyramidal cells.","p319",NULL,NULL,NULL,NULL,23334580,0,"LII Stellate??LII Pyramidal",NULL,NULL,2000047
3100292,6003,NULL,6082,NULL,"We had a high success rate when targeting stellate cells in layer II, but we recorded from 24 pyramidal cells in layer II as well (Fig. 1a, cell 4), as part of the predetermined stimulation routine to check for connectivity within clusters. In two of the cases, stimulation of stellate cells resulted in postsynaptic excitatory responses in pyramidal neurons (mean responses, 0.8 mV and 0.4 mV). However, we did not observe postsynaptic responses, neither excitatory nor inhibitory, in stellate cells (N=52) when stimulating pyramidal cells.","p319",NULL,NULL,NULL,NULL,23334580,0,"LII Stellate??LII Pyramidal",NULL,NULL,2000047
3100293,6003,NULL,6003,NULL,"Stellate cells are connected via inhibitory interneurons. In slices obtained from rats older than postnatal day 21, activation of short bursts of synchronous action potentials in a single stellate cell (3ï¿½10 pulses at 10 Hz, 20 Hz, 40 Hz or 70 Hz) resulted in inhibitory responses in only 4% of recorded pairs (amplitude = -0.6ï¿½0.5 mV; peak time = 13.1ï¿½4 ms), whereas in the remaining stellate cells we observed no measurable responses (Fig. 1b, c). The evoked inhibitory responses were independent of presynaptic firing frequency (Fig. 1c), and we observed no differences along the dorsalï¿½ventral axis. Concurrent activation of short bursts of synchronous action potentials (3ï¿½10 pulses at 70 Hz) in three stellate cells resulted in simple and compound inhibitory responses in the fourth nonstimulated stellate cell in 64% of all cells within recorded clusters under normal recording conditions over all recording locations; Fig. 1d). The evoked inhibitory responses exhibited stable amplitudes (-0.70ï¿½0.06 mV; Fig. 2) and peak times (12.2ï¿½2 ms).","p320",NULL,NULL,NULL,NULL,23334580,0,"LII Stellate?LII Stellate",NULL,NULL,2000048
3100294,6003,NULL,6096,NULL,"Stellate cells are connected via inhibitory interneurons. In slices obtained from rats older than postnatal day 21, activation of short bursts of synchronous action potentials in a single stellate cell (3ï¿½10 pulses at 10 Hz, 20 Hz, 40 Hz or 70 Hz) resulted in inhibitory responses in only 4% of recorded pairs (amplitude = ï¿½0.6 mV ï¿½ 0.5 mV; peak time = 13.1 ms ï¿½ 4 ms), whereas in the remaining stellate cells we observed no measurable responses (Fig. 1b,c). The evoked inhibitory responses were independent of presynaptic firing frequency (Fig. 1c), and we observed no differences along the dorsal-ventral axis. Concurrent activation of short bursts of synchronous action potentials (3ï¿½10 pulses at 70 Hz) in three stellate cells resulted in simple and compound inhibitory responses in the fourth nonstimulated stellate cell in 64% of all cells within recorded clusters under normal recording conditions over all recording locations; Fig. 1d). The evoked inhibitory responses exhibited stable amplitudes (ï¿½0.70 mV ï¿½ 0.06 mV; Fig. 2) and peak times (12.2 ms ï¿½ 2 ms).","p320",NULL,NULL,NULL,NULL,23334581,0,"LII stallate?MEC LII fast-spiking interneuron",NULL,NULL,2000048
3100295,6003,NULL,6096,NULL,"Inhibition is mediated by inhibitory fast-spiking cells. To identify possible sources of the recurrent inhibition, we examined cluster recordings containing both stellate cells and one or more local putative interneurons. We grouped the recorded putative interneurons into two electrophysiological types, based on their electrophysiological profile23, 24 (Supplementary Table 1, Supplementary Fig. 2a and Online Methods). These two subgroups were differently connected to stellate cells: 43 putative fast-spiking interneurons (resting membrane voltage (Vm) = ï¿½68.8 mV ï¿½ 3 mV; non-adapting: action potential halfwidth, 0.6 ms ï¿½ 0.09 ms) made abundant inhibitory synapses onto 24 stellate cells (54% connectivity rate; peak latency = 10.27 ms ï¿½ 0.5 ms; Fig. 3a,b23), whereas we found no connections from 10 low-threshold spiking (LTS) putative interneurons (rest Vm = ï¿½56 mV ï¿½ 4 mV; adapting; action potential halfwidth, 0.9 ms ï¿½ 0.08 ms). The amplitudes of the postsynaptic inhibitory responses evoked in fast-spiking stellate cell pairs were not statistically different from the mean recurrent inhibitory response shown in Figure 1d (mean = ï¿½0.54 mV ï¿½ 0.2 mV; P = 0.106, t-test; Fig. 3c). Stellate cells were also highly connected with fast-spiking interneurons when compared with the LTS group (16 of 43 fast-spiking interneurons (37%); peak latency = 5.7 ms ï¿½ 0.8 ms, mean amplitude 1.67 mV ï¿½ 1.19 mV; 2 of 10 LTS interneurons (20%); peak latency = 6.1 and 5.9 ms; mean amplitude = 1.6 and 1.2 mV), and reciprocity between fast-spiking interneurons and stellate cells was high (11 of 16 stellate cell to fast-spiking interneuron excitatory connections were paired with a reciprocal inhibitory connection, equal to 26% of all pairs; Fig. 3b). Clusters containing interconnected stellate cells and fast-spiking interneurons could be used to demonstrate the functional recurrent inhibitory circuit (Supplementary Fig. 2b). These data implicate the latter microcircuit as a primary component of the recurrent inhibitory network in layer II23.","p321",NULL,NULL,NULL,NULL,23334582,0,"LII stallate?MEC LII fast-spiking interneuron",NULL,NULL,2000049
3100296,6096,NULL,6003,NULL,"Inhibition is mediated by inhibitory fast-spiking cells. To identify possible sources of the recurrent inhibition, we examined cluster recordings containing both stellate cells and one or more local putative interneurons. We grouped the recorded putative interneurons into two electrophysiological types, based on their electrophysiological profile23, 24 (Supplementary Table 1, Supplementary Fig. 2a and Online Methods). These two subgroups were differently connected to stellate cells: 43 putative fast-spiking interneurons (resting membrane voltage (Vm) = ï¿½68.8 mV ï¿½ 3 mV; non-adapting: action potential halfwidth, 0.6 ms ï¿½ 0.09 ms) made abundant inhibitory synapses onto 24 stellate cells (54% connectivity rate; peak latency = 10.27 ms ï¿½ 0.5 ms; Fig. 3a,b23), whereas we found no connections from 10 low-threshold spiking (LTS) putative interneurons (rest Vm = ï¿½56 mV ï¿½ 4 mV; adapting; action potential halfwidth, 0.9 ms ï¿½ 0.08 ms). The amplitudes of the postsynaptic inhibitory responses evoked in fast-spiking stellate cell pairs were not statistically different from the mean recurrent inhibitory response shown in Figure 1d (mean = ï¿½0.54 mV ï¿½ 0.2 mV; P = 0.106, t-test; Fig. 3c). Stellate cells were also highly connected with fast-spiking interneurons when compared with the LTS group (16 of 43 fast-spiking interneurons (37%); peak latency = 5.7 ms ï¿½ 0.8 ms, mean amplitude 1.67 mV ï¿½ 1.19 mV; 2 of 10 LTS interneurons (20%); peak latency = 6.1 and 5.9 ms; mean amplitude = 1.6 and 1.2 mV), and reciprocity between fast-spiking interneurons and stellate cells was high (11 of 16 stellate cell to fast-spiking interneuron excitatory connections were paired with a reciprocal inhibitory connection, equal to 26% of all pairs; Fig. 3b). Clusters containing interconnected stellate cells and fast-spiking interneurons could be used to demonstrate the functional recurrent inhibitory circuit (Supplementary Fig. 2b). These data implicate the latter microcircuit as a primary component of the recurrent inhibitory network in layer II23.","p321",NULL,NULL,NULL,NULL,23334583,0,"MEC LII fast-spiking interneuron?LII stallate",NULL,NULL,2000049
3100297,4012,NULL,4094,NULL,"Synaptic signaling between stratum lacunosum-moleculare interneurons and Cajal-Retzius cells. A, Anatomical reconstruction of a neurogliaform -&gt; Cajal-Retzius cell connected pair (P12). Somatodendritic arborization of the interneuron in blue, axon in black. Somatodendritic structure of the Cajal-Retzius cell in red, axon in gray. The inset shows the averaged postsynaptic response of the Cajal-Retzius cell (red) to a train of action potentials in the interneuron (blue). B, C, Examples of uPSCs recorded on Cajal-Retzius cells in different pairs. B, Postsynaptic currents in response to a train of action potentials in the interneuron (blue) generate a very weak signal, barely recognizable in single sweeps (black) but clearly identifiable in an averaged trace (red, P12). C, Identical to B, but notice the larger postsynaptic responses already recognizable in single trials (P12).","Fig. 3",NULL,NULL,NULL,NULL,23536064,0,"CA1 Neurogliaform?CA1 Cajal-Retzius",NULL,NULL,1007204
3100298,4012,NULL,4094,NULL,"Cajal-Retzius cells within the hippocampal circuit. The main conclusions of this work and relevant previous reports in the literature are summarized in a diagram. We have identified two novel presynaptic sources of GABAergic input to Cajal-Retzius cells (C-R): neurogliaform cells (NG; synapse indicated by 1) and O-LM cells (O-LM; synapse indicated by 2). Results of our work, together with previous results in the literature suggest that the disynaptic loop from pyramidal cells (P) to O-LM cells (synapse 6, facilitating; Ali and Thomson, 1998; Losonczy et al., 2002) and from O-LM cells to Cajal-Retzius cells (present work; synapse 2) may be particular efficient in activating Cajal-Retzius cells. Notice that, at the same time, O-LM cells have been reported to provide GABAergic input to neurogliaform cells (synapse 3; Elfant et al., 2008) and pyramidal neurons (synapse 5; Maccaferri et al., 2000). Also, neurogliaform cells have been shown to be the source of GABA A,slow-mediated synaptic input to pyramidal neurons (for review, see Capogna and Pearce, 2011). L-M, Stratum lacunosum-moleculare; R, stratum radiatum; P, stratum pyramidale; O, stratum oriens; A, alveus.","Fig. 13",NULL,NULL,NULL,NULL,23536064,0,"CA1 Neurogliaform?CA1 Cajal-Retzius",NULL,NULL,1007206
3100299,4069,NULL,4094,NULL,"Cajal-Retzius cells within the hippocampal circuit. The main conclusions of this work and relevant previous reports in the literature are summarized in a diagram. We have identified two novel presynaptic sources of GABAergic input to Cajal-Retzius cells (C-R): neurogliaform cells (NG; synapse indicated by 1) and O-LM cells (O-LM; synapse indicated by 2). Results of our work, together with previous results in the literature suggest that the disynaptic loop from pyramidal cells (P) to O-LM cells (synapse 6, facilitating; Ali and Thomson, 1998; Losonczy et al., 2002) and from O-LM cells to Cajal-Retzius cells (present work; synapse 2) may be particular efficient in activating Cajal-Retzius cells. Notice that, at the same time, O-LM cells have been reported to provide GABAergic input to neurogliaform cells (synapse 3; Elfant et al., 2008) and pyramidal neurons (synapse 5; Maccaferri et al., 2000). Also, neurogliaform cells have been shown to be the source of GABA A,slow-mediated synaptic input to pyramidal neurons (for review, see Capogna and Pearce, 2011). L-M, Stratum lacunosum-moleculare; R, stratum radiatum; P, stratum pyramidale; O, stratum oriens; A, alveus.","Fig. 13",NULL,NULL,NULL,NULL,23536064,0,"CA1 O-LM 1002?CA1 Cajal-Retzius",NULL,NULL,1007206
3100300,1000,NULL,3000,NULL,"<b>Dentate mossy fibers innervate CA2 pyramidal cells.</b><br>Using immunohistochemistry and viral tracing, we examined whether the newly defined CA2 pyramidal cells lacked mossy fiber innervation, another classical criterion of CA2 cells8, 9. To our surprise, we found that calbindinï¿½positive mossy fibersï¿½? projected extensively to PCP4ï¿½positive CA2 neurons in the stratum lucidum (the percentage of PCP4ï¿½positive cells overlapping with mossy fibers was 82.2ï¿½1.1%, that of cells not overlapping with mossy fibers was 17.8ï¿½1.1%, (n=5) mice; Fig. 2a, b and Supplementary Figs. 5 and 6). Next, we examined the distribution of ZnT3 (ref. 25), a presynaptic vesicle marker of mossy fibers, and VGluT1, a glutamatergic presynaptic vesicle marker, in the stratum lucidum of CA2. We found that ZnT3 and VGluT1 doubleï¿½positive presynaptic clusters were located on RGS14ï¿½positive dendrites (Fig. 2c, d). Furthermore, we found that ZnT3 clusters overlapped with a postsynaptic marker, PSD95, on RGS14ï¿½positive dendrites (Fig. 2eï¿½h). These data suggest that, contrary to the classical definition8, 9, mossy fibers form synaptic contacts with CA2 pyramidal neurons. We examined the morphology of mossy fiber terminals by infecting dentate gyrus with HSV miniï¿½Enk promoterï¿½ChETAï¿½yellow fluorescent protein (YFP) (Fig. 2i) and found that CA2 received small mossy fiber boutons in contrast to the giant mossy fiber boutons received by CA3? (average bouton diameters: CA2, 0.97ï¿½0.05 ï¿½m, (n=60) boutons; CA3, 2.11ï¿½0.1 ï¿½m, (n=43) boutons; from (n=5) mice, Kolmogorov Smirnov P&lt;0.001; Fig. 2jï¿½l).","p270-1",NULL,NULL,NULL,NULL,24336151,0,"ZnT3+ CB+ Mossy Fiber?(PCP4+ CA2 Neuron;CA3 Pyramidal)",NULL,NULL,2000082
3100300,1000,NULL,2000,NULL,"<b>Dentate mossy fibers innervate CA2 pyramidal cells.</b><br>Using immunohistochemistry and viral tracing, we examined whether the newly defined CA2 pyramidal cells lacked mossy fiber innervation, another classical criterion of CA2 cells8, 9. To our surprise, we found that calbindinï¿½positive mossy fibersï¿½? projected extensively to PCP4ï¿½positive CA2 neurons in the stratum lucidum (the percentage of PCP4ï¿½positive cells overlapping with mossy fibers was 82.2ï¿½1.1%, that of cells not overlapping with mossy fibers was 17.8ï¿½1.1%, (n=5) mice; Fig. 2a, b and Supplementary Figs. 5 and 6). Next, we examined the distribution of ZnT3 (ref. 25), a presynaptic vesicle marker of mossy fibers, and VGluT1, a glutamatergic presynaptic vesicle marker, in the stratum lucidum of CA2. We found that ZnT3 and VGluT1 doubleï¿½positive presynaptic clusters were located on RGS14ï¿½positive dendrites (Fig. 2c, d). Furthermore, we found that ZnT3 clusters overlapped with a postsynaptic marker, PSD95, on RGS14ï¿½positive dendrites (Fig. 2eï¿½h). These data suggest that, contrary to the classical definition8, 9, mossy fibers form synaptic contacts with CA2 pyramidal neurons. We examined the morphology of mossy fiber terminals by infecting dentate gyrus with HSV miniï¿½Enk promoterï¿½ChETAï¿½yellow fluorescent protein (YFP) (Fig. 2i) and found that CA2 received small mossy fiber boutons in contrast to the giant mossy fiber boutons received by CA3? (average bouton diameters: CA2, 0.97ï¿½0.05 ï¿½m, (n=60) boutons; CA3, 2.11ï¿½0.1 ï¿½m, (n=43) boutons; from (n=5) mice, Kolmogorov Smirnov P&lt;0.001; Fig. 2jï¿½l).","p270-1",NULL,NULL,NULL,NULL,24336151,0,"ZnT3+ CB+ Mossy Fiber?(PCP4+ CA2 Neuron;CA3 Pyramidal)",NULL,NULL,2000082
3100301,1009,NULL,4078,NULL,"In addition to connections obtained from homologous interneuron types, we observed a high probability of synaptically coupled interneuronï¿½BCs (16.3% HICAPï¿½BCs, 15 pairs of 92 simultaneous dual recordings of physiologically identified HICAP-like and BC-like cells; 12.8% HIPPï¿½BCs 12 pairs of 94 simultaneous dual recordings from SOM-GFP and BC-like cells; Fig. 6C; see Materials and Methods), which is in agreement with the high number of GABAergic synapses at apical dendritic domains of BCs (Gulyas et al., 1999).","p8203",NULL,NULL,NULL,NULL,24920624,0,"HICAP (-)2322?DG Basket (-)2232",NULL,NULL,1007192
3100302,1013,NULL,4078,NULL,"In addition to connections obtained from homologous interneuron types, we observed a high probability of synaptically coupled interneuronï¿½BCs (16.3% HICAPï¿½BCs, 15 pairs of 92 simultaneous dual recordings of physiologically identified HICAP-like and BC-like cells; 12.8% HIPPï¿½BCs 12 pairs of 94 simultaneous dual recordings from SOM-GFP and BC-like cells; Fig. 6C; see Materials and Methods), which is in agreement with the high number of GABAergic synapses at apical dendritic domains of BCs (Gulyas et al., 1999).","p8203",NULL,NULL,NULL,NULL,24920624,0,"HIPP (-)1002?DG Basket (-)2232",NULL,NULL,1007192
3100303,1035,NULL,4078,NULL,"<b>Morphological, physiological, and synaptic characteristics of perisomatic and dendritic inhibitory interneurons in rodent dentate gyrus.</b><br><b>A, Left,</b> Confocal image stacks of pairs of synaptically connected GABAergic interneurons intracellularly labeled with biocytin and visualized with streptavidin conjugated with AlexaFluorï¿½647 (white labeling). <b>A<sub>1</sub></b>, Perisomatic inhibitory interneurons with axon arbours located in the granule cell layer (gcl). <b>Right,</b> Both perisomatic inhibitory BCs are PVï¿½positive as revealed by antibody labeling. From top to bottom, top green, biocytin labeling, arrows point to both somata; middle red, PV expression; <b>bottom,</b> colocalization of both markers. <b>A<sub>2</sub></b>, HICAPs with axon collaterals mainly located in the inner molecular layer (iml). <b>Right,</b> A single intracellularly labeled HICAP cell was identified as CCKï¿½positive. Biocytin was visualized by streptavidin conjugated to AlexaFluorï¿½750. <b>Inset,</b> Characteristic discharge pattern of the HICAP cell (0.7 nA, 1 s). Calibration: 200 ms, 50 mV. <b>A<sub>3</sub></b>, HIPPs with axon arbors located predominantly in the outer molecular layer (oml). <b>Right,</b> Both neurons coexpress somatostatin (SOM; arrows).<br><b>B,</b> Passive and active membrane properties of identified BCs (<b>B<sub>1</sub></b>), HICAPs (<b>B<sub>2</sub></b>), and HIPPs (<b>B<sub>3</sub></b>).<br><b>B1ï¿½B3, Top traces,</b> Voltage trajectories of cell pairs shown in <b>A</b> during 1ï¿½sï¿½long current injections (-100, -50, 300ï¿½800 pA). <b>B<sub>1</sub>ï¿½B<sub>3</sub></b>, Summary graphs show left the input resistance (R<sub>in</sub>) of the recorded cell types and right the halfï¿½duration of single action potentials. Each circle represents a single data point; colored circles with lines represent mean values ï¿½ SEM.<br><b>C,</b> uIPSCs recorded at pairs shown in <b>A</b>. A presynaptic action potential (top) evokes uIPSCs in the postsynaptic cell. Single uIPSCs (6 traces) are shown superimposed (middle), and the average uIPSC (30 traces) at -70 mV is shown (bottom). Schematic illustration on top represents the recorded neuron types; orange represents BCï¿½BC; green represents HICAPï¿½HICAP; blue represents HIPPï¿½HIPP pairs. <b>C<sub>3</sub></b>, Bottom, Average uIPSCs shown in <b>C1ï¿½C3</b> were peak normalized and superimposed. ***p?0.001. **p?0.01. *p?0.05. <sup>1</sup>Significantly different from HICAP. <sup>2</sup>Significantly different from HIPP.","Fig. 1C1",NULL,NULL,NULL,NULL,24920624,0,"DG Basket (-)2232?DG Basket (-)2232",NULL,"3200215.png",2000004
3100304,1009,NULL,1009,NULL,"<b>Morphological, physiological, and synaptic characteristics of perisomatic and dendritic inhibitory interneurons in rodent dentate gyrus.</b><br><b>A, Left,</b> Confocal image stacks of pairs of synaptically connected GABAergic interneurons intracellularly labeled with biocytin and visualized with streptavidin conjugated with AlexaFluorï¿½647 (white labeling). <b>A<sub>1</sub></b>, Perisomatic inhibitory interneurons with axon arbours located in the granule cell layer (gcl). <b>Right,</b> Both perisomatic inhibitory BCs are PVï¿½positive as revealed by antibody labeling. From top to bottom, top green, biocytin labeling, arrows point to both somata; middle red, PV expression; <b>bottom,</b> colocalization of both markers. <b>A<sub>2</sub></b>, HICAPs with axon collaterals mainly located in the inner molecular layer (iml). <b>Right,</b> A single intracellularly labeled HICAP cell was identified as CCKï¿½positive. Biocytin was visualized by streptavidin conjugated to AlexaFluorï¿½750. <b>Inset,</b> Characteristic discharge pattern of the HICAP cell (0.7 nA, 1 s). Calibration: 200 ms, 50 mV. <b>A<sub>3</sub></b>, HIPPs with axon arbors located predominantly in the outer molecular layer (oml). <b>Right,</b> Both neurons coexpress somatostatin (SOM; arrows).<br><b>B,</b> Passive and active membrane properties of identified BCs (<b>B<sub>1</sub></b>), HICAPs (<b>B<sub>2</sub></b>), and HIPPs (<b>B<sub>3</sub></b>).<br><b>B1ï¿½B3, Top traces,</b> Voltage trajectories of cell pairs shown in <b>A</b> during 1ï¿½sï¿½long current injections (-100, -50, 300ï¿½800 pA). <b>B<sub>1</sub>ï¿½B<sub>3</sub></b>, Summary graphs show left the input resistance (R<sub>in</sub>) of the recorded cell types and right the halfï¿½duration of single action potentials. Each circle represents a single data point; colored circles with lines represent mean values ï¿½ SEM.<br><b>C,</b> uIPSCs recorded at pairs shown in <b>A</b>. A presynaptic action potential (top) evokes uIPSCs in the postsynaptic cell. Single uIPSCs (6 traces) are shown superimposed (middle), and the average uIPSC (30 traces) at -70 mV is shown (bottom). Schematic illustration on top represents the recorded neuron types; orange represents BCï¿½BC; green represents HICAPï¿½HICAP; blue represents HIPPï¿½HIPP pairs. <b>C<sub>3</sub></b>, Bottom, Average uIPSCs shown in <b>C1ï¿½C3</b> were peak normalized and superimposed. ***p?0.001. **p?0.01. *p?0.05. <sup>1</sup>Significantly different from HICAP. <sup>2</sup>Significantly different from HIPP.","Fig. 1C2",NULL,NULL,NULL,NULL,24920624,0,"HICAP (-)2322?HICAP (-)2322",NULL,"3200215.png",2000005
3100305,1013,NULL,1013,NULL,"<b>Morphological, physiological, and synaptic characteristics of perisomatic and dendritic inhibitory interneurons in rodent dentate gyrus.</b><br><b>A, Left,</b> Confocal image stacks of pairs of synaptically connected GABAergic interneurons intracellularly labeled with biocytin and visualized with streptavidin conjugated with AlexaFluorï¿½647 (white labeling). <b>A<sub>1</sub></b>, Perisomatic inhibitory interneurons with axon arbours located in the granule cell layer (gcl). <b>Right,</b> Both perisomatic inhibitory BCs are PVï¿½positive as revealed by antibody labeling. From top to bottom, top green, biocytin labeling, arrows point to both somata; middle red, PV expression; <b>bottom,</b> colocalization of both markers. <b>A<sub>2</sub></b>, HICAPs with axon collaterals mainly located in the inner molecular layer (iml). <b>Right,</b> A single intracellularly labeled HICAP cell was identified as CCKï¿½positive. Biocytin was visualized by streptavidin conjugated to AlexaFluorï¿½750. <b>Inset,</b> Characteristic discharge pattern of the HICAP cell (0.7 nA, 1 s). Calibration: 200 ms, 50 mV. <b>A<sub>3</sub></b>, HIPPs with axon arbors located predominantly in the outer molecular layer (oml). <b>Right,</b> Both neurons coexpress somatostatin (SOM; arrows).<br><b>B,</b> Passive and active membrane properties of identified BCs (<b>B<sub>1</sub></b>), HICAPs (<b>B<sub>2</sub></b>), and HIPPs (<b>B<sub>3</sub></b>).<br><b>B1ï¿½B3, Top traces,</b> Voltage trajectories of cell pairs shown in <b>A</b> during 1ï¿½sï¿½long current injections (-100, -50, 300ï¿½800 pA). <b>B<sub>1</sub>ï¿½B<sub>3</sub></b>, Summary graphs show left the input resistance (R<sub>in</sub>) of the recorded cell types and right the halfï¿½duration of single action potentials. Each circle represents a single data point; colored circles with lines represent mean values ï¿½ SEM.<br><b>C,</b> uIPSCs recorded at pairs shown in <b>A</b>. A presynaptic action potential (top) evokes uIPSCs in the postsynaptic cell. Single uIPSCs (6 traces) are shown superimposed (middle), and the average uIPSC (30 traces) at -70 mV is shown (bottom). Schematic illustration on top represents the recorded neuron types; orange represents BCï¿½BC; green represents HICAPï¿½HICAP; blue represents HIPPï¿½HIPP pairs. <b>C<sub>3</sub></b>, Bottom, Average uIPSCs shown in <b>C1ï¿½C3</b> were peak normalized and superimposed. ***p?0.001. **p?0.01. *p?0.05. <sup>1</sup>Significantly different from HICAP. <sup>2</sup>Significantly different from HIPP.","Fig. 1C3",NULL,NULL,NULL,NULL,24920624,0,"HIPP (-)1002?HIPP (-)1002",NULL,"3200215.png",2000006
3100306,1009,NULL,1035,NULL,"Signaling characteristics of HICAPï¿½BCs were quite similar to HICAPï¿½HICAP synapses. Conformities applied to the low synaptic strength and reliability in GABA release, indicating weak and unreliable inhibition (amplitude: 24.4 ï¿½ 5.8 pA vs 12.9 ï¿½ 3.9 pA, respectively, p = 0.771; failures: 48.3 ï¿½ 5.3 vs 57.2 ï¿½ 6.5%, respectively, p = 0.845). Furthermore, the mean synaptic latency (HICAPï¿½BC: 2.1 ï¿½ 0.1 ms vs HICAPï¿½HICAP: 2.2 ï¿½ 0.1 ms; 8 vs 15 pairs, p = 0.705) as well as the mean rise time of uIPSCs (HICAPï¿½BC: 0.69 ï¿½ 0.06 ms vs HICAPï¿½HICAP: 0.7 ï¿½ 0.08 ms, p = 0.762) did not differ between both types of synapses (Figs. 2A and 6A). This can be largely explained by the proposed same proximal dendritic synapse location (Fig. 3A). Moreover, precision in GABA release defined as the CV of synaptic latency was comparably low (HICAPï¿½BC: 0.46 ï¿½ 0.07 vs HICAPï¿½HICAP: 0.43 ï¿½ 0.08, p = 0.874; Figs. 2A and 6B).","p8203",NULL,NULL,NULL,NULL,24920624,0,"HICAP (-)2322?DG Basket (-)2232",NULL,NULL,2000007
3100307,1013,NULL,1035,NULL,"In contrast, some signaling properties of HIPPï¿½BCs were markedly different from HIPPï¿½HIPP synapses. The synaptic latency was 1.6-fold, and the rise time was 1.4 times longer at HIPPï¿½BC than HIPPï¿½HIPP synapses (latency: 2.1 ï¿½ 0.2 ms, 6 pairs vs 1.5 ï¿½ 0.16 ms, 6 pairs, respectively; p = 0.03; rise time: 0.7 ï¿½ 0.1 ms vs 0.4 ï¿½ 0.06 ms, respectively, p = 0.05; Figs. 2A and 6A; but see amplitude 62.1 ï¿½ 28.4 pA vs 25.0 ï¿½ 11.3 pA; p = 0.366). One explanation for this discrepancy is very likely to be the distal location of HIPP-mediated contacts at postsynaptic apical BC dendrites, which will cause longer delays in action potential conduction in contrast to the proposed proximal contacts among interconnected HIPP cells (Fig. 3B). Consistent with this hypothesis, we observed bouton-like structures of HIPP axons in close apposition to apical BC dendrites in the middle molecular layer (3 HIPPï¿½BC pairs; Fig. 6B).","p8203",NULL,NULL,NULL,NULL,24920624,0,"HIPP (-)1002?DG Basket (-)2232",NULL,NULL,2000008
3100308,4094,NULL,4012,NULL,"Light stimulation of Cajal-Retzius cells triggers inward currents in stratum lacunosum-moleculare interneurons held in voltage clamp (V h =_x0005_ -60 mV). A, Anatomical reconstruction of four neurogliaform-like cells with local axonal arborization in stratum lacunosum-moleculare (gray area, l-m). Somatodendritic arborization in red, axon in black. B, Corresponding postsynaptic currents recorded from the interneurons in A after the delivery of light flashes (blue traces) to stratum lacunosum-moleculare. Three overlapping responses are shown for every neuron.","Fig. 3",NULL,NULL,NULL,NULL,25253849,0,"CA1 Cajal-Retzius?CA1 Neurogliaform 3000",NULL,NULL,1007208
3100309,4094,NULL,4000,NULL,"Cajal-Retzius cells contact CA1 pyramidal cells via AMPA and NMDA glutamate receptors. A, Anatomical reconstruction of a CA1 pyramidal cell in which a postsynaptic response with a D-AP5-sensitive component was recorded following light stimulation [gray, stratum lacunosum-moleculare (l-m)]. B, Top, Postsynaptic responses recorded at V h = -60 mV in control conditions and after the addition of NBQX (20 _x0002_ï¿½M). Three sweeps are superimposed for each condition. Bottom, Summary plot (empty circles, mean; bars, SE) of the time course of the effect of NBQX application (black bar) on the postsynaptic responses (norm peak, normalized peak). C, Top, Postsynaptic responses (three sweeps superimposed) recorded at V h = -30 mV before and after the application of D-AP5 (50 [micro]_x0002_M). Averaged traces in the two conditions (black trace, control; gray trace, D-AP5) are superimposed after scaling. Bottom, Summary graphs of the effect of D-AP5 on the normalized amplitude (left, norm peak, empty circles are individual experiments) and the half-width (right, empty squares are individual experiments) of the postsynaptic responses.","Fig. 6",NULL,NULL,NULL,NULL,25253849,0,"CA1 Cajal-Retzius?CA1 Pyramidal",NULL,NULL,1007210
3100310,4094,NULL,4012,NULL,"Cajal-Retzius cells within the hippocampal circuit. We identified Cajal-Retzius cells (C-R) as a novel source of glutamatergic inputs for neurogliaform cells (NG; synapse indicated by 1) and pyramidal cells (P; synapse indicated by 2; but notice that the possibility that different types of Cajal-Retzius cells target either interneurons or pyramidal cells cannot be excluded; also, please see Discussion for the possibility of spillover). In addition, Cajal-Retzius cells, through the modulation of the interneurons activity, are able to drive a powerful disynaptic inhibition on pyramidal cells (synapse 3; for a review of the neurogliaform-pyramidal cells connection, see Capogna and Pearce, 2011). Data in the literature show that neurogliaform cells activity can be modulated by inputs from O-LM cells (synapse 4; Elfant et al., 2008), which also provides GABAergic inhibitory inputs to pyramidal cells (synapse indicated by 5; Maccaferri et al., 2000) and GABAergic excitatory inputs to Cajal-Retzius cells (synapse indicated by 6; Quattrocolo and Maccaferri, 2013). O-LM cells create a feedback inhibitory loop with pyramidal cells, which are their main source of excitatory inputs (synapse indicated by 7; Ali and Thomson, 1998; Losonczy et al., 2002). The activity of Cajal-Retzius cells can also be modulated by GABAergic inputs from neurogliaform cells (synapse indicated by 8; Quattrocolo and Maccaferri, 2013), whose final effect depends on the level of polarization of the membrane of Cajal-Retzius cells. L-M, stratum lacunosum-moleculare; R, Stratum radiatum; P, stratum pyramidale; O, stratum oriens; A, alveus.","Fig. 14",NULL,NULL,NULL,NULL,25253849,0,"CA1 Cajal-Retzius?CA1 Neurogliaform 3000",NULL,NULL,1007212
3100311,4094,NULL,4000,NULL,"Cajal-Retzius cells within the hippocampal circuit. We identified Cajal-Retzius cells (C-R) as a novel source of glutamatergic inputs for neurogliaform cells (NG; synapse indicated by 1) and pyramidal cells (P; synapse indicated by 2; but notice that the possibility that different types of Cajal-Retzius cells target either interneurons or pyramidal cells cannot be excluded; also, please see Discussion for the possibility of spillover). In addition, Cajal-Retzius cells, through the modulation of the interneurons activity, are able to drive a powerful disynaptic inhibition on pyramidal cells (synapse 3; for a review of the neurogliaform-pyramidal cells connection, see Capogna and Pearce, 2011). Data in the literature show that neurogliaform cells activity can be modulated by inputs from O-LM cells (synapse 4; Elfant et al., 2008), which also provides GABAergic inhibitory inputs to pyramidal cells (synapse indicated by 5; Maccaferri et al., 2000) and GABAergic excitatory inputs to Cajal-Retzius cells (synapse indicated by 6; Quattrocolo and Maccaferri, 2013). O-LM cells create a feedback inhibitory loop with pyramidal cells, which are their main source of excitatory inputs (synapse indicated by 7; Ali and Thomson, 1998; Losonczy et al., 2002). The activity of Cajal-Retzius cells can also be modulated by GABAergic inputs from neurogliaform cells (synapse indicated by 8; Quattrocolo and Maccaferri, 2013), whose final effect depends on the level of polarization of the membrane of Cajal-Retzius cells. L-M, stratum lacunosum-moleculare; R, Stratum radiatum; P, stratum pyramidale; O, stratum oriens; A, alveus.","Fig. 14",NULL,NULL,NULL,NULL,25253849,0,"CA1 Cajal-Retzius?CA1 Pyramidal",NULL,NULL,1007212
3100312,4055,NULL,4000,NULL,"In 1 [CA1] interneuron-to-interneuron pair, an inhibitory connection from O/A [oriens/alveus] interneuron {CA1 CA1 Oriens/Alveus} to stratum pyramidale interneuron was also observed. With intracellular HRP [horseradish peroxidase] injections into O/A interneurons and subsequent electron microscopy, we observed that O/A interneuron axons made contacts with pyramidal and nonpyramidal cells. HRP-filled symmetric synaptic contacts were found on pyramidal cell dendrites and somata. HRP-filled axons also made contacts with pyramidal cell initial segments. HRP-filled O/A interneuron axon contacts were also found on nonpyramidal cell dendrites in stratum oriens.","p1979",NULL,NULL,NULL,NULL,3612227,0,"CA1 O/A?CA1 Pyr",NULL,NULL,1007160
3100313,4055,NULL,4000,NULL,"We also report that at the ultrastructural level, HRP[horseradish peroxidase]-filled O/A [oriens/alveus] [CA1] interneuron {CA1 CA1 Oriens/Alveus} axons make contacts with pyramidal and nonpyramidal dendrites and somata.","p1980",NULL,NULL,NULL,NULL,3612227,0,"CA1 O/A?CA1 Pyr",NULL,NULL,1007162
3100314,4000,NULL,4055,NULL,"Excitatory synaptic interactions from a CA1 pyramidal cell to an O/A interneuron. A, Depolarizing current pulse (middle trace) in the CA1 pyramidal cell evoked 5 action potentials in the CA1 cell (top trace). In the O/A interneuron (bottom trace), EPSPs (thin arrowheads) were produced following the first 4 action potentials. In the case of the fourth EPSP, it reached threshold and triggered action potential. The fifth CA1 action potential failed to evoke a response in the interneuron (thick arrowhead). A spontaneous EPSP (open arrowhead) preceded this evoked activity. These spontaneous events seemed to occur randomly and were not stimulus dependent. Small dots indicate capacitative coupling artifacts. Arrow points to 5 msec, 10 mV calibration mark. O/A interneuron RMP, -60 mV; CA1 pyramidal cell RMP, -58 mV. B, In a different pair of O/A interneuron and CA1 pyramidal cell, a single spontaneous action potential in the pyramidal cell evoked an EPSP-like event in the interneuron.","Fig. 3",NULL,NULL,NULL,NULL,3612227,0,"CA1 Pyr?CA1 O/A",NULL,NULL,1007190
3100315,1035,NULL,1000,NULL,"Basket cell {DG DG (i)2232 (00S0) Basket} dendrites located in the hilus [of the dentate gyrus] were contacted by numerous terminals with characteristics of mossy fibres derived from granule cells. Some of these terminals were identified positively in preparations that also contained impregnated granule cells. The axons of basket cells formed exclusively symmetric synapses. The most common postsynaptic structures to these terminals were the somata and dendrites of granule cells. Dendritic spines were rarely contacted by basket cell axons while the axon hillocks and initial segments of granule cells were never contacted.","p577",NULL,NULL,NULL,NULL,6619905,0,"DG BC?GC",NULL,NULL,1005049
3100316,1035,NULL,1000,NULL,"The most common postsynaptic structures are the somata (Fig. 21) and dendrites (Figs. 22-24) of granule cells [in the dentate gyrus]. Dendritic spines from these cells are contacted rarely by basket cell {DG DG (i)2232 (00S0) Basket} axons. More than one gold-labelled axon terminal from a single basket cell may form synapses with an individual cell soma.","p590",NULL,NULL,NULL,NULL,6619905,0,"DG BC?GC",NULL,NULL,1005051
3100317,1035,NULL,1000,NULL,"Gold-labelled basket cell {DG DG (i)2232 (00S0) Basket} terminals synapse with the proximal dendrites of granule cells [in the dentate gyrus] both close to the soma (Fig. 22) and as far away as 50 [micro]m into the molecular layer. These axodendritic synapses may occur in the granule cell layer as well. When terminals of basket cells are apposed to granule cell dendritic spines, the terminal either synapses with the spine or ensheaths the spine and synapses with the dendritic shaft (Figs. 23, 24). Basket terminals were never found contacting the axon initial segments of granule cells even though numerous terminals that form symmetric synapses are present at this location.","p594",NULL,NULL,NULL,NULL,6619905,0,"DG BC?GC",NULL,NULL,1005053
3100318,1000,NULL,1035,NULL,"Basket cell {DG DG (i)2232 (00S0) Basket} dendrites located in the hilus [of the dentate gyrus] were contacted by numerous terminals with characteristics of mossy fibres derived from granule cells. Some of these terminals were identified positively in preparations that also contained impregnated granule cells. The axons of basket cells formed exclusively symmetric synapses. The most common postsynaptic structures to these terminals were the somata and dendrites of granule cells. Dendritic spines were rarely contacted by basket cell axons while the axon hillocks and initial segments of granule cells were never contacted.","p577",NULL,NULL,NULL,NULL,6619905,0,"DG Granule?DG Basket (-)2232",NULL,NULL,2000091
3100319,4035,NULL,4000,NULL,"The [CA1] trilaminar cell {CA1 CA1 Trilaminar} is considered to be a new cell type not only because of its distinct innervation of the somata, basal, and proximal apical dendrites of pyramidal cells, but because its physiological features and dendritic arbor were characteristically different from other types.","p6661",NULL,NULL,NULL,NULL,7472426,0,"CA1 Trilam 0113p?CA1 Pyr",NULL,NULL,1007134
3100320,2028,NULL,2000,NULL,"Two axo-axonic cells {CA3 CA3 (i)22232 (000S0) Axo-Axonic} in the CA3 area (AA[axo-axonic]2, AA3), reconstructed from four sections (80 [micro]m thick each). (A) The multipolar cell body of AA2 was located in stratum pyramidale. The dendrites ran in all directions in a horizontally elongated field, primarily in stratum oriens. Two primary dendrites penetrating stratum lucidum were cut. The axon arbor of the cell occupied the lower half of stratum pyramidale and the adjacent part of stratum oriens of the CA3a and b areas. (J3) The cell body of AA3 was located in stratum lucidum next to stratum pyramidale. The dendrites ran horizontally turning towards strata oriens and radiatum. The axon arbor was rather large, spread from CA3a to CA3c. and was slightly more superficially located than the arbor of AA2 but sparsely spread into stratum oriens. In CA3c the axon cloud became rather loose, similarly to the pyramidal cells. Here the characteristic rows of boutons are discernible. The inset on the left (on this and the subsequent figures) shows axons from a single 80 [micro]m thick section to illustrate the relative laminar position and bouton density. s.l., stratum lucidum; s.P., stratum pyramidale. Scale: 100 [micro]m","Fig. 2",NULL,NULL,NULL,NULL,8124523,0,"CA3 AA?CA3 Pyr",NULL,NULL,1006022
3100321,2028,NULL,2000,NULL,"The soma of the cell was located in stratum pyramidale [of CA3]. Two main dendrites of the cell, running towards stratum lucidum, were cut when preparing slices, thus only dendrites descending towards stratum oriens were reconstructed. These dendrites had a horizontal spread of 450 [micro]m and reached the alveus. The main axon branches of the cell ran in stratum oriens and ascended towards stratum pyramidale, giving rise to a dense terminal arbor of 800 [micro]m diameter. The terminal axon branches formed large boutons which occupied the lower half of the stratum pyramidale and the upper fourth of stratum oriens.","p1733",NULL,NULL,NULL,NULL,8124523,0,"CA3 AA?CA3 Pyr",NULL,NULL,1006024
3100322,2028,NULL,2000,NULL,"The cell body [of a CA3 axo-axonic cell {CA3 CA3 (i)22232 (000S0) Axo-Axonic} was located on the border of strata lucidum and pyramidale. The dendrites were radially oriented and projected into stratum oriens and stratum radiatum. The axonal arborization of this cell had the largest diameter (1700 [micro]m) among the non-pyramidal cells described in this study. In the CA3a and b regions the axon terminal cloud occupied stratum pyramidale and the adjacent stratum oriens. The axonal arbor spread into CA3c as well, where it became less dense, arborizing in the vicinity of loosely packed pyramidal cell bodies in stratum pyramidale.","p1733",NULL,NULL,NULL,NULL,8124523,0,"CA3 AA?CA3 Pyr",NULL,NULL,1006026
3100323,2028,NULL,2004,NULL,"The cell body [of a CA3 axo-axonic cell {CA3 CA3 (i)22232 (000S0) Axo-Axonic} was located on the border of strata lucidum and pyramidale. The dendrites were radially oriented and projected into stratum oriens and stratum radiatum. The axonal arborization of this cell had the largest diameter (1700 [micro]m) among the non-pyramidal cells described in this study. In the CA3a and b regions the axon terminal cloud occupied stratum pyramidale and the adjacent stratum oriens. The axonal arbor spread into CA3c as well, where it became less dense, arborizing in the vicinity of loosely packed pyramidal cell bodies in stratum pyramidale.","p1733",NULL,NULL,NULL,NULL,8124523,0,"CA3 AA?CA3c Pyr",NULL,NULL,1006028
3100324,4080,NULL,4000,NULL,"In contrast, a cell that we term the bistratified cell {CA1 CA1 Bistratified} (n = 11, CA1) had relatively few terminals in the pyramidal cell layer of the hippocampus and extensively ramified in stratum radiatum and oriens (Fig. 25), some axonal arbors covering the whole depth of stratum oriens and radiatum. Electron microscopic analysis of the efferent connections showed that of those synapses established on pyramidal cells, only 2% were on the soma and 98% on their dendrites (Table 1)","p824",NULL,NULL,NULL,NULL,8159242,0,"CA1 Bistratified?CA1 Pyr",NULL,NULL,1007007
3100325,4078,NULL,4000,NULL,"Postsynaptic effect of basket cells {CA1 CA1 Basket} and location of synaptic release sites on a pyramidal cell in the CA1 area. In Figs 1-3, the soma, dendrites and intracellularly recorded membrane potential of presynaptic inhibitory cells is shown in red, their axon in yellow, and the synaptically coupled postsynaptic principal cell and its membrane potential in blue.","Fig. 1",NULL,NULL,NULL,NULL,8159242,0,"CA1 BC?CA1 Pyr",NULL,NULL,1007008
3100326,4080,NULL,4999,NULL,"Postsynaptic effect of a bistratified cell {CA1 CA1 Bistratified} and location of contact sites on a pyramidal cell in the CA1 area. ... B, Same bistratified/pyramidal pair as in A; note the relatively sparse inhibitory axon (yellow) in stratum pyramidale (Str. pyr.) and its increased density in the adjacent strata radiatum (Str. rad.) and oriens (Str. or.), where Schaffer collateral afferents from the CA3 area terminate. Dendrites of this cell type do not significantly enter into the stratum lacunosum moleculare (Str. lac. mol.) where the perforant path terminates.","Fig. 2",NULL,NULL,NULL,NULL,8159242,0,"CA1 Bistratified?CA1 Pyr",NULL,NULL,1007009
3100327,4078,NULL,4000,NULL,"Basket cells {CA1 CA1 Basket} (n = 31 CA1; n = 3 CA3; n = 5 dentate gyrus (DG)) had most of their axon terminals in the cellular layers (Fig. 1C). Electron microscopic analysis of a random sample of synapses (n = 156) showed that they make synaptic contacts predominantly on somata (50.6%) and proximal dendrites (46.8%) of pyramidal cells (Table 1).","p823",NULL,NULL,NULL,NULL,8159242,0,"CA1 BC?CA1 Pyr",NULL,NULL,1007144
3100328,4078,NULL,4000,NULL,"Location of synaptic release sites made by inhibitory cells {CA1 CA1 Basket} on simultaneously recorded postsynaptic principal cells","Table 1",NULL,NULL,NULL,NULL,8159242,0,"CA1 BC?CA1 Pyr",NULL,NULL,1007146
3100329,1010,NULL,1000,NULL,"Location of synaptic release sites made by inhibitory cells {CA1 CA1 Basket} on simultaneously recorded postsynaptic principal cells","Table 1",NULL,NULL,NULL,NULL,8159242,0,"DG AA?GC",NULL,NULL,1007146
3100330,4080,NULL,4000,NULL,"Location of synaptic release sites made by inhibitory cells {CA1 CA1 Basket} on simultaneously recorded postsynaptic principal cells","Table 1",NULL,NULL,NULL,NULL,8159242,0,"CA1 Bistratified?CA1 Pyr",NULL,NULL,1007146
3100331,1035,NULL,1000,NULL,"The axon projected to granule cells at the same septo-temporal level where the main axon trunk originated. Characteristically, most terminal branches criss-crossed throughout the entire extent of the granule cell layer without any particular orientation preference (Figs 7 and 9A, B). Although many fibres appeared to be apposed to adjoining cell bodies, they did not form distinct pericellular baskets. The resulting intricate network of thin, varicose fibres was far too dense to be represented in a composite drawing of the entire 400 ï¿½m thick slice (Fig. 7). Only a small number of collaterals left the cell body layer and ramified in the innermost part of the molecular layer or the subjacent polymorphic layer (Fig. 7). The longitudinal extent of the axon was estimated to be 0.9 mm.","p399",NULL,NULL,NULL,NULL,8261117,0,"DG BC?GC",NULL,NULL,1005047
3100332,1002,NULL,1010,NULL,"During the postfilling incubation period [in the dentate gyrus] almost all of the biocytin had been lost from the soma and dendrites. However, several labelled {DG Axo-axonic} dendrites were recovered in the molecular layer of the dentate gyrus (Fig. 10C), which could be followed through the granule cell layer, pointing towards the recording site in the hilus (Fig. 10B; asterisk). The axon was extensively filled, covering in the horizontal plane a distance of 1.1 mm, which is approximately half of the longitudinal extent of the entire granule cell layer (Fig. 10C). The axon projected to granule cells at the same septo-temporal level where the cell body was located. In addition, all of the subjacent superficial and deeper parts of the hilar region were filled with a dense meshwork of fibres (Fig. 10B). One end of the rows of varicosities forming terminal segments could be traced to large hilar cells thought to be mossy cells. Surprisingly, even the cell body layer of area CA3c was invaded by a few scattered collaterals. All the axon could be reconstructed and traced back to the main axon originating from the recording site in the hilus.","p399",NULL,NULL,NULL,NULL,8261117,0,"DG Mossy?DG Axo-axonic",NULL,NULL,2000084
3100333,2004,NULL,1000,NULL,"All CA3c neurons in this study sent axon collaterals into the hilus proper (zone 4). In addition, the present report provides direct evidence for the existence of a feedback projection of CA3c neurons to granule cells. Although this projection in the dorsal hippocampus may not be very powerful, in the ventral hippocampus it must play a significant role in the physiological processing of incoming information. In the dorsal hippocampus only one out of seven CA3c/zone 3 cells had axons that penetrated through the granule cell layer and terminated in the inner third of the molecular layer. The neuron (R82) was located at the proximal end of the CA3c pyramidal layer and all other labeled neurons were distal to it. In the ventral hippocampus, 3 out of 3 CA3 pyramidal cells {CA3c CA3c (e)03223p (000S0) Pyramidal} had extensive projections to the inner molecular layer. One of them (R60) was near the border of CA3c/Ca3b and had a moderate amount of axon collaterals in the suprapyramidal molecular layer. The other two neurons (R32 pair) were located close to the proximal end of CA3c. These cells projected to both the suprapyramidal and infrapyramidal parts of the molecular layer. The density of axons in the inner molecular layer was very high and in fact denser than the axon collaterals of intracellularly labeled mossy cells in vivo (Soltesz and Deschenes, '92).","p204",NULL,NULL,NULL,NULL,8300905,0,"CA3c Pyr?GC",NULL,NULL,1006020
3100334,2045,NULL,2000,NULL,"Morphological Substrate of Dendritic Inhibition (B) Morphology showed that the inhibitory cell axon established contacts exclusively with distal dendrites of the pyramidal cell. The pyramidal cell is drawn in red and the inhibitory cell in black.","Fig. 2",NULL,NULL,NULL,NULL,8607999,0,"CA3 Bistratified?CA3 Pyr",NULL,NULL,1006014
3100335,2042,NULL,1002,NULL,"The major finding of the present study is that a specialized VIP[vasoactive intestinal polypeptide]-containing interneuron population {CA3 CA3 (i)03333p (0SSSS) Interneuron Specific Quad} innervates the [dentate gyrus] hilar region, where it forms synapses predominantly with non-principal cells visualized by SPR[substance P receptor]-immunostaining (Fig. 11). In a recent study SPR was found to be present in all PV[parvalbumin]- and CCK[cholecystokinin]-positive cells of the strata granulosum and moleculare, and in a large number of GABA[gamma aminobutyric acid]-ergic neurons of the hilus (in the somatostatin-, CR[calretinin]- and CCK- containing subpopulations), while mossy cells were not labelled by SPR (Acsady et al., 1995b). The dendrites of spiny SPR-positive cells, and some aspiny neurons as well, give rise to a profuse dendritic arbour in the hilus (Nakaya et al., 1994; Acsady et al.,1995b) which perfectly overlaps with the VIP-positive hilar axonal plexus. VIP-SPR double-immunostaining showed that the main targets of hilar VIP-positive boutons are indeed the SPR-positive spiny and aspiny cells. VIP-immunoreactive cells frequently form multiple contacts on cell bodies and dendrites of these neurons.","p1429",NULL,NULL,NULL,NULL,8758949,0,"CA3 IS-Quad D?!!! NO !!! Mossy",NULL,NULL,1006030
3100336,4021,NULL,4091,NULL,"Camera ludica drawings of VIP[vasoactive intestinal polypeptide]-positive interneurons [cell 1,7: {CA1 CA1 Interneuron Specific O-Targeting QuadD}] [cell 2,4: {CA1 CA1 Interneuron Specific LMO-O}] [cell 3: {CA1 CA1 Interneuron Specific RO-O}] [cell 5: {CA1 CA1 Interneuron Specific LM-R}] [cell 6: {CA1 CA1 Interneuron Specific R-O}] projecting to the O/A [stratum oriens and alveus] border in the CA1 region. The reconstructions were made by a drawing tube from two to seven, 60-[micro]m-thick, serial sections. Axon initial segments are labelled by arrowheads. The dendrites are radially oriented, and rarely branch before reaching stratum lacunosum-moleculare. The main axons run directly towards the alvear border, where they emit horizontal collaterals. The latter are difficult to follow as the join the profuse meshwork of VIP-positive boutons in this sublayer. Cells 3,4, and 6 are shown to receive multiple contacts from other VIP-positive cells (arrows). In case of neuron 6 the cell (5) that gave rise to the innervation was also found and drawn. This cell pair can also be seen on Fig. 5. All neurons of this type (and of this figure) contain calretinin.","Fig. 2",NULL,NULL,NULL,NULL,8783251,0,"CA1 IS LM-R (-)2100?CA1 Interneuron Specific R-O (-)0221",NULL,NULL,1007172
3100337,4021,NULL,4091,NULL,"A montage of high power light micrographs (A) and a drawing (B) of connections between two different [CA1] VIP[vasoactive intestinal polypeptide]-containing interneuron types {CA1 CA1 Interneuron Specific R-O}. A calretinin-negative, VIP-positive cell projecting to stratum radiatum (1) establishes multiple contacts (arrows) on another VIP-positive cell (2), which sends its axon to the O/A [oriens/alveus] border. The same cells can be seen on Fig. 2 (cells 5-6). Arrowheads label axon initial segments. Scale bar: A, 20 microm","Fig. 5A-B",NULL,NULL,NULL,NULL,8783251,0,"CA1 IS LM-R (-)2100?CA1 Interneuron Specific R-O (-)0221",NULL,NULL,1007174
3100338,4021,NULL,4020,NULL,"Drawings of VIP[vasoactive intestinal polypeptide]-immunoreactive interneurons projecting to stratum radiatum in the CA1 region. In case of cells 2, 3 {CA1 CA1 Interneuron Specific LM-R}, and 6 {CA1 CA1 Interneuron Specific LM-R} the entire dendritic arbour is confined to stratum lacunosum-moleculare, whereas that of cells 1, 5, and 7 {CA1 CA1 Interneuron Specific LMR-R} span layers. The axons arborize mainly in stratum radiatum, but occasional branches cross stratum pyramidale and oriens (cells 2 and 6). Note that boutons are irregularly spaced along the axons, and they are grouped mostly along vertical segments. Cell 3 is shown to innervate another VIP-positive interneuron (cell No. 4 {CA1 CA1 Interneuron Specific O-Targeting QuadD}, arrows), which projects to the O/A [stratum oriens and alveus] border. Axon initial segments are labelled with arrowheads. Cells 2, 3, 6, and 7 proved to be negative, while cells 4 and 5 were positive for the calcium binding protein, calretinin.","Fig. 3",NULL,NULL,NULL,NULL,8783251,0,"CA1 IS LM-R (-)2100?CA1 IS O-Target QuadD (-)2223",NULL,NULL,1007176
3100339,4021,NULL,4000,NULL,"Vasoactive intestinal polypeptide-immunoreactive interneurons selectively innervate GABA[gamma aminobutyric acid]ergic cells in stratum radiatum [of the CA1]. One subpopulation of VIP[vasoactive intestinal polypeptide]-containing interneurons {CA1 CA1 Interneuron Specific LM-R} with stratum radiatum projections has a characteristic dendritic arbor restricted entirely to stratum lacunosum-moleculare. Three neurons of this type with profuse axon arbors were selected for correlated light and electron microscopy (two of them are shown in Fig. 2). The characteristics of these neurons were identical to those described in the accompanying paper, 2 [Acsady, 1996] their axons consisted of mainly radially oriented rows of boutons linked with long non-varicose segments (Figs 2, 3). The postsynaptic targets were established for 36 boutons of three identified VIP cells using correlated electron microscopy of serial sections, which were immunoreacted for GABA as well. Nearly all of these (35 out of 36) established symmetrical synapses with GABA-immunoreactive dendrites (Figs 3, 4), identified as such on the basis of consistent accumulation of colloidal gold particles over the positive profiles in several serial sections (see Experimental Procedures).","p321",NULL,NULL,NULL,NULL,8783252,0,"CA1 IS LM-R (-)2100?CA1 Pyr",NULL,NULL,1007178
3100340,1036,NULL,1000,NULL,"Tables 2-4 provide a list of morphological, neurochemical, and physiological features of identified intemeurons. Those types at the bottom of the tables, indicated in boldface type, are known only from immunocytochemical studies; therefore, physiological and detailed anatomical data are not available for these types. AHP, spike afterhyperpolarization; AP, action potential; C/A, commissural-associational path; dd, distal dendrites; ec, entorhinal cortex; Ga1, GABAï¿½A receptor alpha 1 subunit; g.is, granule cell axon initial segment; h., hilus; IH, hyperpolarization-activated current; i.dd, interneuron distal dendrite; i.pd, interneuron proximal dendrite; is, interneuron soma; IS-1, type l interneuron-selective cells (CR); IS-2, type 2 interneuron-selective cells (VIP); IS-3, type 3 interneuron-selective cells (VIP); lc, local collaterals of pyramidal cells; mr, median raphe; ms, medial septum; pd, proximal dendrite; pis, pyramidal cell axon initial segment; r., random (i,e., contacts both granule cells and interneurons in proportion of their occurrence); s., soma; s.g., stratum granulosum; s.m. (i), inner stratum moleculare; s.m. (o), outer stratum moleculare; s.l., stratum lucidum; s.l-m., stratum lacunosum-moleculare; s.o., stratum oriens; s.p., stratum pyramidale; s.r., stratum radiatum; VVA, Vicia villosa agglutinin. 2-Only in the dentate gyrus. 3-Only on axon terminals.","Table 2",NULL,NULL,NULL,NULL,8915675,0,"DG BC-CCK?GC",NULL,NULL,1005055
3100341,2000,NULL,2043,NULL,"A: Camera lucida reconstruction of the axonal trees of two presynaptic [CA3] pyramidal cells {CA3 CA3 (e)23223p (000S0) Pyramidal} (black and blue) and a postsynaptic [CA3] basket cell {CA3 CA3 (i)22232 (000S0) Basket} (red) simultaneously recorded and filled with biocytin in the CA3 region of the hippocampus. The axon of both pyramidal cells established a single contact on a mid-distal dendrite of the basket cell in stratum radiatum (arrows). ... Data from Gulyas et al. (1993b).","Fig. 6",NULL,NULL,NULL,NULL,8915675,0,"CA3 Pyr?CA3 Basket",NULL,NULL,1006000
3100342,4028,NULL,4000,NULL,"The reconstruction and electron microscopic analysis of the postsynaptic targets demonstrated that CB-IR [calbindin-immunoreactive] axons {CA3 CA3 Radiatum} {CA1 CA1 Radiatum} in the CA1 and CA3 areas arise from type I CB-IR cells and innervate distal, and to a smaller extent proximal, apical dendrites of pyramidal cells in stratum radiatum and only occasionally terminate on other GABA-IR [gamma aminobutyric acid-immunoreactive] cells.","p531",NULL,NULL,NULL,NULL,8953305,0,"CA1 Radiatum?CA1 Pyr",NULL,NULL,1007130
3100343,2023,NULL,2000,NULL,"The reconstruction and electron microscopic analysis of the postsynaptic targets demonstrated that CB-IR [calbindin-immunoreactive] axons {CA3 CA3 Radiatum} {CA1 CA1 Radiatum} in the CA1 and CA3 areas arise from type I CB-IR cells and innervate distal, and to a smaller extent proximal, apical dendrites of pyramidal cells in stratum radiatum and only occasionally terminate on other GABA-IR [gamma aminobutyric acid-immunoreactive] cells.","p531",NULL,NULL,NULL,NULL,8953305,0,"CA3 Radiatum?CA3 Pyr",NULL,NULL,1007130
3100344,4028,NULL,4000,NULL,"Type I cells {CA3 CA3 Radiatum} {CA1 CA1 Radiatum} were found primarily in stratum radiatum of the CA3 and CA1 areas, and their axon collaterals-arborising in the apical dendritic region of pyramidal cells-were GABA [gamma aminobutyric acid] immunoreactive and innervated distal and proximal dendrites of pyramidal cells via symmetrical synapses.","p531",NULL,NULL,NULL,NULL,8953305,0,"CA1 Radiatum?CA1 Pyr",NULL,NULL,1007132
3100345,2023,NULL,2000,NULL,"Type I cells {CA3 CA3 Radiatum} {CA1 CA1 Radiatum} were found primarily in stratum radiatum of the CA3 and CA1 areas, and their axon collaterals-arborising in the apical dendritic region of pyramidal cells-were GABA [gamma aminobutyric acid] immunoreactive and innervated distal and proximal dendrites of pyramidal cells via symmetrical synapses.","p531",NULL,NULL,NULL,NULL,8953305,0,"CA3 Radiatum?CA3 Pyr",NULL,NULL,1007132
3100346,1035,NULL,1000,NULL,"Targets of the HICAP [hilar commissural-associational pathway-associated]-like interneurons {DG DG (i)2232 (00S0) Basket} (UR.58). (A) Photomicrograph of the apical and basal dendrites (arrows) and axon collaterals in the inner molecular layer (arrowheads). (B) Spiny basal dendritic branch. Arrows indicate spines on the dendrite. The apical dendrites were spine-free. (C) A labelled bouton forms a putative contact on the soma of an interneuron (mow). (D) Correlated electron microscopy verified a symmetrical contact on the cell body (boxed area). In the inset, the bouton shown in C is synapsing on the soma (arrow). Other collaterals terminate on a dendrite of an unidentified neuron in the inner molecular layer (E), granule cell soma (F) and on a dendrite of an unidentified neuron in the hilus (G). b, bouton; d, dendrite; g, granule cell layer; gs, granule cell soma; h, hilus; is, interneuron soma; m, molecular layer; s, soma of interneuron.","Fig. 5",NULL,NULL,NULL,NULL,9104599,0,"DG BC?GC",NULL,NULL,1005041
3100347,1035,NULL,1000,NULL,"Electron microscopic examination of boutons (n = 14) revealed that axon collaterals [of basket cells {DG DG (i)2232 (00S0) Basket}] terminated on dendritic shafts of the inner molecular layer (Fig. 5E) and on the somata of granule cells (Fig. 5F), forming symmetrical synapses. Electron microscopy also revealed that the boutons of axon collaterals in the hilus also corresponded to synapses (four of five boutons examined).","p580",NULL,NULL,NULL,NULL,9104599,0,"DG BC?GC",NULL,NULL,1005043
3100348,1013,NULL,1000,NULL,"Interneurons in the dentate area were characterized physiologically and filled with biocytin in urethane-anaesthetized rats. On the basis of axonal targets the following groups could be distinguished. (i) Large multipolar interneurons with spiny dendrites in the deep hilar region densely innervated the outer molecular layer and contacted both granule cells and parvalbumin-positive neurons (hilar interneuron with perforant pathway-associated axon terminals; HIPP cells). (ii) A pyramidal-shaped neuron with a cell body located in the subgranular layer innervated mostly the inner molecular layer and the granule cell layer (hilar interneuron with commissural-associational pathway-associated axon terminals; HICAP cell). It contacted both granule cells and interneurons. Axon collaterals of HIPP and HICAP neurons covered virtually the entire septo-temporal extent of the dorsal dentate gyrus. (iii) Calbindin-immunoreactive neurons with horizontal dendrites in stratum oriens of the CA3c region gave rise to a rich axon arbor in strata oriens, pyramidale and radiatum and innervated almost the entire extent of the dorsal hippocampus, with some collaterals entering the subicular area (putative trilaminar cell). (iv) Hilar basket cells innervated mostly the granule cell layer and to some extent the inner molecular layer and the CA3c pyramidal layer. HIPP and trilaminar interneurons could be antidromically activated by stimulation of the fimbria. Only the HICAP cells could be monosynaptically discharged by the perforant path input. All interneurons examined showed phase-locked activity to the extracellularly recorded theta/gamma oscillations or to irregular dentate electroencephalogram spikes. These observations indicate that the interconnected interneuronal system plays a critical role in coordinating population of the dentate gyrus and Ammon's hom.","Abstract",NULL,NULL,NULL,NULL,9104599,0,"DG HIPP?DG GC",NULL,NULL,2000064
3100349,NULL,NULL,1000,NULL,"Targets of the HICAP-like interneurons (UR.58). (A) Photomicrograph of the apical and basal dendrites (arrows) and axon collaterals in the inner molecular layer (arrowheads). (B) Spiny basal dendritic branch. Arrows indicate spines on the dendrite. The apical dendrites were spine-free. (C) A labelled bouton forms a putative contact on the soma of an interneuron (mow). (D) Correlated electron microscopy verified a symmetrical contact on the cell body (boxed area). In the inset, the bouton shown in C is synapsing on the soma (arrow). Other collaterals terminate on a dendritic of an unidentified neuron in the inner molecular layer (E), granule cell soma (F) and on a dendrite of an unidentified neuron in the hilus (G). b, bouton; d, dendrite; g, granule cell layer; gs, granule cell soma; h, hilus; is, interneuron soma; m, molecular layer; s, soma of interneuron.ï¿½","Fig. 5",NULL,NULL,NULL,NULL,9104599,0,"DG:2332?DG Granule",NULL,NULL,2000089
3100350,1035,NULL,1009,NULL,"Hilar interneuron {DG Basket} innervating the inner-molecular layer (HICAP [hilar commissural-associational pathway-associated] cell) The pyramidal-shaped cell body was located in the subgranular zone of the hilus (Fig. 4; cell UR58). The smooth apical dendrite crossed the granule cell layer and bifurcated in the inner molecular layer. Most of the dendritic branches were in the outer third of the molecular layer. The basal dendritic branches remained in the hilus and were covered sparsely with spines (Fig. 5). The principal axon originated from the soma, which gave off several main collaterals that penetrated the granule cell layer. Most axon collaterals coursed in the inner third of the molecular layer (75.5%). However, a significant portion of the axon collaterals (22.6%) remained in the granule cell layer (Fig. 4). Finally, a very small proportion of the collaterals contacted neurons in the hilus proper (Figs 4 and 5C, D). The axon arbor covered the whole extent of the dorsal blade of the fascia dentata in the mediolateral (subiculo-fimbrial) direction (&gt; 1.5 mm). In the septo-temporal axis, the axon collaterals spanned most of the dorsal dentate gyms (2.58 mm), although the density of collaterals decreased both septally and temporally from the cell body (Fig. 4). The total two-dimensional axon length was 90 850 ï¿½m. On the basis of bouton density, measured in random samples at different distances from the soma (29 +/- 4/100 [micro]m, n = 50), the estimated number of boutons was 26 300.","p579",NULL,NULL,NULL,NULL,9104599,0,"DG Basket (-)2232?DG HICAP",NULL,NULL,2000090
3100351,1013,NULL,1035,NULL,"The sections were double-stained for parvalbumin, and the chandelier/basket cell innervation pattern of the filled neuron was examined in eight selected sections at various distances from the soma. The contacts formed by the biocytin-filled cell on parvalbumin-positive dendritic targets were investigated using a 100X oil-immersion objective. The number of putative contacts was multiplied by the ratio of the total axon length and the axon length in the selected sections to estimate the total number of synaptic contacts on parvalbumin-immunoreactive dendrites (n = 1355 contacts). Electron microscopy of five putative contacts revealed symmetrical synapses between biocytin-filled presynaptic terminals and parvalbumin-immunoreactive postsynaptic dendrites (Fig. 2E, F). Since the axon collaterals were expected to contact several dendrites of the same cell, the dendritic arbors of several parvalbumin-immunoreactive neurons (n = 10) were reconstructed from neighboring sections. These reconstructions indicated that the biocytin-filled interneuron formed from one to seven putative contacts (median, 3) on the dendrites of a single parvalbumin-immunoreactive neuron (Fig. 2D). Typically, these contacts were on different dendrites, but two neighboring boutons in contact with the same dendrite were also seen occasionally. On the basis of the median number of contacts per neuron and the total number of putative contacts on parvalbumin-immunoreactive dendrites, the filled neuron was estimated to innervate 400-450 parvalbumin cells. Similar estimates were not available for granule cells. However, since there were 6000-10000 boutons in an 80 ï¿½m section (Fig. 1B), which contains 8000 granule cells (Seress and Pokorny, 1981; Amaral et al., 1990), it is likely that granule cells are innervated by multiple release sites. Assuming five contacts per granule cell, a single HIPP neuron may innervate -20% of the possible targets at the level of the cell body.","p579",NULL,NULL,NULL,NULL,9104599,0,"DG HIPP?DG Basket (-)2232",NULL,NULL,2000096
3100352,1013,NULL,1010,NULL,"The sections were double-stained for parvalbumin, and the chandelier/basket cell innervation pattern of the filled neuron was examined in eight selected sections at various distances from the soma. The contacts formed by the biocytin-filled cell on parvalbumin-positive dendritic targets were investigated using a 100X oil-immersion objective. The number of putative contacts was multiplied by the ratio of the total axon length and the axon length in the selected sections to estimate the total number of synaptic contacts on parvalbumin-immunoreactive dendrites (n = 1355 contacts). Electron microscopy of five putative contacts revealed symmetrical synapses between biocytin-filled presynaptic terminals and parvalbumin-immunoreactive postsynaptic dendrites (Fig. 2E, F). Since the axon collaterals were expected to contact several dendrites of the same cell, the dendritic arbors of several parvalbumin-immunoreactive neurons (n = 10) were reconstructed from neighboring sections. These reconstructions indicated that the biocytin-filled interneuron formed from one to seven putative contacts (median, 3) on the dendrites of a single parvalbumin-immunoreactive neuron (Fig. 2D). Typically, these contacts were on different dendrites, but two neighboring boutons in contact with the same dendrite were also seen occasionally. On the basis of the median number of contacts per neuron and the total number of putative contacts on parvalbumin-immunoreactive dendrites, the filled neuron was estimated to innervate 400-450 parvalbumin cells. Similar estimates were not available for granule cells. However, since there were 6000-10000 boutons in an 80 ï¿½m section (Fig. 1B), which contains 8000 granule cells (Seress and Pokorny, 1981; Amaral et al., 1990), it is likely that granule cells are innervated by multiple release sites. Assuming five contacts per granule cell, a single HIPP neuron may innervate -20% of the possible targets at the level of the cell body.","p579",NULL,NULL,NULL,NULL,9104599,0,"DG HIPP?DG Axo-Axonic (-)2233",NULL,NULL,2000096
3100353,6003,NULL,NULL,NULL,"The neuron discharged at a short latency (4 ms) in response to perforant path stimulation, followed by a long-lasting hyperpolarization (Fig. 6B).","p580",NULL,NULL,NULL,NULL,9104599,0,"MEC LII Stellate?DG:2332:HICAP-Like",NULL,NULL,2000097
3100354,6082,NULL,NULL,NULL,"The neuron discharged at a short latency (4 ms) in response to perforant path stimulation, followed by a long-lasting hyperpolarization (Fig. 6B).","p580",NULL,NULL,NULL,NULL,9104599,0,"LII-III Pyramidal-Tripolar?DG:2332:HICAP-Like",NULL,NULL,2000097
3100355,6085,NULL,NULL,NULL,"The neuron discharged at a short latency (4 ms) in response to perforant path stimulation, followed by a long-lasting hyperpolarization (Fig. 6B).","p580",NULL,NULL,NULL,NULL,9104599,0,"LIV-V Pyramidal-Horizontal?DG:2332:HICAP-Like",NULL,NULL,2000097
3100356,6002,NULL,NULL,NULL,"The neuron discharged at a short latency (4 ms) in response to perforant path stimulation, followed by a long-lasting hyperpolarization (Fig. 6B).","p580",NULL,NULL,NULL,NULL,9104599,0,"MEC LV Pyramidal?DG:2332:HICAP-Like",NULL,NULL,2000097
3100357,4078,NULL,4080,NULL,"Intracellularly labelled basket cell-to-bistrati?ed cell pair. The light microscopic reconstruction shows the presynaptic basket cell (soma and dendrites in red, axon in black) and the nearby postsynaptic interneuron (blue) which has the distinctive dendritic characteristics of a bistrati?ed cell. 31 Arrows indicate the main axons originating from each cell. The axon of the basket cell was similar to those published earlier, 31 therefore only the branches innervating the putative bistrati?ed cell are indicated for clarity. The postsynaptic cell gives rise to two main axons, which emerge from the basal portion of the soma. The inset indicates all electron microscopically identi?ed sites of synaptic contact (n=12; see Fig. 3) made by 10 boutons of the presynaptic basket cell axon onto the postsynaptic bistrati?ed cell. In two instances (marked with an asterisk), a single bouton formed two active zones, so that in total, seven synaptic junctions were made onto the soma and the remaining ?ve onto proximal dendritic shafts. Electron microscopic evaluation of randomly selected synaptic terminals (n=12) showed that the basket cell innervated somata (50% of targets tested) and proximal dendritic shafts (50%) of unlabelled pyramidal cells. SP, stratum pyramidale; SR, stratum radiatum. Scale bar=100 ï¿½m; Inset scale bar=50 ï¿½m.","Fig. 2",NULL,NULL,NULL,NULL,9219929,0,"CA1 BC?CA1 Bistratified",NULL,NULL,1007198
3100358,4078,NULL,4078,NULL,"Light microscopic reconstruction and physiological characterization of basket-to-basket cell interaction. (A) The presynaptic cell (soma and dendrites in red, axon in black) and the postsynaptic cell (soma and dendrites in blue, axon in red) are similar, showing a concentration of axon in the pyramidal cell layer (SP), which is characteristic of basket cells. Electron microscopic analysis of the postsynaptic targets identi?ed both cells as basket cells. Both dendritic arbors were reconstructed from the entire slice, but, for clarity, from the axonal arbors only those collaterals are illustrated which were in continuity with the respective initial segments in two adjacent 60-ï¿½m-thick sections. Note that in these sections, the presynaptic axon overlaps with the dendrites of the postsynaptic cell. (B, C) Synaptic coupling was revealed by evoking single action potentials in the presynaptic basket neuron (red) and concomitantly monitoring the evoked response in the postsynaptic neuron (blue). In the average (n=828 sweeps) it is apparent that presynaptic ?ring elicited short-latency hyperpolarizing IPSPs with fast kinetics. (D) In response to depolarizing current pulses (350 ms; 1.1 nA) the postsynaptic basket cell ?red a weakly accommodating train of short-duration action potentials. (E) Upon injection of hyperpolarizing pulses a small degree of time-dependent inward recti?cation became apparent. SR, stratum radiatum; SO, stratum oriens; SLM, stratum lacunosum moleculare. Scale bar=100 ï¿½m.","Fig. 1",NULL,NULL,NULL,NULL,9219929,0,"CA1 BC?CA1 BC",NULL,NULL,1007200
3100359,4020,NULL,4069,NULL,"O-LM [oriens-lacunosum-moleculare] cells {CA1 CA1 O-LM} and other interneurons [in CA1] with a horizontal dendritic tree in the str. oriens may receive GABA[gamma amino butyric acid]ergic innervation from neurons with axonal projections in a plane different from the plane of a coronal slice. Electrical stimulation experiments in the str. oriens support the possibility of such oriented projections (Lacaille and Schwartzkroin, 1988a). For example, interneuron-specific inhibitory cells immunoreactive for vasoactive intestinal polypeptide (VIP) and for the calcium-binding protein calretinin (CR) form a dense axonal plexus at the str. oriens and alveus border and may project mainly along the longitudinal axis of the hippocampus (Acsady et al., 1996a) (L. Acsady, personal communication) to innervate horizontal interneurons including O-LM cells in this layer (Acsady et al., 1996b).","p8249",NULL,NULL,NULL,NULL,9334415,0,"CA1 IS O-Target QuadD (-)2223?CA1 O-LM",NULL,NULL,1007120
3100360,4022,NULL,4069,NULL,"O-LM [oriens-lacunosum-moleculare] cells {CA1 CA1 O-LM} and other interneurons [in CA1] with a horizontal dendritic tree in the str. oriens may receive GABA[gamma amino butyric acid]ergic innervation from neurons with axonal projections in a plane different from the plane of a coronal slice. Electrical stimulation experiments in the str. oriens support the possibility of such oriented projections (Lacaille and Schwartzkroin, 1988a). For example, interneuron-specific inhibitory cells immunoreactive for vasoactive intestinal polypeptide (VIP) and for the calcium-binding protein calretinin (CR) form a dense axonal plexus at the str. oriens and alveus border and may project mainly along the longitudinal axis of the hippocampus (Acsady et al., 1996a) (L. Acsady, personal communication) to innervate horizontal interneurons including O-LM cells in this layer (Acsady et al., 1996b).","p8249",NULL,NULL,NULL,NULL,9334415,0,"CA1 IS LMO-O (-)2003?CA1 O-LM",NULL,NULL,1007120
3100361,4091,NULL,4069,NULL,"O-LM [oriens-lacunosum-moleculare] cells {CA1 CA1 O-LM} and other interneurons [in CA1] with a horizontal dendritic tree in the str. oriens may receive GABA[gamma amino butyric acid]ergic innervation from neurons with axonal projections in a plane different from the plane of a coronal slice. Electrical stimulation experiments in the str. oriens support the possibility of such oriented projections (Lacaille and Schwartzkroin, 1988a). For example, interneuron-specific inhibitory cells immunoreactive for vasoactive intestinal polypeptide (VIP) and for the calcium-binding protein calretinin (CR) form a dense axonal plexus at the str. oriens and alveus border and may project mainly along the longitudinal axis of the hippocampus (Acsady et al., 1996a) (L. Acsady, personal communication) to innervate horizontal interneurons including O-LM cells in this layer (Acsady et al., 1996b).","p8249",NULL,NULL,NULL,NULL,9334415,0,"CA1 Interneuron Specific R-O (-)0221?CA1 O-LM",NULL,NULL,1007120
3100362,4093,NULL,4069,NULL,"O-LM [oriens-lacunosum-moleculare] cells {CA1 CA1 O-LM} and other interneurons [in CA1] with a horizontal dendritic tree in the str. oriens may receive GABA[gamma amino butyric acid]ergic innervation from neurons with axonal projections in a plane different from the plane of a coronal slice. Electrical stimulation experiments in the str. oriens support the possibility of such oriented projections (Lacaille and Schwartzkroin, 1988a). For example, interneuron-specific inhibitory cells immunoreactive for vasoactive intestinal polypeptide (VIP) and for the calcium-binding protein calretinin (CR) form a dense axonal plexus at the str. oriens and alveus border and may project mainly along the longitudinal axis of the hippocampus (Acsady et al., 1996a) (L. Acsady, personal communication) to innervate horizontal interneurons including O-LM cells in this layer (Acsady et al., 1996b).","p8249",NULL,NULL,NULL,NULL,9334415,0,"CA1 Interneuron Specific RO-O (-)0201?CA1 O-LM",NULL,NULL,1007120
3100363,4069,NULL,4000,NULL,"Morphology and single sweep EPSPs [excitatory postsynaptic potentials] of a [CA1] horizontal O-A [oriens-alveus] interneurone {CA1 CA1 O-LM} A and B, full reconstruction of a horizontal O-A interneurone drawn from three 60 ï¿½m transverse sections. The cell body was located in the O-A border, with horizontally oriented sparsely spiny dendrites confined to the oriens and the alveus (Alv). The axon projected from the cell body to s. lacunosum-moleculare, where it ramified extensively. SO, s. oriens; SP, s. pyramidale; SR, s. radiatum; SLM, s. lacunosum-moleculare. For simplicity the interneurone axon from only one of three 60 [micro]m sections containing the axon is drawn in A, the remaining axon is drawn in B where the dotted line illustrates the relative position of the main axon. The current-voltage relation for this cell is shown in Fig. 2A. Three single sweeps (raw data) of the EPSPs elicited in this cell by a simultaneously recorded pyramid are shown in C. The single sweeps illustrate the variation in the size of the EPSPs from sweep to sweep and an apparent failure of transmission after the first presynaptic spike (third trace, *). The composite averaged EPSP (60-120 sweeps) and the SDTC (standard deviation time course) are shown in D.","Fig. 3",NULL,NULL,NULL,NULL,9490837,0,"CA1 O-LM 1002?CA1 Pyr",NULL,NULL,1007118
3100364,4000,NULL,4089,NULL,"An interneurone {CA1 CA1 Recurrent O-LM} [in CA1] that was postsynaptic to two consecutively recorded pyramidal cells A, the axonal arborization was slightly different from the other 7 reconstructed interneurones in that it innervated s. oriens, albeit sparsely, as well as projecting to s. lacunosum-moleculare where it ramified extensively. The axon was reconstructed from four 60 ï¿½m thick sections.","Fig. 5A",NULL,NULL,NULL,NULL,9490837,0,"CA1 Pyr?CA1 Recurrent O-LM 1003",NULL,NULL,1007122
3100365,4015,NULL,4000,NULL,"Unitary IPSPs [inhibitory postsynaptic potentials] evoked by Schaffer-associated interneurons {CA1 Schaffer Collateral-Associated} [in CA1] are mediated by GABA[gamma amino butyric acid](A) receptors A, light microscopic reconstruction of a representative member of this interneuron class (soma and dendrites in red, axon in black [only published in B&W]) with a synaptically coupled pyramidal cell (soma and dendrites in blue [only published in B&W], axon not shown).","Fig. 3",NULL,NULL,NULL,NULL,9503336,0,"CA1 SCA 2311?CA1 Pyr",NULL,NULL,1007126
3100366,4028,NULL,4000,NULL,"A Schaffer-associated interneuron {CA1 CA1 Radiatum} at the stratum radiatum [in CA1] stratum lacunosum-moleculare border and two synaptically coupled pyramidal cells. A, light microscopic reconstruction of the biocytin labelled interneuron (soma and dendrites in red, axon in black; main axonal trunk denoted by arrow) and both postsynaptic pyramidal cells (P1 and P3; somata and dendrites in blue, spines and axons omitted). Ba, train of accommodating action potentials in response to a depolarizing current pulse (200 ms duration, 0.5 nA amplitude).","Fig. 2",NULL,NULL,NULL,NULL,9503336,0,"CA1 Radiatum?CA1 Pyr",NULL,NULL,1007128
3100367,4069,NULL,4000,NULL,"Seventeen neurons [in CA1] (23%) exhibited axons that arborized extensively within stratum lacunosum-moleculare (Fig. 1B, see Figs. 4, 5). This region is known to contain the apical dendrites of CA1 pyramidal neurons that receive excitatory input from afferents arising in the entorhinal cortex and thalamus (Gulyas et al., 1993a; Desmond et al., 1994; Sik et al., 1995; Yanovsky et al., 1997). Typically, these neurons possessed a single axon that crossed stratum pyramidale, although some neurons had minor axon collaterals that terminated either in stratum radiatum and/or stratum oriens (see Fig. 4B). The dendrites of these cells were oriented parallel to stratum oriens and confined exclusively to this layer. These morphological characteristics are similar to those described for the stratum oriens, lacunosum-moleculare interneurons known as OLM [oriens lacunosum-moleculare] or horizontal cells {CA1 CA1 Recurrent O-LM} {CA1 CA1 O-LM} that are known to form synapses on the distal apical dendrites of CA1 pyramidal neurons (Lacaille et al., 1987; McBain et al., 1994; Sik et al., 1995; Ali and Thomson, 1998) (for review, see Freund and Buzsaki, 1996).","p86",NULL,NULL,NULL,NULL,9870941,0,"CA1 O-LM 1002?CA1 Pyr",NULL,NULL,1007116
3100368,NULL,NULL,NULL,NULL,"The results reported here arise from recordings from 71 single neurons and 70 pairs of neurons that had the appearance of NG cells when visualized by biocytin (Fig. 1A, B).","p6777",NULL,NULL,NULL,NULL,16033887,0,"4012;4011;",NULL,NULL,NULL
3100369,NULL,NULL,NULL,NULL,"In 85% of recordings between pairs of NG cells, some form of synaptic communication occurred, either electrical only (17%) or mixed electrical and chemical (83%) (Fig. 6A). In pairs in which chemical synapses were present, these were not always reciprocal, such that stimulation of one cell of the pair resulted in an IPSC, whereas stimulation of the other cell did not result in an IPSC being generated. However, electrical synapses, as expected, were always reciprocal.","p6781",NULL,NULL,NULL,NULL,16033887,0,"4011;4012;",NULL,NULL,NULL
3100370,NULL,NULL,NULL,NULL,"An endogenous activation of GABA-B receptors could also be detected during paired recording experiments, whereby in the presence of the GABA A antagonist SR95531 (10 ï¿½M), a small unitary IPSC with slow kinetics was recorded in 7 of 11 postsynaptic NG cells (holding potential, -40 mV) that was abolished by 5 ï¿½M CGP55845 (Fig. 8E).","p6782",NULL,NULL,NULL,NULL,16033887,0,"4011;4012;",NULL,NULL,NULL
3100371,6017,NULL,4000,NULL,"Somatic recordings from 102 CA1 pyramidal cells (mean input resistance of 37.7ï¿½1.0 M? and resting membrane potential of -63.9ï¿½0.3 mV) were used in the present study. The responses of the CA1 cells following perforant path stimulation at S1, S2 and S3 broadly fell into two groups. We observed a prominent inhibitory response in 90% of the cases and a small excitatory response with very little inhibitory response in the remainder.","p710",NULL,NULL,NULL,NULL,7623286,0,"4000;",NULL,NULL,NULL
3100371,6092,NULL,4000,NULL,"Somatic recordings from 102 CA1 pyramidal cells (mean input resistance of 37.7ï¿½1.0 M? and resting membrane potential of -63.9ï¿½0.3 mV) were used in the present study. The responses of the CA1 cells following perforant path stimulation at S1, S2 and S3 broadly fell into two groups. We observed a prominent inhibitory response in 90% of the cases and a small excitatory response with very little inhibitory response in the remainder.","p710",NULL,NULL,NULL,NULL,7623286,0,"4000;",NULL,NULL,NULL
3100372,6017,NULL,4000,NULL,"Within the 90% of responses that were mainly inhibitory, the contribution of EPSPs and IPSPs was different. From S1, approximately 60% of the cells responded with an EPSP (range, 0.6ï¿½4.0 mV) followed by an IPSP (range, -0.3 to -2.2 mV; all measurements at resting membrane potential). In the remaining 40% of responses only an IPSP was present (range, -0.9 to -4.7 mV). When stimulating from S2, 45% of cells responded with EPSPs (range, 0.2ï¿½2.0 mV) and IPSPs (range, -0.8 to -2.1 mV); the remaining 55% of cells gave purely inhibitory responses (range, -1.9 to -5.6 mV). The difference in cells expressing EPSPs and IPSPs became more apparent after stimulating from S3 when only approximately 30% of cells responded in this way (EPSP range, 0.2ï¿½1.6 mV; IPSP range, -0.2 to -2.5 mV). The remaining 70% of responses were purely inhibitory (range, -0.3 to -3.2 mV).","p710",NULL,NULL,NULL,NULL,7623286,0,"4000;",NULL,NULL,NULL
3100372,6092,NULL,4000,NULL,"Within the 90% of responses that were mainly inhibitory, the contribution of EPSPs and IPSPs was different. From S1, approximately 60% of the cells responded with an EPSP (range, 0.6ï¿½4.0 mV) followed by an IPSP (range, -0.3 to -2.2 mV; all measurements at resting membrane potential). In the remaining 40% of responses only an IPSP was present (range, -0.9 to -4.7 mV). When stimulating from S2, 45% of cells responded with EPSPs (range, 0.2ï¿½2.0 mV) and IPSPs (range, -0.8 to -2.1 mV); the remaining 55% of cells gave purely inhibitory responses (range, -1.9 to -5.6 mV). The difference in cells expressing EPSPs and IPSPs became more apparent after stimulating from S3 when only approximately 30% of cells responded in this way (EPSP range, 0.2ï¿½1.6 mV; IPSP range, -0.2 to -2.5 mV). The remaining 70% of responses were purely inhibitory (range, -0.3 to -3.2 mV).","p710",NULL,NULL,NULL,NULL,7623286,0,"4000;",NULL,NULL,NULL
3100373,6017,NULL,4000,NULL,"The EPSPs recorded in putative inhibitory interneurones and long times to peak of the IPSPs in pyramidal cells suggested the existence of an intervening excitatory synapse between the entorhinal cortex and CA1 pyramidal cells. To test the pharmacology of such a synapse we applied CNQX to the cells. From S1 (15 cells), S2 (11 cells) and S3 (3 cells) there was a clear blockade of the fast IPSP and (when present) the EPSP by CNQX (Fig. 5). In seven and five cells stimulated from S1 and S2, respectively, a small (-0.2 mV) slow IPSP remained (prominent in Fig. 8). Typically after the application of CNQX we moved the stimulating electrode close (<0.1 mm) to the cell and evoked monosynaptic IPSPs (n=12) (Davies et al 1990).","p714",NULL,NULL,NULL,NULL,7623286,0,NULL,NULL,"3200023.png",NULL
3100373,6092,NULL,4000,NULL,"The EPSPs recorded in putative inhibitory interneurones and long times to peak of the IPSPs in pyramidal cells suggested the existence of an intervening excitatory synapse between the entorhinal cortex and CA1 pyramidal cells. To test the pharmacology of such a synapse we applied CNQX to the cells. From S1 (15 cells), S2 (11 cells) and S3 (3 cells) there was a clear blockade of the fast IPSP and (when present) the EPSP by CNQX (Fig. 5). In seven and five cells stimulated from S1 and S2, respectively, a small (-0.2 mV) slow IPSP remained (prominent in Fig. 8). Typically after the application of CNQX we moved the stimulating electrode close (<0.1 mm) to the cell and evoked monosynaptic IPSPs (n=12) (Davies et al 1990).","p714",NULL,NULL,NULL,NULL,7623286,0,NULL,NULL,"3200023.png",NULL
3100374,NULL,NULL,NULL,NULL,"By applying these physiological criteria, from a large sample of recorded cells altogether <b>19</b> were tentatively classified as interneurons, this term in subsequent use referring solely to their nature as nonï¿½granule, nonï¿½mossy cells. In several instances, the degree of dendritic or axonal labelling was judged unsatisfactory and <b>only the remaining cells (n=14) were therefore included for further analysis</b>. They were <b>five basket cells, four axoï¿½axonic cells, two</b> cells with the axon localised mainly to the inner molecular layer <b>(HICAP cells), two</b> cells with the axon localised mainly to the outer molecular layer <b>(HIPP cells)</b> and <b>one</b> cell with its cell body in the molecular layer <b>(MOPP cell)</b>. These cells were invariably characterized by extensive axonal filling (Figs 2ï¿½7, 9 and 10), whereas in several instances most or all of the dendritic as well as somatic labelling was lost during the period between filling and formation (Figs 7 and 10). To exclude the possibility of spurious labelling, utmost care was taken to trace every axonal branch back to a distinct main axonal trunk. The latter was always in close proximity to the presumed recording site, which contained remnants of the cell body and small amounts of darkly contrasted debris.","p397",NULL,NULL,NULL,NULL,8261117,0,"1010;1013;1035;1008;",NULL,NULL,NULL
3100375,NULL,NULL,NULL,NULL,"Both of the major cell types of the hilus responded to fimbria stimulation in every case where it was tested (n=20). Hilar cells were identified on the basis of their physiological properties either as spiny hilar ï¿½mossyï¿½ cells (n=15, [27]), or relatively aspiny ï¿½fastï¿½spikingï¿½ cells (n=5; Fig. 1; [13, 24]), and were sampled in many different parts of the hilus (i.e. close to the upper blade, close to the lower blade, etc.). Spiny hilar cells responded homogeneously to fimbria stimulation. These responses were composed of EPSPs that were able to trigger one or more action potentials (Fig. 1A). All EPSPs increased in amplitude with hyperpolarization (Fig. 1A). In three cells, small hyperpolarizations were also evoked (Fig. 1A). The hyperpolarizations occurred prior to the EPSP in one cell (Fig. 1A), and in the other 2 cells hyperpolarizations occurred after the onset of the EPSPs. In contrast to spiny hilar cells, responses of fastï¿½spiking cells to fimbria stimulation were relatively heterogeneous. The most common response was an EPSP followed by an IPSP (n=3). EPSPs were able to trigger 1ï¿½2 action potentials (Fig. 1B). In addition, EPSPs were observed in the absence of IPSPs (n=1), and an IPSP without an EPSP was also evoked (n=1, Fig. 1B). <b>In contrast, fastï¿½spiking cells that were located in the granule cell layer did not respond to fimbria stimulation at all (n=4).</b>","p64",NULL,NULL,NULL,NULL,8105429,0,NULL,NULL,"3200033.png",NULL
3100376,NULL,NULL,NULL,NULL,"As would be expected from stimulating area CA3 pyramidal cell axons as well as other fibers in the fimbria, stimulation of the fimbria strongly excited area CA3 pyramidal cells. When assessed by intracellular and extracellular recording, area CA3 cells were activated antidromically and/or orthodromically. <b>In these slices, no antidromic population spikes were ever recorded from the granule cell layer following fimbria stimulation, and no antidromic responses were recorded from granule cells that were examined intracellularly</b> (Fig. 1C). <b>In each slice (n=20)</b>, 3ï¿½6 sites in the granule cell layer were sampled extracellularly (at least 2 in the upper blade and 1 in the lower blade), and <b>2ï¿½4 granule cells were sampled intracellularly</b>.","p63",NULL,NULL,NULL,NULL,8105429,0,NULL,NULL,"3200033.png",NULL
3100377,2004,NULL,1002,NULL,"Morphological confirmation of hilar mossy cells and area CA3c pyramidal cells. A: a photomicrograph shows the pair of cells from which the data in Fig. 4 were taken. The Hilar cell is on the left and the pyramidal cell is on the right. Arrows mark axons. Calibration = 30 ï¿½m. B: at higher magnification the numerous spines and excrescences of the hilar cell (arrowheads) are evident. Arrows indicate the axon. Calibration = 10 ï¿½m. C: a drawing of the dendrites of the 2 cells shown in A illustrates the approximate location of the cells and their processes in the slice. GCL, granule cell layer; PCL, pyramidal cell layer.","Fig. 5",NULL,NULL,NULL,NULL,7884451,0,"2004:CA3c Pyramidal (+)03223p?1002:DG Mossy (+)0103;2004:CA3c Pyramidal (+)03223p?1043:DG Mossy MOLDEN (+)2323;",NULL,"2700740.png",NULL
3100377,2004,NULL,1043,NULL,"Morphological confirmation of hilar mossy cells and area CA3c pyramidal cells. A: a photomicrograph shows the pair of cells from which the data in Fig. 4 were taken. The Hilar cell is on the left and the pyramidal cell is on the right. Arrows mark axons. Calibration = 30 ï¿½m. B: at higher magnification the numerous spines and excrescences of the hilar cell (arrowheads) are evident. Arrows indicate the axon. Calibration = 10 ï¿½m. C: a drawing of the dendrites of the 2 cells shown in A illustrates the approximate location of the cells and their processes in the slice. GCL, granule cell layer; PCL, pyramidal cell layer.","Fig. 5",NULL,NULL,NULL,NULL,7884451,0,"2004:CA3c Pyramidal (+)03223p?1002:DG Mossy (+)0103;2004:CA3c Pyramidal (+)03223p?1043:DG Mossy MOLDEN (+)2323;",NULL,"2700740.png",NULL
3100378,2004,NULL,1002,NULL,"<b>2. Evidence for monosynaptic excitation of a mossy cell by a pyramidal cell was obtained in 7 of 481 (1.4%) paired recordings</b>. In these cases, a pyramidal cell action potential was followed immediately by a 0.40 to 6.75 (mean, 2.26) mV depolarization in the simultaneously recorded mossy cell (mossy cell membrane potentials, -60 to -70 mV). Given that pyramidal cells use an excitatory amino acid as a neurotransmitter (Cotman and Nadler 1987; Ottersen and Stormï¿½Mathisen 1987) and recordings were made in the presence of the GABAa receptor antagonist bicuculline (25 ï¿½M), it is likely that the depolarizations were unitary excitatory postsynaptic potentials (EPSPs).","Abstract",NULL,NULL,NULL,NULL,7884451,0,"2004:CA3c Pyramidal (+)03223p?1002:DG Mossy (+)0103;2004:CA3c Pyramidal (+)03223p?1043:DG Mossy MOLDEN (+)2323;",NULL,NULL,NULL
3100378,2004,NULL,1043,NULL,"<b>2. Evidence for monosynaptic excitation of a mossy cell by a pyramidal cell was obtained in 7 of 481 (1.4%) paired recordings</b>. In these cases, a pyramidal cell action potential was followed immediately by a 0.40 to 6.75 (mean, 2.26) mV depolarization in the simultaneously recorded mossy cell (mossy cell membrane potentials, -60 to -70 mV). Given that pyramidal cells use an excitatory amino acid as a neurotransmitter (Cotman and Nadler 1987; Ottersen and Stormï¿½Mathisen 1987) and recordings were made in the presence of the GABAa receptor antagonist bicuculline (25 ï¿½M), it is likely that the depolarizations were unitary excitatory postsynaptic potentials (EPSPs).","Abstract",NULL,NULL,NULL,NULL,7884451,0,"2004:CA3c Pyramidal (+)03223p?1002:DG Mossy (+)0103;2004:CA3c Pyramidal (+)03223p?1043:DG Mossy MOLDEN (+)2323;",NULL,NULL,NULL
3100379,2004,NULL,1002,NULL,"To assess whether a pyramidal cell excited a mossy cell monosynaptically, the activity of the mossy cell was monitored during intracellular current injection to the pyramidal cell. A pair was interpreted to be synaptically connected if the following criteria were met. First, the unitary EPSP began during or immediately after the action potential of the pyramidal cell. Second, the unitary EPSP was brief, i.e., time to peak was <8 ms and time to halfï¿½amplitude was <25 ms. Third, the unitary EPSP was >0.25 mV, i.e., sufficiently large to distinguish from background activity. Fourth, the majority of action potentials of the pyramidal cells produced such shortï¿½latency depolarizations of the hilar cell; i.e., probability of failure was <0.50 for action potentials that were triggered when the mossy cell was not spontaneously active. Fifth, the rising phase of the EPSP was smooth, i.e., there were no obvious inflections that would indicate a more complex event than a unitary EPSP had occurred. <b>Finally, there was no evidence of electrotonic coupling between the two cells. Electrotonic coupling was defined as a membrane potential change in one cell caused by subthreshold intracellular current injection in the other cell. Electrotonic coupling was never observed.</b>","p2168-9",NULL,NULL,NULL,NULL,7884451,0,"2004:CA3c Pyramidal (+)03223p?1002:DG Mossy (+)0103;2004:CA3c Pyramidal (+)03223p?1043:DG Mossy MOLDEN (+)2323;",NULL,NULL,NULL
3100379,2004,NULL,1043,NULL,"To assess whether a pyramidal cell excited a mossy cell monosynaptically, the activity of the mossy cell was monitored during intracellular current injection to the pyramidal cell. A pair was interpreted to be synaptically connected if the following criteria were met. First, the unitary EPSP began during or immediately after the action potential of the pyramidal cell. Second, the unitary EPSP was brief, i.e., time to peak was <8 ms and time to halfï¿½amplitude was <25 ms. Third, the unitary EPSP was >0.25 mV, i.e., sufficiently large to distinguish from background activity. Fourth, the majority of action potentials of the pyramidal cells produced such shortï¿½latency depolarizations of the hilar cell; i.e., probability of failure was <0.50 for action potentials that were triggered when the mossy cell was not spontaneously active. Fifth, the rising phase of the EPSP was smooth, i.e., there were no obvious inflections that would indicate a more complex event than a unitary EPSP had occurred. <b>Finally, there was no evidence of electrotonic coupling between the two cells. Electrotonic coupling was defined as a membrane potential change in one cell caused by subthreshold intracellular current injection in the other cell. Electrotonic coupling was never observed.</b>","p2168-9",NULL,NULL,NULL,NULL,7884451,0,"2004:CA3c Pyramidal (+)03223p?1002:DG Mossy (+)0103;2004:CA3c Pyramidal (+)03223p?1043:DG Mossy MOLDEN (+)2323;",NULL,NULL,NULL
3100380,2004,NULL,1002,NULL,"This study was based on <b>63 mossy cells</b> that were recorded simultaneously with <b>481 pyramidal cells</b>. <b>From 1 to 33 (7.5ï¿½1.1, meanï¿½SE)</b> pyramidal cells were recorded simultaneous to any given mossy cell. Most simultaneously recorded pyramidal cells were located in area CA3c (n=428). The other cells were in area CA3b (n=19), area CA3a (n=1), or area CA3b/c (n=33; Fig. 1). Most mossy cells were located >100 ï¿½m from the border of the granule cell layer and the hilus (Fig. 1).","p2169",NULL,NULL,NULL,NULL,7884451,0,"2004;1002;1043;",NULL,"2700739.png",NULL
3100380,2004,NULL,1043,NULL,"This study was based on <b>63 mossy cells</b> that were recorded simultaneously with <b>481 pyramidal cells</b>. <b>From 1 to 33 (7.5ï¿½1.1, meanï¿½SE)</b> pyramidal cells were recorded simultaneous to any given mossy cell. Most simultaneously recorded pyramidal cells were located in area CA3c (n=428). The other cells were in area CA3b (n=19), area CA3a (n=1), or area CA3b/c (n=33; Fig. 1). Most mossy cells were located >100 ï¿½m from the border of the granule cell layer and the hilus (Fig. 1).","p2169",NULL,NULL,NULL,NULL,7884451,0,"2004;1002;1043;",NULL,"2700739.png",NULL
3100381,2004,NULL,1002,NULL,"<b>In 7 of the 481 paired recordings</b>, a short latency depolarization occurred in the mossy cell after a pyramidal cell action potential (Fig. 2). The approximate locations of the seven mossy cells are shown in Fig. 1. <b>The pyramidal cells were either located in area CA3c (<i>n=5</i>) or area CA3b/c (<i>n=2</i>)</b>. The characteristics of the depolarization suggested that there was a monosynaptic connection between the pyramidal cell and the mossy cell (see methods).","p2169",NULL,NULL,NULL,NULL,7884451,0,"2004:CA3c Pyramidal (+)03223p?1002:DG Mossy (+)0103;2004:CA3c Pyramidal (+)03223p?1043:DG Mossy MOLDEN (+)2323;",NULL,"3200038.png",NULL
3100381,2004,NULL,1043,NULL,"<b>In 7 of the 481 paired recordings</b>, a short latency depolarization occurred in the mossy cell after a pyramidal cell action potential (Fig. 2). The approximate locations of the seven mossy cells are shown in Fig. 1. <b>The pyramidal cells were either located in area CA3c (<i>n=5</i>) or area CA3b/c (<i>n=2</i>)</b>. The characteristics of the depolarization suggested that there was a monosynaptic connection between the pyramidal cell and the mossy cell (see methods).","p2169",NULL,NULL,NULL,NULL,7884451,0,"2004:CA3c Pyramidal (+)03223p?1002:DG Mossy (+)0103;2004:CA3c Pyramidal (+)03223p?1043:DG Mossy MOLDEN (+)2323;",NULL,"3200038.png",NULL
3100382,2004,NULL,1002,NULL,"<b>Morphological confirmation of recorded cells</b><br>  In all paired recordings, cells were identified electrophysiologically during the recording session (see methods). <b>In four of the seven pairs</b>, either the mossy cell (2 pairs) or both the pyramidal cell and mossy cell (2 pairs, Fig. 5) were injected with the marker Neurobiotin and subsequently were reacted histochemically for morphological confirmation of their identity and location. In each case, the blindly identified hilar cell was indeed located in the hilus and was similar to mossy cells morphologically (Fig. 5) (Amaral 1978). The pyramidal cells were located in the pyramidal cell layer and were similar to those that have been described previously (Fig. 5) (Ishizuka et al. 1990; Lorente de No 1934; Ramï¿½n y Cajal 1991).","p2170-1",NULL,NULL,NULL,NULL,7884451,0,"2004:CA3c Pyramidal (+)03223p?1002:DG Mossy (+)0103;2004:CA3c Pyramidal (+)03223p?1043:DG Mossy MOLDEN (+)2323;",NULL,"2700740.png",NULL
3100382,2004,NULL,1043,NULL,"<b>Morphological confirmation of recorded cells</b><br>  In all paired recordings, cells were identified electrophysiologically during the recording session (see methods). <b>In four of the seven pairs</b>, either the mossy cell (2 pairs) or both the pyramidal cell and mossy cell (2 pairs, Fig. 5) were injected with the marker Neurobiotin and subsequently were reacted histochemically for morphological confirmation of their identity and location. In each case, the blindly identified hilar cell was indeed located in the hilus and was similar to mossy cells morphologically (Fig. 5) (Amaral 1978). The pyramidal cells were located in the pyramidal cell layer and were similar to those that have been described previously (Fig. 5) (Ishizuka et al. 1990; Lorente de No 1934; Ramï¿½n y Cajal 1991).","p2170-1",NULL,NULL,NULL,NULL,7884451,0,"2004:CA3c Pyramidal (+)03223p?1002:DG Mossy (+)0103;2004:CA3c Pyramidal (+)03223p?1043:DG Mossy MOLDEN (+)2323;",NULL,"2700740.png",NULL
3100383,1002,NULL,1043,NULL,"<b> A possible excitatory pathway between area CA3 pyramidal cells, dentate hilar mossy cells, and dentate granule cells.</b><br> A simplified diagram is shown of the pathway suggested by the results. It is proposed that pyramidal cells excite mossy cells and that mossy cells excite granule cells, although this pathway may only be operative during blockade of GABAï¿½A receptorï¿½mediated inhibition. It is likely that recurrent excitation among pyramidal cells is required because several milliseconds often elapsed between burst onsets of pyramidal cells and mossy cells (Scharfman, 1994b). In addition, not all pyramidal cells collateralize in the hilus (Ishizuka et al., 1990). For clarity, only some of the cell populations in the hippocampus and dentate gyrus and only some of the dendrites and axons of cells are depicted.","Fig. 14",NULL,NULL,NULL,NULL,7931561,0,"1002:DG Mossy (+)0103?1000:DG Granule (+)2201p;1043:DG Mossy MOLDEN (+)2323?1000:DG Granule (+)2201p;2004:CA3c Pyramidal (+)03223p?2000:CA3 Pyramidal (+)23223p;2004:CA3c Pyramidal (+)03223p?1002:DG Mossy (+)0103;2004:CA3c Pyramidal (+)03223p?1043:DG Mossy MOLDEN (+)2323;1000:DG Granule (+)2201p?1002:DG Mossy (+)0103;1000:DG Granule (+)2201p?DG Mossy MOLDEN (+)2323",NULL,"3100383.png",NULL
3100383,1043,NULL,1000,NULL,"<b> A possible excitatory pathway between area CA3 pyramidal cells, dentate hilar mossy cells, and dentate granule cells.</b><br> A simplified diagram is shown of the pathway suggested by the results. It is proposed that pyramidal cells excite mossy cells and that mossy cells excite granule cells, although this pathway may only be operative during blockade of GABAï¿½A receptorï¿½mediated inhibition. It is likely that recurrent excitation among pyramidal cells is required because several milliseconds often elapsed between burst onsets of pyramidal cells and mossy cells (Scharfman, 1994b). In addition, not all pyramidal cells collateralize in the hilus (Ishizuka et al., 1990). For clarity, only some of the cell populations in the hippocampus and dentate gyrus and only some of the dendrites and axons of cells are depicted.","Fig. 14",NULL,NULL,NULL,NULL,7931561,0,"1002:DG Mossy (+)0103?1000:DG Granule (+)2201p;1043:DG Mossy MOLDEN (+)2323?1000:DG Granule (+)2201p;2004:CA3c Pyramidal (+)03223p?2000:CA3 Pyramidal (+)23223p;2004:CA3c Pyramidal (+)03223p?1002:DG Mossy (+)0103;2004:CA3c Pyramidal (+)03223p?1043:DG Mossy MOLDEN (+)2323;1000:DG Granule (+)2201p?1002:DG Mossy (+)0103;1000:DG Granule (+)2201p?DG Mossy MOLDEN (+)2323",NULL,"3100383.png",NULL
3100383,2004,NULL,2000,NULL,"<b> A possible excitatory pathway between area CA3 pyramidal cells, dentate hilar mossy cells, and dentate granule cells.</b><br> A simplified diagram is shown of the pathway suggested by the results. It is proposed that pyramidal cells excite mossy cells and that mossy cells excite granule cells, although this pathway may only be operative during blockade of GABAï¿½A receptorï¿½mediated inhibition. It is likely that recurrent excitation among pyramidal cells is required because several milliseconds often elapsed between burst onsets of pyramidal cells and mossy cells (Scharfman, 1994b). In addition, not all pyramidal cells collateralize in the hilus (Ishizuka et al., 1990). For clarity, only some of the cell populations in the hippocampus and dentate gyrus and only some of the dendrites and axons of cells are depicted.","Fig. 14",NULL,NULL,NULL,NULL,7931561,0,"1002:DG Mossy (+)0103?1000:DG Granule (+)2201p;1043:DG Mossy MOLDEN (+)2323?1000:DG Granule (+)2201p;2004:CA3c Pyramidal (+)03223p?2000:CA3 Pyramidal (+)23223p;2004:CA3c Pyramidal (+)03223p?1002:DG Mossy (+)0103;2004:CA3c Pyramidal (+)03223p?1043:DG Mossy MOLDEN (+)2323;1000:DG Granule (+)2201p?1002:DG Mossy (+)0103;1000:DG Granule (+)2201p?DG Mossy MOLDEN (+)2323",NULL,"3100383.png",NULL
3100383,2004,NULL,1002,NULL,"<b> A possible excitatory pathway between area CA3 pyramidal cells, dentate hilar mossy cells, and dentate granule cells.</b><br> A simplified diagram is shown of the pathway suggested by the results. It is proposed that pyramidal cells excite mossy cells and that mossy cells excite granule cells, although this pathway may only be operative during blockade of GABAï¿½A receptorï¿½mediated inhibition. It is likely that recurrent excitation among pyramidal cells is required because several milliseconds often elapsed between burst onsets of pyramidal cells and mossy cells (Scharfman, 1994b). In addition, not all pyramidal cells collateralize in the hilus (Ishizuka et al., 1990). For clarity, only some of the cell populations in the hippocampus and dentate gyrus and only some of the dendrites and axons of cells are depicted.","Fig. 14",NULL,NULL,NULL,NULL,7931561,0,"1002:DG Mossy (+)0103?1000:DG Granule (+)2201p;1043:DG Mossy MOLDEN (+)2323?1000:DG Granule (+)2201p;2004:CA3c Pyramidal (+)03223p?2000:CA3 Pyramidal (+)23223p;2004:CA3c Pyramidal (+)03223p?1002:DG Mossy (+)0103;2004:CA3c Pyramidal (+)03223p?1043:DG Mossy MOLDEN (+)2323;1000:DG Granule (+)2201p?1002:DG Mossy (+)0103;1000:DG Granule (+)2201p?DG Mossy MOLDEN (+)2323",NULL,"3100383.png",NULL
3100383,2004,NULL,1043,NULL,"<b> A possible excitatory pathway between area CA3 pyramidal cells, dentate hilar mossy cells, and dentate granule cells.</b><br> A simplified diagram is shown of the pathway suggested by the results. It is proposed that pyramidal cells excite mossy cells and that mossy cells excite granule cells, although this pathway may only be operative during blockade of GABAï¿½A receptorï¿½mediated inhibition. It is likely that recurrent excitation among pyramidal cells is required because several milliseconds often elapsed between burst onsets of pyramidal cells and mossy cells (Scharfman, 1994b). In addition, not all pyramidal cells collateralize in the hilus (Ishizuka et al., 1990). For clarity, only some of the cell populations in the hippocampus and dentate gyrus and only some of the dendrites and axons of cells are depicted.","Fig. 14",NULL,NULL,NULL,NULL,7931561,0,"1002:DG Mossy (+)0103?1000:DG Granule (+)2201p;1043:DG Mossy MOLDEN (+)2323?1000:DG Granule (+)2201p;2004:CA3c Pyramidal (+)03223p?2000:CA3 Pyramidal (+)23223p;2004:CA3c Pyramidal (+)03223p?1002:DG Mossy (+)0103;2004:CA3c Pyramidal (+)03223p?1043:DG Mossy MOLDEN (+)2323;1000:DG Granule (+)2201p?1002:DG Mossy (+)0103;1000:DG Granule (+)2201p?DG Mossy MOLDEN (+)2323",NULL,"3100383.png",NULL
3100383,1000,NULL,1002,NULL,"<b> A possible excitatory pathway between area CA3 pyramidal cells, dentate hilar mossy cells, and dentate granule cells.</b><br> A simplified diagram is shown of the pathway suggested by the results. It is proposed that pyramidal cells excite mossy cells and that mossy cells excite granule cells, although this pathway may only be operative during blockade of GABAï¿½A receptorï¿½mediated inhibition. It is likely that recurrent excitation among pyramidal cells is required because several milliseconds often elapsed between burst onsets of pyramidal cells and mossy cells (Scharfman, 1994b). In addition, not all pyramidal cells collateralize in the hilus (Ishizuka et al., 1990). For clarity, only some of the cell populations in the hippocampus and dentate gyrus and only some of the dendrites and axons of cells are depicted.","Fig. 14",NULL,NULL,NULL,NULL,7931561,0,"1002:DG Mossy (+)0103?1000:DG Granule (+)2201p;1043:DG Mossy MOLDEN (+)2323?1000:DG Granule (+)2201p;2004:CA3c Pyramidal (+)03223p?2000:CA3 Pyramidal (+)23223p;2004:CA3c Pyramidal (+)03223p?1002:DG Mossy (+)0103;2004:CA3c Pyramidal (+)03223p?1043:DG Mossy MOLDEN (+)2323;1000:DG Granule (+)2201p?1002:DG Mossy (+)0103;1000:DG Granule (+)2201p?DG Mossy MOLDEN (+)2323",NULL,"3100383.png",NULL
3100383,1000,NULL,1043,NULL,"<b> A possible excitatory pathway between area CA3 pyramidal cells, dentate hilar mossy cells, and dentate granule cells.</b><br> A simplified diagram is shown of the pathway suggested by the results. It is proposed that pyramidal cells excite mossy cells and that mossy cells excite granule cells, although this pathway may only be operative during blockade of GABAï¿½A receptorï¿½mediated inhibition. It is likely that recurrent excitation among pyramidal cells is required because several milliseconds often elapsed between burst onsets of pyramidal cells and mossy cells (Scharfman, 1994b). In addition, not all pyramidal cells collateralize in the hilus (Ishizuka et al., 1990). For clarity, only some of the cell populations in the hippocampus and dentate gyrus and only some of the dendrites and axons of cells are depicted.","Fig. 14",NULL,NULL,NULL,NULL,7931561,0,"1002:DG Mossy (+)0103?1000:DG Granule (+)2201p;1043:DG Mossy MOLDEN (+)2323?1000:DG Granule (+)2201p;2004:CA3c Pyramidal (+)03223p?2000:CA3 Pyramidal (+)23223p;2004:CA3c Pyramidal (+)03223p?1002:DG Mossy (+)0103;2004:CA3c Pyramidal (+)03223p?1043:DG Mossy MOLDEN (+)2323;1000:DG Granule (+)2201p?1002:DG Mossy (+)0103;1000:DG Granule (+)2201p?DG Mossy MOLDEN (+)2323",NULL,"3100383.png",NULL
3100384,1002,NULL,1000,NULL,"Locations of cells that were synaptically connected. <br>  <b>A, left:</b> schematic of the hippocampal slice. <br>  <b>A, right:</b> boxed area is enlarged to show the areas of the dentate granule cell layer that were differentiated in this study. Cells that were sampled in the granule cell layer were located either in the upper blade, lower blade, upper curve, lower curve, or at the crest. Dotted line: border of the hilus and area CA3. FISS, hippocampal fissure; GCL, granule cell layer. <br>  <b>B:</b> areas of the dentate gyrus where synaptically connected cells were found. <br>  <b>Left:</b> paired recordings between mossy cells and granule cells. Each synaptically connected pair is connected by a straight line. Circles: approximate locations of granule cells. Triangles: approximate locations of mossy cells. <br>  <b>Right:</b> the 4 synaptically connected mossy cells and interneurons. Diamonds: location of interneurons. Triangles: mossy cells.","Fig. 1",NULL,NULL,NULL,NULL,7472322,0,"DG:H Mossy?DG Granule;DG:H Mossy?DG:H Interneuron",NULL,"3100384.png",NULL
3100385,1002,NULL,1000,NULL,"<b>1.</b> The hypothesis that dentate hilar ï¿½mossyï¿½ cells are excitatory was tested by simultaneous intracellular recording in rat hippocampal slices. Mossy cells were recorded simultaneously with their potential targets, granule cells and interneurons. The ?ï¿½aminobutyric acidï¿½A (GABAï¿½A) receptor antagonist <i>bicuculline</i> was used in most experiments to block the normally strong inhibitory inputs to granule cells that could mask excitatory effects of mossy cells. Some cells were recorded with electrodes containing the marker Neurobiotin so that their identity could be confirmed morphologically. <br>  <b>2.</b> A mossy cell action potential was immediately followed by a brief depolarization in a granule cell in <b>20 of 1316 pairs (1.5%)</b> that were recorded in the presence of bicuculline. The mean <i>amplitude</i> of depolarizations was <b>1.99ï¿½0.24</b> (SE) mV when the postsynaptic membrane potential was -55 to -65 mV. Depolarizations could trigger an action potential if the granule cell was depolarized from its resting potential so that its membrane potential was <b>-50 to -60 mV</b>. These data suggest that mossy cells excite granule cells monosynaptically. <br>  <b>3.</b> Monosynaptic excitation of an interneuron by a mossy cell was recorded in <b>4 of 47 (8.5%)</b> simultaneously recorded mossy cells and interneurons, also in the presence of bicuculline. The mean interneuron depolarization was <b>1.64ï¿½0.29 </b> mV when the interneuron membrane potential was approximately <b>-60 mV</b>. When an interneuron was at its resting potential (-52 to -63 mV), action potentials were often triggered by the depolarizations. <br>  <b>4.</b> Without bicuculline present, mossy cells had no apparent monosynaptic effects on granule cells, as has been previously reported. However, effects that appeared to be polysynaptic were observed in 5 of 92 pairs (5.4%). Specifically, a small, brief hyperpolarization occurred in granule cells 2.5ï¿½7.3 ms after the peak of a mossy cell action potential. Given the results indicating that mossy cells excite interneurons, and the long latency to onset of the hyperpolarization, one possible explanation for the hyperpolarization is that mossy cells excited interneurons that inhibited granule cells. <br>  <b>5.</b> The results suggest that mossy cells are excitatory neurons. In addition, mossy cells appear to innervate both granule cells and interneurons that are located within several hundred micrometers of the mossy cell soma. The only detectable effect on granule cells in this area under normal conditions appears to be disynaptic and inhibitory. However, when GABAï¿½Aï¿½receptorï¿½mediated inhibition is blocked, monosynaptic excitation of granule cells by mossy cells can be detected.","Abstract",NULL,NULL,NULL,NULL,7472322,0,"DG:H Mossy?DG Granule;DG:H Mossy?DG:H Interneuron",NULL,NULL,NULL
3100386,1002,NULL,NULL,NULL,"This study was based on recordings from 1316 granule cells, 106 mossy cells, and 47 interneurons. The granule cells were recorded simultaneously with 72 mossy cells; from 1 to 87 (12.3ï¿½2.6, meanï¿½SE) granule cells were recorded simultaneously with any given mossy cell. The interneurons were recorded simultaneously with 34 mossy cells, and no more than two interneurons were recorded simultaneously with a single mossy cell.","p182",NULL,NULL,NULL,NULL,7472322,0,"DG:H Mossy;DG:H Interneuron",NULL,NULL,NULL
3100387,NULL,NULL,NULL,NULL,"Potential polysynaptic pathways that could underlie molecular layerï¿½evoked EPSPs of EGCs without dendrites in the molecular layer. <br>  <b>A.</b> A schematic diagram shows some of the cell types in parts B, C, and D. PP=perforant path. <br>  <b>B.</b> Illustration of disynaptic pathways that would lead to an EPSP in an EGC. A molecular layer stimulus that would trigger an AP in a GCL GC could lead to an EPSP in the EGC, if the GCL GC innervates the EGC, or if the PP innervates a mossy cell (MC) that targets an EGC (Scharfman, 1991) PPï¿½perforant path. <br>  <b>C.</b> Illustration of trisynaptic pathways that would activate an EGC. Initial activation of a GCL GC could indirectly excite an EGC by exciting a pyramidal cell (PC) or MC that in turn innervates the EGC. <br>  <b>D.</b> synapse pathway that could lead to EGC activation. Perforant path activation of GCL GCs that innervate CA3 PCs could lead to EGC excitation by axon collaterals of CA3 which innervate MCs or other EGCs.","Fig. 12",NULL,NULL,NULL,NULL,14580952,0,NULL,NULL,"3100387.png",NULL
3100388,1001,NULL,1000,NULL,"Antidromically evoked EPSCs were observed <s>most frequently in dentate granule cells from longï¿½term survivors of pilocarpineï¿½induced status epilepticus. The success rate in these animals was ?74% (Fig.2, Table1). However, antidromic stimulation at this survival time also evoked an EPSC in ?38% of granule cells from pilocarpineï¿½treated control rats and</s> in ?26% of granule cells from ageï¿½matched untreated or salineï¿½treated control rats. <s>The peak amplitudes of 9 of the 25 antidromically evoked EPSCs from the status epilepticus group were greater than the peak amplitude of the largest EPSC recorded from any control granule cell; 4 were >100 pA. Because of this cohort of unusually large responses, the mean peak amplitude of the antidromically evoked EPSC was about three times as large as control in granule cells from the status epilepticus group. The largest EPSCs were not always associated with especially robust mossy fiber growth, as indicated by Timm histochemistry. Among the longï¿½term survivors, there were no significant betweenï¿½group differences in either the membrane potential on breakï¿½in, input resistance or amplitude of the antidromic population spike (Table 1). There was also no correlation between any of these measures and the peak amplitude of the EPSC (P>0.1, Spearmanï¿½rho rank correlation).</s>","p1647",NULL,NULL,NULL,NULL,10200201,0,"1001:DG Semilunar Granule (+)2311p?1000:DG Granule (+)2201p;1002:DG Mossy (+)0103?1000:DG Granule (+)2201p;1043:DG Mossy MOLDEN (+)2323?1000:DG Granule (+)2201p;",NULL,"3200086.png",NULL
3100388,1002,NULL,1000,NULL,"Antidromically evoked EPSCs were observed <s>most frequently in dentate granule cells from longï¿½term survivors of pilocarpineï¿½induced status epilepticus. The success rate in these animals was ?74% (Fig.2, Table1). However, antidromic stimulation at this survival time also evoked an EPSC in ?38% of granule cells from pilocarpineï¿½treated control rats and</s> in ?26% of granule cells from ageï¿½matched untreated or salineï¿½treated control rats. <s>The peak amplitudes of 9 of the 25 antidromically evoked EPSCs from the status epilepticus group were greater than the peak amplitude of the largest EPSC recorded from any control granule cell; 4 were >100 pA. Because of this cohort of unusually large responses, the mean peak amplitude of the antidromically evoked EPSC was about three times as large as control in granule cells from the status epilepticus group. The largest EPSCs were not always associated with especially robust mossy fiber growth, as indicated by Timm histochemistry. Among the longï¿½term survivors, there were no significant betweenï¿½group differences in either the membrane potential on breakï¿½in, input resistance or amplitude of the antidromic population spike (Table 1). There was also no correlation between any of these measures and the peak amplitude of the EPSC (P>0.1, Spearmanï¿½rho rank correlation).</s>","p1647",NULL,NULL,NULL,NULL,10200201,0,"1001:DG Semilunar Granule (+)2311p?1000:DG Granule (+)2201p;1002:DG Mossy (+)0103?1000:DG Granule (+)2201p;1043:DG Mossy MOLDEN (+)2323?1000:DG Granule (+)2201p;",NULL,"3200086.png",NULL
3100388,1043,NULL,1000,NULL,"Antidromically evoked EPSCs were observed <s>most frequently in dentate granule cells from longï¿½term survivors of pilocarpineï¿½induced status epilepticus. The success rate in these animals was ?74% (Fig.2, Table1). However, antidromic stimulation at this survival time also evoked an EPSC in ?38% of granule cells from pilocarpineï¿½treated control rats and</s> in ?26% of granule cells from ageï¿½matched untreated or salineï¿½treated control rats. <s>The peak amplitudes of 9 of the 25 antidromically evoked EPSCs from the status epilepticus group were greater than the peak amplitude of the largest EPSC recorded from any control granule cell; 4 were >100 pA. Because of this cohort of unusually large responses, the mean peak amplitude of the antidromically evoked EPSC was about three times as large as control in granule cells from the status epilepticus group. The largest EPSCs were not always associated with especially robust mossy fiber growth, as indicated by Timm histochemistry. Among the longï¿½term survivors, there were no significant betweenï¿½group differences in either the membrane potential on breakï¿½in, input resistance or amplitude of the antidromic population spike (Table 1). There was also no correlation between any of these measures and the peak amplitude of the EPSC (P>0.1, Spearmanï¿½rho rank correlation).</s>","p1647",NULL,NULL,NULL,NULL,10200201,0,"1001:DG Semilunar Granule (+)2311p?1000:DG Granule (+)2201p;1002:DG Mossy (+)0103?1000:DG Granule (+)2201p;1043:DG Mossy MOLDEN (+)2323?1000:DG Granule (+)2201p;",NULL,"3200086.png",NULL
3100389,1013,NULL,NULL,NULL,"The sections were doubleï¿½stained for parvalbumin, and the cell innervation pattern of the filled neuron was examined in eight selected sections at various distances from the soma. The contacts formed by the biocytinï¿½filled cell on parvalbuminï¿½positive dendritic targets were investigated using a 100X oilï¿½immersion objective. The number of putative contacts was multiplied by the ratio of the total axon length and the axon length in the selected sections to estimate the total number of synaptic contacts on parvalbuminï¿½immunoreactive dendrites (n=1355 contacts). Electron microscopy of five putative contacts revealed symmetrical synapses between biocytinï¿½filled presynaptic terminals and parvalbuminï¿½immunoreactive postsynaptic dendrites (Fig. 2E, F). Since the axon collaterals were expected to contact several dendrites of the same cell, the dendritic arbors of several parvalbuminï¿½immunoreactive neurons (n=10) were reconstructed from neighbouring sections. These reconstructions indicated that the biocytinï¿½filled interneuron formed from one to seven putative contacts (median, 3) on the dendrites of a single parvalbuminï¿½immunoreactive neuron (Fig. 2D). Typically, these contacts were on different dendrites, but two neighbouring boutons in contact with the same dendrite were also seen occasionally. On the basis of the median number of contacts per neuron and the total number of putative contacts on parvalbuminï¿½immunoreactive dendrites, the filled neuron was estimated to innervate 400ï¿½450 parvalbumin cells. Similar estimates were not available for granule cells. However, since there were 6000ï¿½10000 boutons in an 80 ï¿½m section (Fig. 1B), which contains ~8000 granule cells (Seress and Pokorny, 1981; Amaral et al., 199O), it is likely that granule cells are innervated by multiple release sites. Assuming five contacts per granule cell, a single HIPP neuron may innervate ~20% of the possible targets at the level of the cell body.<br> The position of the dendritic arbor, the high density of long spines and the pattern of axonal arborization of the second cell (M280) were very similar to corresponding values for neuron UR13. However, weak immunolabelling of the axon terminals precluded the complete reconstruction of the axon tree. The morphological features of these interneurons were in many respects identical to those of the cell type identified in vitro as the hilar perforant pathwayï¿½associated (HIPP) neuron by Han et al. (1993).","p579",NULL,NULL,NULL,NULL,9104599,0,"DG HIPP?DG PV+ Dendrites:DG:2222",NULL,"2700756.png;3100390.png",NULL
3100390,1013,NULL,NULL,NULL,"The HIPP neuron innervates numerous parvalbuminï¿½positive interneurons (UR13). <br> <b>(A)</b> Reconstruction from four consecutive 80 ï¿½m sections illustrating contacts on parvalbuminï¿½immunoreactive dendrites (open circles). g, granule cell layer; h, hilus; m, molecular layer.<br> <b>(B)</b> Photomicrograph of the cell body. Somatic spines are indicated by arrows. <br> <b>(C)</b> Dendrites of the filled cells were very densely covered with long spines. <br> <b>(D)</b> Axon terminals of the filled HIPP neuron and a reconstructed parvalbuminï¿½immunoreactive cell. Four boutons were found in close contact with the dendrites of the reconstructed cell (arrows). Contacts on other parvalbuminï¿½positive dendrites are indicated by small arrowheads. <br> <b>(E)</b> Photomicrograph of a biocytinï¿½filled bouton (b) on a parvalbuminï¿½positive dendrite (PVd). <br> <b>(F)</b> Correlated electron micrograph of the bouton in E (b, arrow) indicates a symmetrical synapse on the parvalbuminï¿½immunoreactive dendrite. Large arrowhead indicates nonï¿½filled bouton forming an asymmetrical synapse on the same dendrite. Small arrowheads indicate asymmetrical synapses on unlabelled profiles.","Fig. 2",NULL,NULL,NULL,NULL,9104599,0,"DG HIPP?DG PV+ Dendrites:DG:2222",NULL,"3100390.png",NULL
3100391,1000,NULL,1035,NULL,"Light Microscopic Image of a Reciprocally Coupled, Biocytin-Filled GCï¿½BC Pair<br>(A) Low power photomontage of a synaptically coupled GCï¿½BC pair. Note the extensive arborization of the BC axon that spans almost the entire granule cell layer and the typical course of the GC mossy fiber axon that, after passing through the hilar region, runs parallel to the CA3 pyramidal cell layer. The origins of the main axons of the two neurons are marked by arrows. The open circles indicate putative synaptic contacts which are shown in (B) and (C) at higher magnification. Scale bar, 100 ?m. CA3 refers to the CA3 pyramidal cell layer; GCL to the granule cell layer; H to the hilar region; hf to the hippocampal fissure; iml to the inner molecular layer; and oml to the outer molecular layer.<br>(B) Putative excitatory synaptic contact (open circle) established by an en passant GC axonal collateral (marked by arrows) on a secondary basal dendrite of the BC. Scale bar, 25 ?m.<br>(C) Putative inhibitory synaptic contact (open circle) established by an en passant BC axonal collateral (marked by arrows) on a tertiary apical dendrite of the GC. Dendritic spines of the GC are marked by arrowheads. Scale bar, 25 ?m. The image shows the same GCï¿½BC pair as Figure 4A.","Fig. 3",NULL,NULL,NULL,NULL,9208867,0,"1000:DG Granule (+)2201p?1035:DG Basket (-)2232;1000:DG Granule (+)2201p?1036:DG Basket CCK+ (-)2232;",NULL,"3100391.png",NULL
3100391,1000,NULL,1036,NULL,"Light Microscopic Image of a Reciprocally Coupled, Biocytin-Filled GCï¿½BC Pair<br>(A) Low power photomontage of a synaptically coupled GCï¿½BC pair. Note the extensive arborization of the BC axon that spans almost the entire granule cell layer and the typical course of the GC mossy fiber axon that, after passing through the hilar region, runs parallel to the CA3 pyramidal cell layer. The origins of the main axons of the two neurons are marked by arrows. The open circles indicate putative synaptic contacts which are shown in (B) and (C) at higher magnification. Scale bar, 100 ?m. CA3 refers to the CA3 pyramidal cell layer; GCL to the granule cell layer; H to the hilar region; hf to the hippocampal fissure; iml to the inner molecular layer; and oml to the outer molecular layer.<br>(B) Putative excitatory synaptic contact (open circle) established by an en passant GC axonal collateral (marked by arrows) on a secondary basal dendrite of the BC. Scale bar, 25 ?m.<br>(C) Putative inhibitory synaptic contact (open circle) established by an en passant BC axonal collateral (marked by arrows) on a tertiary apical dendrite of the GC. Dendritic spines of the GC are marked by arrowheads. Scale bar, 25 ?m. The image shows the same GCï¿½BC pair as Figure 4A.","Fig. 3",NULL,NULL,NULL,NULL,9208867,0,"1000:DG Granule (+)2201p?1035:DG Basket (-)2232;1000:DG Granule (+)2201p?1036:DG Basket CCK+ (-)2232;",NULL,"3100391.png",NULL
3100392,1000,NULL,1035,NULL,"Camera Lucida Reconstruction of a GCï¿½BC Pair and Quantitative Analysis of the Number and Location of Putative Excitatory Synaptic Contacts<br>(A) A camera lucida reconstruction of the GCï¿½BC pair shown in Figure 3. Green indicates the soma and dendrites of the GC. Red indicates the axonal arborization of the GC. Black indicates the soma and dendrites of the BC. Blue indicates the axonal arborization of the BC. Light microscopical analysis revealed three putative excitatory synaptic contacts (red circles) established by the GC axonal collaterals within the hilar region on different basal dendrites of the BC. In addition, two putative inhibitory synaptic contacts (blue circles) formed by different BC axonal collaterals on different apical dendrites of the GC were identified. Scale bar, 100 ?m. For abbreviations, see Figure 3.<br>(B) A histogram of the number of putative excitatory synaptic contacts per GCï¿½BC pair.<br>(C) A histogram of the axonal distance from the GC soma to the putative synaptic contact.<br>(D) A histogram of the dendritic distance from the BC soma to the putative synaptic contact. The data in (Bï¿½D) are from 23 putative excitatory synaptic contacts of eight fully reconstructed GCï¿½BC pairs.","Fig. 4",NULL,NULL,NULL,NULL,9208867,0,"1000:DG Granule (+)2201p?1035:DG Basket (-)2232;1000:DG Granule (+)2201p?1036:DG Basket CCK+ (-)2232;",NULL,"3100392.png",NULL
3100392,1000,NULL,1036,NULL,"Camera Lucida Reconstruction of a GCï¿½BC Pair and Quantitative Analysis of the Number and Location of Putative Excitatory Synaptic Contacts<br>(A) A camera lucida reconstruction of the GCï¿½BC pair shown in Figure 3. Green indicates the soma and dendrites of the GC. Red indicates the axonal arborization of the GC. Black indicates the soma and dendrites of the BC. Blue indicates the axonal arborization of the BC. Light microscopical analysis revealed three putative excitatory synaptic contacts (red circles) established by the GC axonal collaterals within the hilar region on different basal dendrites of the BC. In addition, two putative inhibitory synaptic contacts (blue circles) formed by different BC axonal collaterals on different apical dendrites of the GC were identified. Scale bar, 100 ?m. For abbreviations, see Figure 3.<br>(B) A histogram of the number of putative excitatory synaptic contacts per GCï¿½BC pair.<br>(C) A histogram of the axonal distance from the GC soma to the putative synaptic contact.<br>(D) A histogram of the dendritic distance from the BC soma to the putative synaptic contact. The data in (Bï¿½D) are from 23 putative excitatory synaptic contacts of eight fully reconstructed GCï¿½BC pairs.","Fig. 4",NULL,NULL,NULL,NULL,9208867,0,"1000:DG Granule (+)2201p?1035:DG Basket (-)2232;1000:DG Granule (+)2201p?1036:DG Basket CCK+ (-)2232;",NULL,"3100392.png",NULL
3100393,1000,NULL,1035,NULL,"Number and Location of Putative GCï¿½BC Synaptic Contacts<br> The location of synaptic contacts is a main factor that shapes the EPSP time course (Rall 1967). We therefore analyzed the morphological properties of eight synaptically connected GCï¿½BC pairs that were filled with biocytin during recording. A photomicrograph and the corresponding camera lucida drawing of a representative GCï¿½BC pair are shown in Figure 3 and Figure 4. In this particular pair, three putative excitatory synaptic contacts were found, established between the hilar collaterals of the GC axon and the basal dendrites of the BC (Figure 3B). In the pairs analyzed, between 2 and 4 putative synaptic contacts were identified (Figure 4B; Table 1). All putative synaptic contacts were established between collaterals of the GC axon and basal dendrites of the BC within the hilar region. The mean axonal length (measured from the GC soma to the putative synaptic contact) was 118 ?m (range, 30ï¿½241 ?m; Figure 4C), and the mean dendritic length (measured from the BC soma to the putative synaptic contact) was 70 ?m (range, 7ï¿½147 ?m; Figure 4D). Putative synaptic contacts of the same connection were always formed on different dendritic branches of the BC. The diameters of the presynaptic boutons of the hilar collaterals were relatively small (?1 ?m; Table 1), much smaller than those of mossy fiber boutons established by the GC main axon (Table 1). These results show that the GCï¿½BC synapse is a distributed synapse comprised of multiple contacts and that a subset of synaptic contacts is located close to the soma of the postsynaptic BC.<br> In all reconstructed GCï¿½BC pairs, the axon of the BC originated at the soma and projected into the granule cell layer; the extensive arborization of the axon was mainly confined to this layer (Figure 3A and Figure 4A). In three of eight pairs, the BC axon formed two or three putative inhibitory synaptic contacts with proximal portions of apical dendrites of the GC (Figure 3A and Figure 3C). This indicates that reciprocal excitatoryï¿½inhibitory GCï¿½BC connections occurred abundantly.","p1012-3",NULL,NULL,NULL,NULL,9208867,0,"1000:DG Granule (+)2201p?1035:DG Basket (-)2232;1000:DG Granule (+)2201p?1036:DG Basket CCK+ (-)2232;",NULL,"3100391.png;3100392.png;3200132.png",NULL
3100393,1000,NULL,1036,NULL,"Number and Location of Putative GCï¿½BC Synaptic Contacts<br> The location of synaptic contacts is a main factor that shapes the EPSP time course (Rall 1967). We therefore analyzed the morphological properties of eight synaptically connected GCï¿½BC pairs that were filled with biocytin during recording. A photomicrograph and the corresponding camera lucida drawing of a representative GCï¿½BC pair are shown in Figure 3 and Figure 4. In this particular pair, three putative excitatory synaptic contacts were found, established between the hilar collaterals of the GC axon and the basal dendrites of the BC (Figure 3B). In the pairs analyzed, between 2 and 4 putative synaptic contacts were identified (Figure 4B; Table 1). All putative synaptic contacts were established between collaterals of the GC axon and basal dendrites of the BC within the hilar region. The mean axonal length (measured from the GC soma to the putative synaptic contact) was 118 ?m (range, 30ï¿½241 ?m; Figure 4C), and the mean dendritic length (measured from the BC soma to the putative synaptic contact) was 70 ?m (range, 7ï¿½147 ?m; Figure 4D). Putative synaptic contacts of the same connection were always formed on different dendritic branches of the BC. The diameters of the presynaptic boutons of the hilar collaterals were relatively small (?1 ?m; Table 1), much smaller than those of mossy fiber boutons established by the GC main axon (Table 1). These results show that the GCï¿½BC synapse is a distributed synapse comprised of multiple contacts and that a subset of synaptic contacts is located close to the soma of the postsynaptic BC.<br> In all reconstructed GCï¿½BC pairs, the axon of the BC originated at the soma and projected into the granule cell layer; the extensive arborization of the axon was mainly confined to this layer (Figure 3A and Figure 4A). In three of eight pairs, the BC axon formed two or three putative inhibitory synaptic contacts with proximal portions of apical dendrites of the GC (Figure 3A and Figure 3C). This indicates that reciprocal excitatoryï¿½inhibitory GCï¿½BC connections occurred abundantly.","p1012-3",NULL,NULL,NULL,NULL,9208867,0,"1000:DG Granule (+)2201p?1035:DG Basket (-)2232;1000:DG Granule (+)2201p?1036:DG Basket CCK+ (-)2232;",NULL,"3100391.png;3100392.png;3200132.png",NULL
3100394,NULL,NULL,NULL,NULL,"Our study also revealed cell-type specificity of the functional connectivity (Fig. 10A4, B4). Non-FS INs preferentially formed functional connections with GCs (38.6%; 151 of 391 pairs) but rarely formed connections with non-FS INs (3.1%; 2 of 64 pairs) and FS INs (0%; 0 of 11 pairs). In contrast, FS INs frequently and almost equally formed connections with GCs (57.7%; 30 of 52 pairs), non-FS INs (45.4%; 5 of 11 pairs), and FS INs (50%; 2 of 4 pairs).","p1354",NULL,NULL,NULL,NULL,24453325,0,"non-FS IN?non-FS IN;non-FS IN?FS IN;FS IN?FS IN;FS IN?non-FS IN pairs",NULL,"3200165.png",NULL
3100395,NULL,NULL,NULL,NULL,"By combining electron microscopic analysis of synaptic connections with paired intracellular recordings from each of three distinct types of GABAergic cells and their respective postsynaptic principal neurons, we have found that each class of inhibitory neuron (axo-axonic, basket and bistratified cells) target different regions on the surface of principal neurons. Each type of inhibitory neuron forms between 6-12 synapses with an individual principal cell and each elicits short-latency inhibitory postsynaptic potentials (i.p.s.ps), but with different dynamic characteristics. GABA release from basket and axo-axonic terminals appears to be modulated by presynaptic GABA-B receptors, whereas their postsynaptic effects are mediated by GABA-A receptors.","p823",NULL,NULL,NULL,NULL,8159242,0,"Connectivity Ratio",NULL,NULL,NULL
3100396,NULL,NULL,NULL,NULL,"<b>Several release sites mediate unitary i.p.s.ps</b><br> Evidence for the monosynaptic nature of the connections was obtained by electron microscopy, which also revealed the precise number of synaptic release sites responsible for postsynaptic responses (Fig. 4 and Table 1). Two basket cells made 10 and 12 synaptic junctions respectively and one axo-axonic cell made 8 junctions on a single postsynaptic cell. Moreover, single presynaptic boutons may establish multiple synaptic release sites, raising the question of whether transmitter release at these sites is independent. In the case of the bistratified cell, following light microscopic prediction of six contacts, three out of three tested contacts were verified by electron microscopy to confirm the correctness of such an estimate.<br> In addition to multiple innervation from individual inhibitory cells, the postsynaptic cells also received substantially more synapses from non-labelled boutons which were similar to the identified ones, indicating convergence of inhibitory cells. Continuous serial sectioning of the postsynaptic cells for electron microscopy showed that the pyramidal cell postsynaptic to basket cell no. 2 received 119 synaptic contacts on the soma, in addition to the five made by biocytin-filled terminals. Provided that all these synapses were made by similar basket cells, approximately 25 basket cells may converge on a single CA1 pyramidal cell. Likewise, the axon initial segment of the granule cell (Fig. 3B) received forty synapses in addition to the eight made by biocytin-filled terminals (Figs 3C and Ad). This indicates that about six axo-axonic cells converge on one granule cell.","p824-5",NULL,NULL,NULL,NULL,8159242,0,"Connectivity Ratios",NULL,"3200187.png;3100397.png",NULL
3100397,4078,NULL,4000,NULL,"<b>a and b,</b> Electron microscopic demonstration of physiologically identified inhibitory synapses (arrows) between presynaptic boutons of the basket cell (Bt) and the soma (Pc; cell shown in Fig. 1) or the apical dendrite (Pd; no. 2 in Table 1) of pyramidal cells; <br> <b>c,</b> Recurrent excitatory synapse between the pyramidal cell terminal (Pt; cell shown in Fig. 1) and a basket cell dendrite (Bd). Note the asymmetric postsynaptic density. Asterisk denotes an unlabelled terminal which is in asymmetrical synaptic contact (double arrow) with the same basket cell dendrite, <br> <b>d,</b> Inhibitory synaptic contact between a bouton of the axo-axonic cell (Aat; no. 5 in Fig. 3C) and the axon initial segment (Gcais) of the granule cell shown in Fig. 3; asterisk marks a converging terminal from another axoaxonic cell; <br> <b>e and f,</b> Synaptic junction between a bouton (Bit) of the bistratified cell shown in Fig. 2, and a non- recorded pyramidal cell dendrite (Pd). The section in f is serial to that in e and shows that the bistratified cell bouton is immunopositive for GABA, as demonstrated by the high density of metal particles. Scale bar for all pictures, 0.2 ï¿½m.","Fig. 4",NULL,NULL,NULL,NULL,8159242,0,"CA1 Basket??CA1 Pyramidal; DG Axo-Axonic?DG Granule; CA1 Bistratified?CA1 Pyramidal",NULL,"3100397.png",NULL
3100397,1035,NULL,1000,NULL,"<b>a and b,</b> Electron microscopic demonstration of physiologically identified inhibitory synapses (arrows) between presynaptic boutons of the basket cell (Bt) and the soma (Pc; cell shown in Fig. 1) or the apical dendrite (Pd; no. 2 in Table 1) of pyramidal cells; <br> <b>c,</b> Recurrent excitatory synapse between the pyramidal cell terminal (Pt; cell shown in Fig. 1) and a basket cell dendrite (Bd). Note the asymmetric postsynaptic density. Asterisk denotes an unlabelled terminal which is in asymmetrical synaptic contact (double arrow) with the same basket cell dendrite, <br> <b>d,</b> Inhibitory synaptic contact between a bouton of the axo-axonic cell (Aat; no. 5 in Fig. 3C) and the axon initial segment (Gcais) of the granule cell shown in Fig. 3; asterisk marks a converging terminal from another axoaxonic cell; <br> <b>e and f,</b> Synaptic junction between a bouton (Bit) of the bistratified cell shown in Fig. 2, and a non- recorded pyramidal cell dendrite (Pd). The section in f is serial to that in e and shows that the bistratified cell bouton is immunopositive for GABA, as demonstrated by the high density of metal particles. Scale bar for all pictures, 0.2 ï¿½m.","Fig. 4",NULL,NULL,NULL,NULL,8159242,0,"CA1 Basket??CA1 Pyramidal; DG Axo-Axonic?DG Granule; CA1 Bistratified?CA1 Pyramidal",NULL,"3100397.png",NULL
3100397,4080,NULL,4000,NULL,"<b>a and b,</b> Electron microscopic demonstration of physiologically identified inhibitory synapses (arrows) between presynaptic boutons of the basket cell (Bt) and the soma (Pc; cell shown in Fig. 1) or the apical dendrite (Pd; no. 2 in Table 1) of pyramidal cells; <br> <b>c,</b> Recurrent excitatory synapse between the pyramidal cell terminal (Pt; cell shown in Fig. 1) and a basket cell dendrite (Bd). Note the asymmetric postsynaptic density. Asterisk denotes an unlabelled terminal which is in asymmetrical synaptic contact (double arrow) with the same basket cell dendrite, <br> <b>d,</b> Inhibitory synaptic contact between a bouton of the axo-axonic cell (Aat; no. 5 in Fig. 3C) and the axon initial segment (Gcais) of the granule cell shown in Fig. 3; asterisk marks a converging terminal from another axoaxonic cell; <br> <b>e and f,</b> Synaptic junction between a bouton (Bit) of the bistratified cell shown in Fig. 2, and a non- recorded pyramidal cell dendrite (Pd). The section in f is serial to that in e and shows that the bistratified cell bouton is immunopositive for GABA, as demonstrated by the high density of metal particles. Scale bar for all pictures, 0.2 ï¿½m.","Fig. 4",NULL,NULL,NULL,NULL,8159242,0,"CA1 Basket??CA1 Pyramidal; DG Axo-Axonic?DG Granule; CA1 Bistratified?CA1 Pyramidal",NULL,"3100397.png",NULL
2600126,1009,NULL,1009,NULL,"<b>Morphological, physiological, and synaptic characteristics of perisomatic and dendritic inhibitory interneurons in rodent dentate gyrus.</b><br><b>A,</b> Left, Confocal image stacks of pairs of synaptically connected GABAergic interneurons intracellularly labeled with biocytin and visualized with streptavidin conjugated with AlexaFluor-647 (white labeling).<br><b>A1,</b> Perisomatic inhibitory interneurons with axon arbours located in the granule cell layer (gcl). Right, Both perisomatic inhibitory BCs are PV-positive as revealed by antibody labeling. From top to bottom, top green, biocytin labeling, arrows point to both somata; middle red, PV expression; bottom, colocalization of both markers.<br><b>A2,</b> HICAPs with axon collaterals mainly located in the inner molecular layer (iml). Right, A single intracellularly labeled HICAP cell was identified as CCK-positive. Biocytin was visualized by streptavidin conjugated to AlexaFluor-750. Inset, Characteristic discharge pattern of the HICAP cell (0.7 nA, 1 s). Calibration: 200 ms, 50 mV.<br><b>A3,</b> HIPPs with axon arbors located predominantly in the outer molecular layer (oml). Right, Both neurons coexpress somatostatin (SOM; arrows).<br><b>B,</b> Passive and active membrane properties of identified BCs (B1), HICAPs (B2), and HIPPs (B3).<br><b>B1-B3,</b> Top traces, Voltage trajectories of cell pairs shown in A during 1-s-long current injections (-100, -50, 300-800 pA).<br><b>B1-B3,</b> Summary graphs show left the input resistance (??<sub>in</sub>) of the recorded cell types and right the half-duration of single action potentials. Each circle represents a single data point; colored circles with lines represent mean values ï¿½ SEM.<br><b>C,</b> uIPSCs recorded at pairs shown in A. A presynaptic action potential (top) evokes uIPSCs in the postsynaptic cell. Single uIPSCs (6 traces) are shown superimposed (middle), and the average uIPSC (30 traces) at -70 mV is shown (bottom). Schematic illustration on top represents the recoded neuron types; orange represents BC-BC; green represents HICAP-HICAP; blue represents HIPP-HIPP pairs.<br><b>C3,</b> Bottom, Average uIPSCs shown in C1-C3 were peak normalized and superimposed. ***p ? 0.001. **p ? 0.01. *p ? 0.05. 1Significantly different from HICAP. 2Significantly different from HIPP.","Fig. 1A2-C2",NULL,NULL,NULL,NULL,24920624,0,"DG HICAP CCK+",NULL,"2600126.png",NULL
2600163,1001,NULL,1002,NULL,"We recorded from SGC/hilar cell pairs in which the hilar cell was located near a visualized SGC axon collateral. In four paired recordings (9% of all paired recordings), APs in the SGCs triggered EPSPs in hilar neurons. Two postsynaptic neurons were hilar mossy cells, based on the presence of thorny excrescences on proximal dendrites, conventional spines on distal dendrites, and an irregular firing pattern in response to 2 s depolarizing steps (Scharfman and Schwartzkroin, 1988) (Fig. 3A). The other two postsynaptic targets appeared to be hilar interneurons based on their sparsely spiny dendrites and intermittent discharges in responses to depolarizing steps (Scharfman et al.,1990).","p13758 left bottom/ right bottom",NULL,NULL,NULL,NULL,18077687,0,"SGC?Mossy cell;SGC?DG:H Interneuron",NULL,NULL,NULL
2600164,1001,NULL,1002,NULL,"<b>SGCs are excitatory and synapse onto hilar mossy cells.</b><br><b>A,</b> Montage showing a SGC and a postsynaptic hilar mossy cell, both filled with Alexa???. The SGC axon appears to contact the mossy cell dendrite (arrow) after it bifurcates, 72 ï¿½m from the center of the cell body.<br><b>B,</b>Sequential responses to SGC action potentials. Approximately 45% of presynaptic APs triggered detectable short-latency EPSPs in the mossy cell (MC). Average postsynaptic response from 15 consecutive responses shown in bottom trace; -64 mV resting potential. The inset shows block of postsynaptic responses recorded in the mossy cell by 10 ï¿½M NBQX and 50 ï¿½M D-APV. Each trace is the average of 10-20 consecutive responses from a pair of presynaptic SGC spikes (50 ms interstimulus interval).<br><b>C,</b> Amplitude histogram of 168 mossy cell EPSPs to the first SGC AP in the paired stimuli. The failure bar is truncated (76 failures).<br><b>D,</b> Histogram of the EPSP onset latency in the same paired recording.","Fig. 3A",NULL,NULL,NULL,NULL,18077687,0,"SGC?Mossy cell",NULL,"2600164.png",NULL
2600165,1001,NULL,1002,NULL,"The mean distances from visualized appositions to postsynaptic cell bodies are 88 ï¿½m (72 and 104 ï¿½m) and 33 ï¿½m(37 and 28 ï¿½m) for SGC-mossy cell and SGC-hilar interneuron pairs, respectively. SGC axon collaterals contacted both postsynaptic mossy cell dendrites beyond the first bifurcation (Fig. 3A, arrow indicates an SGC axon apposition with a mossy cell tertiary dendritic branch), suggesting that SGCs innervate relatively distal dendritic segments of mossy cells.","p13759 right top",NULL,NULL,NULL,NULL,18077687,0,"SGC?Mossy cell;SGC?DG:H interneuron",NULL,NULL,NULL
2600166,1013,NULL,1001,NULL,"We next sought to define the principal synaptic inputs to SGCs. Both SGCs and GCs respond to threshold stimulation in the middle molecular layer with EPSPs (n=9 and 8, respectively) (Fig. 4A, top).","p13759 right middle",NULL,NULL,NULL,NULL,18077687,0,"DG:SMo?SGC;DG:SMo?GC",NULL,NULL,NULL
2600166,1013,NULL,1000,NULL,"We next sought to define the principal synaptic inputs to SGCs. Both SGCs and GCs respond to threshold stimulation in the middle molecular layer with EPSPs (n=9 and 8, respectively) (Fig. 4A, top).","p13759 right middle",NULL,NULL,NULL,NULL,18077687,0,"DG:SMo?SGC;DG:SMo?GC",NULL,NULL,NULL
2600166,1026,NULL,1001,NULL,"We next sought to define the principal synaptic inputs to SGCs. Both SGCs and GCs respond to threshold stimulation in the middle molecular layer with EPSPs (n=9 and 8, respectively) (Fig. 4A, top).","p13759 right middle",NULL,NULL,NULL,NULL,18077687,0,"DG:SMo?SGC;DG:SMo?GC",NULL,NULL,NULL
2600166,1026,NULL,1000,NULL,"We next sought to define the principal synaptic inputs to SGCs. Both SGCs and GCs respond to threshold stimulation in the middle molecular layer with EPSPs (n=9 and 8, respectively) (Fig. 4A, top).","p13759 right middle",NULL,NULL,NULL,NULL,18077687,0,"DG:SMo?SGC;DG:SMo?GC",NULL,NULL,NULL
2600166,1005,NULL,1001,NULL,"We next sought to define the principal synaptic inputs to SGCs. Both SGCs and GCs respond to threshold stimulation in the middle molecular layer with EPSPs (n=9 and 8, respectively) (Fig. 4A, top).","p13759 right middle",NULL,NULL,NULL,NULL,18077687,0,"DG:SMo?SGC;DG:SMo?GC",NULL,NULL,NULL
2600166,1005,NULL,1000,NULL,"We next sought to define the principal synaptic inputs to SGCs. Both SGCs and GCs respond to threshold stimulation in the middle molecular layer with EPSPs (n=9 and 8, respectively) (Fig. 4A, top).","p13759 right middle",NULL,NULL,NULL,NULL,18077687,0,"DG:SMo?SGC;DG:SMo?GC",NULL,NULL,NULL
2600166,1008,NULL,1001,NULL,"We next sought to define the principal synaptic inputs to SGCs. Both SGCs and GCs respond to threshold stimulation in the middle molecular layer with EPSPs (n=9 and 8, respectively) (Fig. 4A, top).","p13759 right middle",NULL,NULL,NULL,NULL,18077687,0,"DG:SMo?SGC;DG:SMo?GC",NULL,NULL,NULL
2600166,1008,NULL,1000,NULL,"We next sought to define the principal synaptic inputs to SGCs. Both SGCs and GCs respond to threshold stimulation in the middle molecular layer with EPSPs (n=9 and 8, respectively) (Fig. 4A, top).","p13759 right middle",NULL,NULL,NULL,NULL,18077687,0,"DG:SMo?SGC;DG:SMo?GC",NULL,NULL,NULL
2600166,1007,NULL,1001,NULL,"We next sought to define the principal synaptic inputs to SGCs. Both SGCs and GCs respond to threshold stimulation in the middle molecular layer with EPSPs (n=9 and 8, respectively) (Fig. 4A, top).","p13759 right middle",NULL,NULL,NULL,NULL,18077687,0,"DG:SMo?SGC;DG:SMo?GC",NULL,NULL,NULL
2600166,1007,NULL,1000,NULL,"We next sought to define the principal synaptic inputs to SGCs. Both SGCs and GCs respond to threshold stimulation in the middle molecular layer with EPSPs (n=9 and 8, respectively) (Fig. 4A, top).","p13759 right middle",NULL,NULL,NULL,NULL,18077687,0,"DG:SMo?SGC;DG:SMo?GC",NULL,NULL,NULL
2600166,1006,NULL,1001,NULL,"We next sought to define the principal synaptic inputs to SGCs. Both SGCs and GCs respond to threshold stimulation in the middle molecular layer with EPSPs (n=9 and 8, respectively) (Fig. 4A, top).","p13759 right middle",NULL,NULL,NULL,NULL,18077687,0,"DG:SMo?SGC;DG:SMo?GC",NULL,NULL,NULL
2600166,1006,NULL,1000,NULL,"We next sought to define the principal synaptic inputs to SGCs. Both SGCs and GCs respond to threshold stimulation in the middle molecular layer with EPSPs (n=9 and 8, respectively) (Fig. 4A, top).","p13759 right middle",NULL,NULL,NULL,NULL,18077687,0,"DG:SMo?SGC;DG:SMo?GC",NULL,NULL,NULL
2600166,1004,NULL,1001,NULL,"We next sought to define the principal synaptic inputs to SGCs. Both SGCs and GCs respond to threshold stimulation in the middle molecular layer with EPSPs (n=9 and 8, respectively) (Fig. 4A, top).","p13759 right middle",NULL,NULL,NULL,NULL,18077687,0,"DG:SMo?SGC;DG:SMo?GC",NULL,NULL,NULL
2600166,1004,NULL,1000,NULL,"We next sought to define the principal synaptic inputs to SGCs. Both SGCs and GCs respond to threshold stimulation in the middle molecular layer with EPSPs (n=9 and 8, respectively) (Fig. 4A, top).","p13759 right middle",NULL,NULL,NULL,NULL,18077687,0,"DG:SMo?SGC;DG:SMo?GC",NULL,NULL,NULL
2600167,NULL,NULL,1001,NULL,"Stimulation in the dentate hilus activated complex responses. Both threshold and suprathreshold stimulation in the hilus evoked inhibitory responses in SGCs and GCs (Fig. 4A, bottom) that appear to be composed of simultaneous IPSPs and EPSPs. Bath application of the GABAï¿½A receptor antagonist, gabazine, abolishes the IPSP and reveals a latent EPSP in both cell types (n=6). The EPSP component has a short onset latency (SGC latency, 2.08ï¿½0.10 ms; GC latency, 2.68ï¿½0.73 ms; not significantly different; p>0.05) and likely results from activation of hilar mossy cells. ","p13759 right middle",NULL,NULL,NULL,NULL,18077687,0,"DG:H?SGC;DG:H?GC (w/o Gabazine)",NULL,NULL,NULL
2600167,NULL,NULL,1000,NULL,"Stimulation in the dentate hilus activated complex responses. Both threshold and suprathreshold stimulation in the hilus evoked inhibitory responses in SGCs and GCs (Fig. 4A, bottom) that appear to be composed of simultaneous IPSPs and EPSPs. Bath application of the GABAï¿½A receptor antagonist, gabazine, abolishes the IPSP and reveals a latent EPSP in both cell types (n=6). The EPSP component has a short onset latency (SGC latency, 2.08ï¿½0.10 ms; GC latency, 2.68ï¿½0.73 ms; not significantly different; p>0.05) and likely results from activation of hilar mossy cells. ","p13759 right middle",NULL,NULL,NULL,NULL,18077687,0,"DG:H?SGC;DG:H?GC (w/o Gabazine)",NULL,NULL,NULL
2600251,1035,NULL,1035,NULL,"Recordings from pairs of EGFP-positive cells in DG, CA3, and CA1 revealed that BCs were coupled by both chemical and electrical synapses (Fig. 2).","p13224",NULL,NULL,NULL,NULL,12235359,0,"DG BC?DG BC;CA3 BC?CA3 BC;CA1 BC?CA1 BC",NULL,"2600247.png;2600248.png;2600249.png",NULL
2600251,2043,NULL,2043,NULL,"Recordings from pairs of EGFP-positive cells in DG, CA3, and CA1 revealed that BCs were coupled by both chemical and electrical synapses (Fig. 2).","p13224",NULL,NULL,NULL,NULL,12235359,0,"DG BC?DG BC;CA3 BC?CA3 BC;CA1 BC?CA1 BC",NULL,"2600247.png;2600248.png;2600249.png",NULL
2600251,4078,NULL,4078,NULL,"Recordings from pairs of EGFP-positive cells in DG, CA3, and CA1 revealed that BCs were coupled by both chemical and electrical synapses (Fig. 2).","p13224",NULL,NULL,NULL,NULL,12235359,0,"DG BC?DG BC;CA3 BC?CA3 BC;CA1 BC?CA1 BC",NULL,"2600247.png;2600248.png;2600249.png",NULL
2600259,1002,NULL,1027,NULL,"For example, we found four reciprocal connections between mossy cells and hilar interneurons of 114 possible pairings of these two cell types, yielding a mossy cell/hilar interneuron reciprocal motif frequency of 3.5%. The constituent monosynaptic connection frequencies in this motif were 6.1% (7 observed mossy cell-to-interneuron connections of 114 possible) and 14.9% (17 observed interneuron-to-mossy cell connections of 114 possible).","p12214",NULL,NULL,NULL,NULL,19020015,0,"Ratios;DG:H Mossy??DG:H Interneurons",NULL,NULL,NULL
2600259,1002,NULL,1009,NULL,"For example, we found four reciprocal connections between mossy cells and hilar interneurons of 114 possible pairings of these two cell types, yielding a mossy cell/hilar interneuron reciprocal motif frequency of 3.5%. The constituent monosynaptic connection frequencies in this motif were 6.1% (7 observed mossy cell-to-interneuron connections of 114 possible) and 14.9% (17 observed interneuron-to-mossy cell connections of 114 possible).","p12214",NULL,NULL,NULL,NULL,19020015,0,"Ratios;DG:H Mossy??DG:H Interneurons",NULL,NULL,NULL
2600259,1002,NULL,1013,NULL,"For example, we found four reciprocal connections between mossy cells and hilar interneurons of 114 possible pairings of these two cell types, yielding a mossy cell/hilar interneuron reciprocal motif frequency of 3.5%. The constituent monosynaptic connection frequencies in this motif were 6.1% (7 observed mossy cell-to-interneuron connections of 114 possible) and 14.9% (17 observed interneuron-to-mossy cell connections of 114 possible).","p12214",NULL,NULL,NULL,NULL,19020015,0,"Ratios;DG:H Mossy??DG:H Interneurons",NULL,NULL,NULL
2600259,1002,NULL,1026,NULL,"For example, we found four reciprocal connections between mossy cells and hilar interneurons of 114 possible pairings of these two cell types, yielding a mossy cell/hilar interneuron reciprocal motif frequency of 3.5%. The constituent monosynaptic connection frequencies in this motif were 6.1% (7 observed mossy cell-to-interneuron connections of 114 possible) and 14.9% (17 observed interneuron-to-mossy cell connections of 114 possible).","p12214",NULL,NULL,NULL,NULL,19020015,0,"Ratios;DG:H Mossy??DG:H Interneurons",NULL,NULL,NULL
3100398,1002,NULL,1002,NULL,"<b>Mossy cells selectively innervate hilar interneurons.</b><br> <b>A,</b> Analysis of 270 hilar neurons based on distance from separation plane shown in Fig. 3C reveals a bimodal distribution. Hilar neurons with positive distance metrics are classified as ï¿½presumptive mossy cellsï¿½ and those with negative metrics as ï¿½presumptive interneurons.ï¿½ Filled red and blue circles represent distance metrics for known mossy cells and hilar interneurons, respectively. Distance metrics for postsynaptic targets of known mossy cells and interneurons indicated by open circles. Gray arrows indicate distance metrics of the known mossy cell and hilar interneuron presented in Fig. 2A.<br> <b>B,</b> Summary plot of the frequency of the four possible mossy cell/interneuron connection types. We found 1 of 206 possible mossy cell-to-mossy cell connections, 7 of 114 possible mossy cell-to-interneuron connections, 17 of 114 possible interneuron-to-mossy cell connections, and 4 of 68 possible interneuron-to-interneuron connections.","Fig. 4",NULL,NULL,NULL,NULL,19020015,0,"DG Mossy??DG:H Interneuron;DG Mossy?DG Mossy;DG:H Interneuron?DG:H Interneuron",NULL,"3100398.png",NULL
3100399,NULL,NULL,NULL,NULL,"Despite the potential significance of the dentate hilus to memory function (Lisman, 1999) and epilepsy (Sloviter, 1987), little is known about the function of hilar interneurons or the properties of synapses formed by hilar neurons. The absence of functional information about the basic connectivity of the dentate hilus likely relates to both the absence of dense cell body layers (Amaral, 1978) and the frequent spontaneous synaptic responses hilar cells receive in both in vitro brain slices (Scharfman, 1993; Strowbridge and Schwartzkroin, 1996) and in vivo (Buckmaster et al., 1996). Spontaneous synaptic potentials in hilar neurons greatly increase the difficulty of identifying potential monosynaptic connections in this brain region. Responses to large numbers of precisely timed stimuli are required to verify that apparent postsynaptic responses do not reflect synchronous synaptic input or random coincidences of spontaneous events. The paired recordings in Figure 1B illustrate this problem. Putative evoked EPSPs (responses with onset latencies <3 ms, shown within circles) were greatly outnumbered by spontaneous EPSPs that are not correlated with mossy cell spikes. We used an automated post hoc procedure in this study to identify synaptic potentials in each record (see Materials and Methods) and visual inspection of spike-aligned response averages to circumvent this problem, enabling monosynaptic responses evoked between hilar neurons to be defined for the first time.<br> We tested for synaptic connections among 258 hilar neurons in 35 paired, 44 triple, and 14 quadruple simultaneous intracellular recordings in acute rat hippocampal slices. We recorded postsynaptic responses to presynaptic action potentials evoked by two-pulse stimuli (Fig. 1B2) in 502 potential hilar synaptic connections. Both individual event detection methods and average trace analysis (see Materials and Methods) identified the same 9 excitatory and 22 inhibitory synaptic connections, including the excitatory connection shown in Figure 1C (spike-aligned average response from the same paired recording shown in Fig. 1B2) and the inhibitory connection shown in the average postsynaptic response in Figure 1D. All recordings in this study were performed under current-clamp conditions to enable the intrinsic physiology of both presynaptic and postsynaptic neurons to be assessed (see below) and to facilitate testing for multiple synaptic connections between groups of neurons within the same episode using staggered sets of current pulses.","p12214-5",NULL,NULL,NULL,NULL,19020015,0,"Ratios",NULL,"3200241.png",NULL
3100400,NULL,NULL,NULL,NULL,"<b>ESTIMATING THE EXPECTED FREQUENCIES OF POLYSYNAPTIC CIRCUIT MOTIFS.</b><br> We estimated expected motif frequency by first multiplying the probabilities of each connection type, assuming independent connection probabilities, and then summing values from all simultaneous recordings to define the expected incidence of each motif (Song et al., 2005). Expected motif frequency was determined by dividing this number by the total number of each motif type that was possible in all simultaneously recorded groups of neurons. We determined the significance of our reciprocal and divergent circuit motifs using binomial cumulative distribution functions (Song et al., 2005) to determine the probability of finding a value larger than the number of observed motifs. For example, we found four reciprocal connections between mossy cells and hilar interneurons of 114 possible pairings of these two cell types, yielding a mossy cell/hilar interneuron reciprocal motif frequency of 3.5%. The constituent monosynaptic connection frequencies in this motif were 6.1% (7 observed mossy cell-to-interneuron connections of 114 possible) and 14.9% (17 observed interneuron-to-mossy cell connections of 114 possible). Given these monosynaptic connection probabilities, we expected reciprocal mossy cell/interneuron connections to occur with a frequency of 0.92% (1.0 expected in 114 pairings). We conclude that this reciprocal connection motif occurred more frequently than expected with a confidence level of p=0.021 (stated conservatively as p<0.05; binomial p=0.92%, n=114; likelihood of four or more motifs computed using binomial cumulative distribution).<br> We estimated the expected frequency of three- and four-cell motifs using Monte Carlo simulations (Press et al., 1992) to replicate the distributions of hilar cell type constellations recorded simultaneously in each experiment. Monosynaptic connections were assigned based on the connection frequencies (Fig. 4B) (e.g., 14.9% of mossy cell/interneuron simultaneous recordings were connected with an inhibitory synapse). Expected motif probabilities were estimated from the frequency that the motif occurred in 108 simulations using the Mersenne Twister random number generator. The Monte Carlo and binomial methods generated the same estimate of the expected frequency of mossy cell/interneuron reciprocal motifs.","p12214",NULL,NULL,NULL,NULL,19020015,0,"Ratios",NULL,"3100398.png",NULL
3100401,NULL,NULL,NULL,NULL,"<b>Proposed innervation pattern of Ivy/NGs.</b><br>Ivy/NGs innervate NGCs (green), mature granule cells (white), and other interneurons (gray). This pattern of innervation predicts that GABAergic depolarization of NGCs by Ivy/NGs is accompanied by disinhibition of mature cells.","Fig. S8",NULL,NULL,NULL,NULL,21983681,0,"DG Ivy/NG connectivity",NULL,"3100401.png",NULL
3100402,NULL,NULL,NULL,NULL,"Neural stem cells in the adult dentate gyrus generate new neurons that integrate into the existing network and participate in brain functions. Neural activity in the neurogenic niche regulates neurogenesis via secreted factors, including direct depolarization of newborn cells by the transmitter GABAï¿½. To identify the source of GABA mediating synaptic depolarization, we first tested whether stimulation of single interneurons was sufficient to generate synaptic currents in newborn granule cells (NGCs). Using pro-opiomelanocortin (POMC)-GFP reporter mice to identify NGCs at an early developmental stage when only sparse GABAergic inputs are presentï¿½, we serially tested interneurons for connectivity with glutamate iontophoresis or loose patch stimulation (Supplementary Fig. 1). In a total of 111 NGCs, we tested 498 potential presynaptic partners and found a success rate of 2.3% (11 of 498 partners). Presynaptic interneurons were located in the molecular layer (n=2) and hilus (n=9; Fig. 1a), suggesting that NGCs receive input from feedforward and feedback circuits. We found that the success rate for mature, non-GFP-expressing granule cells was tenfold higher (8 of 40 partners). Unitary postsynaptic currents (uPSCs) were recorded in glutamate receptor antagonists and had latencies consistent with those of monosynaptic connections (Supplementary Fig. 2).","p1407",NULL,NULL,NULL,NULL,21983681,0,"DG:H Interneuron?POMC+ Newborn GCs",NULL,"3200281.png;3200284.png;3200285.png",NULL
3100403,NULL,NULL,NULL,NULL,"<b>RESULTS</b><br> Intracellular recordings were obtained from 165 mossy cells residing in the hilus, 45 CA3c pyramidal cells, 8 granule cells, and 1 hilar interneuron in 58 experiments. Of those cells, 51 mossy cells, 22 CA3c pyramidal cells, 8 granule cells, and l hilar interneuron were labeled with biocytin for morphological examination.","p1284",NULL,NULL,NULL,NULL,8283200,0,"Ratios",NULL,NULL,NULL
3100404,1035,NULL,1035,NULL,"<b>Light and correlated electron microscopical analysis of synaptic contacts in a synaptically connected BCï¿½BC pair.</b><br> <b>A,</b> Lowï¿½power light micrograph of the same pair shown in Figure 3. ml, Molecular layer; gcl, granule cell layer; h, hilus. Scale bar, 50 ï¿½m.<br> <b>B,</b> Highï¿½power light micrograph of the soma and apical dendrite of the postsynaptic BC. Two of the three synaptic contacts in this BCï¿½BC pair are indicated by arrow and open arrow. Scale bar, 10 ï¿½m.<br> <b>C,</b> Lowï¿½power electron micrograph of the proximal synaptic contact (open arrow). Scale bar, 2.5 ï¿½m.<br> <b>D, E,</b> Highï¿½power electron micrographs of the two distal contacts (arrow and arrowhead). Contacts indicated by open arrow and arrow inC and D are also visible in the micrograph in B (same symbolic code; contact in E indicated by arrowhead is not shown in B). Scale bar, 0.25 ï¿½m.","Fig. 4",NULL,NULL,NULL,NULL,11306622,0,"DG Basket?DG Basket",NULL,"3100404.png",NULL
3100405,NULL,NULL,NULL,NULL,"<b>Percentage of GABAergic Varicosities Immunoreactive for CB1 in Different Strata in CA3.</b><br>","Table 1",NULL,NULL,NULL,NULL,25044969,0,"CB1+ Boutons in CA3",NULL,"3100405.png",NULL
3100406,2028,NULL,2000,NULL,"<b>Ultrastructure of Perisomatic and Dendritic Inhibition.</b><br><b>(A)</b> Light micrograph of perisomatic inhibitory cell contacts innervating the pyramidal cell shown in Figure 1.</b><br>Two of the synapses are visible here (b1 and b2).<br><b>(B)</b> Electron micrograph of the synapse (arrow) established between the bouton b1 (in A) and proximal pyramidal cell dendrite.<br><b>(C)</b> Light micrograph of a dendritic inhibitory contact (b1) made onto a distal dendritic spine from the pyramidal cell of Figure 2.<br><b>(D)</b> Electron micrograph of this synaptic junction. The arrowhead shows another spine of the same cell in both (C) and (D). The scale bars in (A) and (C) represent 10 ï¿½m, and those in (B) and (D) represent 0.2 ï¿½m.","Fig. 3",NULL,NULL,NULL,NULL,8607999,0,"CA3 perisomatic inhibitory cells?CA3 Pyramidal cell; CA3 dendritic inhibitory cells?CA3 Pyramidal cell;",NULL,"3100406.png",NULL
3100406,2047,NULL,2000,NULL,"<b>Ultrastructure of Perisomatic and Dendritic Inhibition.</b><br><b>(A)</b> Light micrograph of perisomatic inhibitory cell contacts innervating the pyramidal cell shown in Figure 1.</b><br>Two of the synapses are visible here (b1 and b2).<br><b>(B)</b> Electron micrograph of the synapse (arrow) established between the bouton b1 (in A) and proximal pyramidal cell dendrite.<br><b>(C)</b> Light micrograph of a dendritic inhibitory contact (b1) made onto a distal dendritic spine from the pyramidal cell of Figure 2.<br><b>(D)</b> Electron micrograph of this synaptic junction. The arrowhead shows another spine of the same cell in both (C) and (D). The scale bars in (A) and (C) represent 10 ï¿½m, and those in (B) and (D) represent 0.2 ï¿½m.","Fig. 3",NULL,NULL,NULL,NULL,8607999,0,"CA3 perisomatic inhibitory cells?CA3 Pyramidal cell; CA3 dendritic inhibitory cells?CA3 Pyramidal cell;",NULL,"3100406.png",NULL
3100406,2043,NULL,2000,NULL,"<b>Ultrastructure of Perisomatic and Dendritic Inhibition.</b><br><b>(A)</b> Light micrograph of perisomatic inhibitory cell contacts innervating the pyramidal cell shown in Figure 1.</b><br>Two of the synapses are visible here (b1 and b2).<br><b>(B)</b> Electron micrograph of the synapse (arrow) established between the bouton b1 (in A) and proximal pyramidal cell dendrite.<br><b>(C)</b> Light micrograph of a dendritic inhibitory contact (b1) made onto a distal dendritic spine from the pyramidal cell of Figure 2.<br><b>(D)</b> Electron micrograph of this synaptic junction. The arrowhead shows another spine of the same cell in both (C) and (D). The scale bars in (A) and (C) represent 10 ï¿½m, and those in (B) and (D) represent 0.2 ï¿½m.","Fig. 3",NULL,NULL,NULL,NULL,8607999,0,"CA3 perisomatic inhibitory cells?CA3 Pyramidal cell; CA3 dendritic inhibitory cells?CA3 Pyramidal cell;",NULL,"3100406.png",NULL
3100406,2044,NULL,2000,NULL,"<b>Ultrastructure of Perisomatic and Dendritic Inhibition.</b><br><b>(A)</b> Light micrograph of perisomatic inhibitory cell contacts innervating the pyramidal cell shown in Figure 1.</b><br>Two of the synapses are visible here (b1 and b2).<br><b>(B)</b> Electron micrograph of the synapse (arrow) established between the bouton b1 (in A) and proximal pyramidal cell dendrite.<br><b>(C)</b> Light micrograph of a dendritic inhibitory contact (b1) made onto a distal dendritic spine from the pyramidal cell of Figure 2.<br><b>(D)</b> Electron micrograph of this synaptic junction. The arrowhead shows another spine of the same cell in both (C) and (D). The scale bars in (A) and (C) represent 10 ï¿½m, and those in (B) and (D) represent 0.2 ï¿½m.","Fig. 3",NULL,NULL,NULL,NULL,8607999,0,"CA3 perisomatic inhibitory cells?CA3 Pyramidal cell; CA3 dendritic inhibitory cells?CA3 Pyramidal cell;",NULL,"3100406.png",NULL
3100406,2005,NULL,2000,NULL,"<b>Ultrastructure of Perisomatic and Dendritic Inhibition.</b><br><b>(A)</b> Light micrograph of perisomatic inhibitory cell contacts innervating the pyramidal cell shown in Figure 1.</b><br>Two of the synapses are visible here (b1 and b2).<br><b>(B)</b> Electron micrograph of the synapse (arrow) established between the bouton b1 (in A) and proximal pyramidal cell dendrite.<br><b>(C)</b> Light micrograph of a dendritic inhibitory contact (b1) made onto a distal dendritic spine from the pyramidal cell of Figure 2.<br><b>(D)</b> Electron micrograph of this synaptic junction. The arrowhead shows another spine of the same cell in both (C) and (D). The scale bars in (A) and (C) represent 10 ï¿½m, and those in (B) and (D) represent 0.2 ï¿½m.","Fig. 3",NULL,NULL,NULL,NULL,8607999,0,"CA3 perisomatic inhibitory cells?CA3 Pyramidal cell; CA3 dendritic inhibitory cells?CA3 Pyramidal cell;",NULL,"3100406.png",NULL
3100406,2009,NULL,2000,NULL,"<b>Ultrastructure of Perisomatic and Dendritic Inhibition.</b><br><b>(A)</b> Light micrograph of perisomatic inhibitory cell contacts innervating the pyramidal cell shown in Figure 1.</b><br>Two of the synapses are visible here (b1 and b2).<br><b>(B)</b> Electron micrograph of the synapse (arrow) established between the bouton b1 (in A) and proximal pyramidal cell dendrite.<br><b>(C)</b> Light micrograph of a dendritic inhibitory contact (b1) made onto a distal dendritic spine from the pyramidal cell of Figure 2.<br><b>(D)</b> Electron micrograph of this synaptic junction. The arrowhead shows another spine of the same cell in both (C) and (D). The scale bars in (A) and (C) represent 10 ï¿½m, and those in (B) and (D) represent 0.2 ï¿½m.","Fig. 3",NULL,NULL,NULL,NULL,8607999,0,"CA3 perisomatic inhibitory cells?CA3 Pyramidal cell; CA3 dendritic inhibitory cells?CA3 Pyramidal cell;",NULL,"3100406.png",NULL
3100406,2049,NULL,2000,NULL,"<b>Ultrastructure of Perisomatic and Dendritic Inhibition.</b><br><b>(A)</b> Light micrograph of perisomatic inhibitory cell contacts innervating the pyramidal cell shown in Figure 1.</b><br>Two of the synapses are visible here (b1 and b2).<br><b>(B)</b> Electron micrograph of the synapse (arrow) established between the bouton b1 (in A) and proximal pyramidal cell dendrite.<br><b>(C)</b> Light micrograph of a dendritic inhibitory contact (b1) made onto a distal dendritic spine from the pyramidal cell of Figure 2.<br><b>(D)</b> Electron micrograph of this synaptic junction. The arrowhead shows another spine of the same cell in both (C) and (D). The scale bars in (A) and (C) represent 10 ï¿½m, and those in (B) and (D) represent 0.2 ï¿½m.","Fig. 3",NULL,NULL,NULL,NULL,8607999,0,"CA3 perisomatic inhibitory cells?CA3 Pyramidal cell; CA3 dendritic inhibitory cells?CA3 Pyramidal cell;",NULL,"3100406.png",NULL
3100406,2008,NULL,2000,NULL,"<b>Ultrastructure of Perisomatic and Dendritic Inhibition.</b><br><b>(A)</b> Light micrograph of perisomatic inhibitory cell contacts innervating the pyramidal cell shown in Figure 1.</b><br>Two of the synapses are visible here (b1 and b2).<br><b>(B)</b> Electron micrograph of the synapse (arrow) established between the bouton b1 (in A) and proximal pyramidal cell dendrite.<br><b>(C)</b> Light micrograph of a dendritic inhibitory contact (b1) made onto a distal dendritic spine from the pyramidal cell of Figure 2.<br><b>(D)</b> Electron micrograph of this synaptic junction. The arrowhead shows another spine of the same cell in both (C) and (D). The scale bars in (A) and (C) represent 10 ï¿½m, and those in (B) and (D) represent 0.2 ï¿½m.","Fig. 3",NULL,NULL,NULL,NULL,8607999,0,"CA3 perisomatic inhibitory cells?CA3 Pyramidal cell; CA3 dendritic inhibitory cells?CA3 Pyramidal cell;",NULL,"3100406.png",NULL
3100407,1000,NULL,3000,NULL,"<b>Dentate mossy fiber (MF) projections to CA2</b><br><b>a,</b> Confocal image showing PCP4 and calbindin staining in CA2.</b><br><b>b,</b> Magnification (top) of dotted lineï¿½box in (a) and quantification (bottom) of the number of PCP4ï¿½positive CA2 cells receiving calbindinï¿½positive MFs (MF+) and not receiving MFs (MFï¿½). Data are represented as meanï¿½SEM. Dotted line indicates MFs ending point.<br><b>c,</b> Confocal image showing ZnT3 and RGS14 staining in CA2.<br><b>d,</b> Superposed image of ZnT3, VGluT1 and RGS14. Dotted lines in (c) and (d) enclose stratum lucidum.<br><b>e,</b> Confocal image showing RGS14ï¿½positive dendrites in CA2.<br><b>f,</b> Confocal image showing RGS14ï¿½positive dendrites and ZnT3ï¿½positive clusters.<br><b>g,</b> Confocal image showing RGS14ï¿½positive dendrites and PSD95ï¿½positive clusters.<br><b>h,</b> Superposed image showing ZnT3ï¿½PSD95 doubleï¿½positive clusters on RGS14ï¿½positive dendrites. Bottom: magnification from the inset showing ZnT3ï¿½positive, PSD95ï¿½positive and ZnT3ï¿½PSD95 doubleï¿½positive clusters (arrowheads).<br><b>i,</b> ChETAï¿½YFP HSV construct (top). Confocal image of MFs visualized by ChETAï¿½YFP (bottom).<br><b>iï¿½k,</b> Zï¿½projection from dotted lineï¿½boxes in (e) centered on CA3 (j) and CA2 (k).<br><b>l,</b> Cumulative histogram of MF terminal diameters for CA2 (n=60 boutons) and CA3 (n=43 boutons).","Fig. 2",NULL,NULL,NULL,NULL,24336151,0,"DG Granule?(CA2;CA3) Pyramidal",NULL,"3100407.png",NULL
3100407,1000,NULL,2000,NULL,"<b>Dentate mossy fiber (MF) projections to CA2</b><br><b>a,</b> Confocal image showing PCP4 and calbindin staining in CA2.</b><br><b>b,</b> Magnification (top) of dotted lineï¿½box in (a) and quantification (bottom) of the number of PCP4ï¿½positive CA2 cells receiving calbindinï¿½positive MFs (MF+) and not receiving MFs (MFï¿½). Data are represented as meanï¿½SEM. Dotted line indicates MFs ending point.<br><b>c,</b> Confocal image showing ZnT3 and RGS14 staining in CA2.<br><b>d,</b> Superposed image of ZnT3, VGluT1 and RGS14. Dotted lines in (c) and (d) enclose stratum lucidum.<br><b>e,</b> Confocal image showing RGS14ï¿½positive dendrites in CA2.<br><b>f,</b> Confocal image showing RGS14ï¿½positive dendrites and ZnT3ï¿½positive clusters.<br><b>g,</b> Confocal image showing RGS14ï¿½positive dendrites and PSD95ï¿½positive clusters.<br><b>h,</b> Superposed image showing ZnT3ï¿½PSD95 doubleï¿½positive clusters on RGS14ï¿½positive dendrites. Bottom: magnification from the inset showing ZnT3ï¿½positive, PSD95ï¿½positive and ZnT3ï¿½PSD95 doubleï¿½positive clusters (arrowheads).<br><b>i,</b> ChETAï¿½YFP HSV construct (top). Confocal image of MFs visualized by ChETAï¿½YFP (bottom).<br><b>iï¿½k,</b> Zï¿½projection from dotted lineï¿½boxes in (e) centered on CA3 (j) and CA2 (k).<br><b>l,</b> Cumulative histogram of MF terminal diameters for CA2 (n=60 boutons) and CA3 (n=43 boutons).","Fig. 2",NULL,NULL,NULL,NULL,24336151,0,"DG Granule?(CA2;CA3) Pyramidal",NULL,"3100407.png",NULL
3100408,1000,NULL,3000,NULL,"<b>Longitudinal projections of Dentate mossy fibers (MFs) within CA2</b><br><b>a,</b> Schematic of DGGCï¿½specific transgenic Cre mouse, Creï¿½dependent tTA lentivirus and tTAï¿½dependent ArchTï¿½GFPï¿½AAV9. Creï¿½recombinase switches on the expression of tTA in DGGCs inducing the expression of ArchTï¿½GFP in DGGCs.<br><b>b,</b> Dorsorostral injectionï¿½site (green) and location of serial sections in (c).<br><b>c,</b> Serial images of RGS14, ArchTï¿½GFP and synaptoporin (MF marker). DG cells in sections #1ï¿½3 express ArchTï¿½GFP.<br><b>d,</b> Confocal image from the dotted lineï¿½box in (c).<br><b>e,</b> Longitudinal projections of MFs in CA2.<br><b>fï¿½h,</b> Same approach applied to dorsal (f), intermediate (g) and ventral (h) DG injection sites (green dots) and location of serial sections in (i, j, k) respectively.<br><b>iï¿½k,</b> Images showing extent and direction of MFs (green) within the RGS14ï¿½positive (red) CA2 region for dorsal (i), intermediate (j) and ventral (k) DG injection sites.<br><b>lï¿½n,</b> Magnified confocal images from the corresponding dotted lineï¿½boxes in (i, j, k).<br><b>oï¿½q,</b> Normalized fluorescence intensity of GFPï¿½positive MFs terminals within dorsal (D), intermediate (I) and ventral (V) CA2, for dorsal (o), intermediate (p) and ventral (q) DG injection sites (n=6 samples per group from n=3 mice per injection site). Data are represented as meanï¿½SEM.","Fig. 3",NULL,NULL,NULL,NULL,24336151,0,"DG Granule?CA2",NULL,"3100408.png",NULL
3100409,6003,NULL,3000,NULL,"<b>Mapping inputs to hippocampal CA2 neurons using the rabies virusï¿½based monosynaptic tracing reveals MECII and LECII as the primary source of entorhinal inputs</b><br><b>aï¿½b,</b> Schematic (a) and sagittal whole brain section (b) from CA2ï¿½specific Cre mouse, injected with helper AAV. Insets from the dotted lineï¿½box: note the EGFP expression restricted to RGS14ï¿½positive CA2 pyramidal cells.<br><b>c,</b> Sagittal whole brain section from CA2ï¿½specific Cre mouse, injected with helper AAV and rabies virus (RV), expressing AAVï¿½specific EGFP signal (green), RVï¿½specific mCherry signal (red) and stained with Nissl (blue).<br><b>d,</b> Percent of mCherryï¿½only positive cells in layer II and III of MEC (top) and LEC (bottom), respectively (n=6 samples from 3 mice, two tailed paired tï¿½test ***P<0.001 and **P<0.005, average in red).<br><b>eï¿½f,</b> Horizontal sections showing the mCherryï¿½only positive cells in both MEC <b>(d)</b> and LEC <b>(e)</b>. Dotted line indicates ECII/ECIII border.","Fig. 7",NULL,NULL,NULL,NULL,24336151,0,"(MECII;LECII)?CA2 ",NULL,"3100409.png",NULL
3100409,6003,NULL,3006,NULL,"<b>Mapping inputs to hippocampal CA2 neurons using the rabies virusï¿½based monosynaptic tracing reveals MECII and LECII as the primary source of entorhinal inputs</b><br><b>aï¿½b,</b> Schematic (a) and sagittal whole brain section (b) from CA2ï¿½specific Cre mouse, injected with helper AAV. Insets from the dotted lineï¿½box: note the EGFP expression restricted to RGS14ï¿½positive CA2 pyramidal cells.<br><b>c,</b> Sagittal whole brain section from CA2ï¿½specific Cre mouse, injected with helper AAV and rabies virus (RV), expressing AAVï¿½specific EGFP signal (green), RVï¿½specific mCherry signal (red) and stained with Nissl (blue).<br><b>d,</b> Percent of mCherryï¿½only positive cells in layer II and III of MEC (top) and LEC (bottom), respectively (n=6 samples from 3 mice, two tailed paired tï¿½test ***P<0.001 and **P<0.005, average in red).<br><b>eï¿½f,</b> Horizontal sections showing the mCherryï¿½only positive cells in both MEC <b>(d)</b> and LEC <b>(e)</b>. Dotted line indicates ECII/ECIII border.","Fig. 7",NULL,NULL,NULL,NULL,24336151,0,"(MECII;LECII)?CA2 ",NULL,"3100409.png",NULL
3100409,6003,NULL,3007,NULL,"<b>Mapping inputs to hippocampal CA2 neurons using the rabies virusï¿½based monosynaptic tracing reveals MECII and LECII as the primary source of entorhinal inputs</b><br><b>aï¿½b,</b> Schematic (a) and sagittal whole brain section (b) from CA2ï¿½specific Cre mouse, injected with helper AAV. Insets from the dotted lineï¿½box: note the EGFP expression restricted to RGS14ï¿½positive CA2 pyramidal cells.<br><b>c,</b> Sagittal whole brain section from CA2ï¿½specific Cre mouse, injected with helper AAV and rabies virus (RV), expressing AAVï¿½specific EGFP signal (green), RVï¿½specific mCherry signal (red) and stained with Nissl (blue).<br><b>d,</b> Percent of mCherryï¿½only positive cells in layer II and III of MEC (top) and LEC (bottom), respectively (n=6 samples from 3 mice, two tailed paired tï¿½test ***P<0.001 and **P<0.005, average in red).<br><b>eï¿½f,</b> Horizontal sections showing the mCherryï¿½only positive cells in both MEC <b>(d)</b> and LEC <b>(e)</b>. Dotted line indicates ECII/ECIII border.","Fig. 7",NULL,NULL,NULL,NULL,24336151,0,"(MECII;LECII)?CA2 ",NULL,"3100409.png",NULL
3100410,6017,NULL,4000,NULL,"<b>Medial entorhinal cortex layer III (MECIII) pyramidal neuron projections do not overlap with RGS14ï¿½positive CA2 region in all the anatomical planes.</b><br><b>a,</b> Diagram depicting MECIIIï¿½specific pOxr1ï¿½Cre transgenic mouse injected with Creï¿½dependent AAV9ï¿½EF1?ï¿½DIOï¿½ChR2ï¿½YFP. Creï¿½recombinase switches on the expression of ChR2ï¿½YFP in MECIII cells.<br><b>b,</b> Confocal image of a horizontal slice depicting projection pattern resulting from (a). Subiculum (SUB), CA1, and MECIII are labeled. Note MECIII dendrites in MECI (singleï¿½headed arrow) and fibers crossing from MECIII into the hippocampus (doubleï¿½headed arrow).<br><b>c,</b> MECIII projections (ChR2ï¿½YFP, green) into the hippocampus costained for RGS14 (red) and DAPI (blue): sagittal (left), coronal (middle), and horizontal (right) sections. Dotted lineï¿½boxes indicate the regions of inset images to the immediate right. Inset images show RGS14 staining on top, and RGS14 staining overlaid with the MECIIIï¿½specific YFP signal on bottom. Note the lack of overlap between the YFP (green) and the RGS14 (red) signal.<br><b>d,</b> Sections cut on the same planes as in (c) stained for calbindin, a CA1 pyramidal cell marker, and data organized as in (c). Insets from dotted lineï¿½boxes: note the overlap and coï¿½termination of the YFP (green) signal and calbindin (red) staining.","Fig. S9",NULL,NULL,NULL,NULL,24336151,0,"MECIIIï¿½RGS14+ CA2;MECIII?CB+ Superficial CA1 Pyramidal",NULL,"3100410.png",NULL
3100410,6092,NULL,4000,NULL,"<b>Medial entorhinal cortex layer III (MECIII) pyramidal neuron projections do not overlap with RGS14ï¿½positive CA2 region in all the anatomical planes.</b><br><b>a,</b> Diagram depicting MECIIIï¿½specific pOxr1ï¿½Cre transgenic mouse injected with Creï¿½dependent AAV9ï¿½EF1?ï¿½DIOï¿½ChR2ï¿½YFP. Creï¿½recombinase switches on the expression of ChR2ï¿½YFP in MECIII cells.<br><b>b,</b> Confocal image of a horizontal slice depicting projection pattern resulting from (a). Subiculum (SUB), CA1, and MECIII are labeled. Note MECIII dendrites in MECI (singleï¿½headed arrow) and fibers crossing from MECIII into the hippocampus (doubleï¿½headed arrow).<br><b>c,</b> MECIII projections (ChR2ï¿½YFP, green) into the hippocampus costained for RGS14 (red) and DAPI (blue): sagittal (left), coronal (middle), and horizontal (right) sections. Dotted lineï¿½boxes indicate the regions of inset images to the immediate right. Inset images show RGS14 staining on top, and RGS14 staining overlaid with the MECIIIï¿½specific YFP signal on bottom. Note the lack of overlap between the YFP (green) and the RGS14 (red) signal.<br><b>d,</b> Sections cut on the same planes as in (c) stained for calbindin, a CA1 pyramidal cell marker, and data organized as in (c). Insets from dotted lineï¿½boxes: note the overlap and coï¿½termination of the YFP (green) signal and calbindin (red) staining.","Fig. S9",NULL,NULL,NULL,NULL,24336151,0,"MECIIIï¿½RGS14+ CA2;MECIII?CB+ Superficial CA1 Pyramidal",NULL,"3100410.png",NULL
3100411,6017,NULL,4000,NULL,"<b>Anatomical segregation between two corticoï¿½hippocampal circuits in wildï¿½type mice: ECIII?CA1 and ECII?DG/CA2/CA3.</b><br><b>a,</b> Experimental design depicting the injection of a nonï¿½Creï¿½dependent AAVrh8ï¿½CaMKIIaï¿½ChR2ï¿½YFP into the superficial medial entorhinal area of wild type mouse.<br><b>b,</b> Confocal image of a sagittal slice depicting YFP expression near the injection site in the MEC.<br><b>c,</b> Ipsilateral sagittal hippocampus section of infected mouse depicted in (b). Tissue stained for calbindin (white), RGS14 (red) and with DAPI (blue) and ChR2ï¿½YFP (green) expression. Both MECIII (terminating in CA1ï¿½SLM) and MECII fibers (terminating in DG, CA3 and CA2) can be seen. MECï¿½specific infection is confirmed by distribution of YFP in the middle oneï¿½third of the dendrites of the DG.<br><b>d,</b> Contralateral sagittal hippocampal section of the same mouse in (c) with same staining as (c). On the contralateral side, no MECII fibers can be detected, and MECIII fibers form a sharp boundary with the CA2ï¿½specific RGS14 staining.<br><b>e,</b> Ipsilateral sagittal hippocampus section of wild type mouse infected with AAVrh8ï¿½CaMKIIaï¿½ChR2ï¿½YFP in the superficial lateral entorhinal cortex (LEC). Tissue stained for calbindin (white), RGS14 (red) and DAPI (blue) and ChR2ï¿½YFP (green) expression. Both LECIII (terminating in SLM of CA1) and LECII fibers (terminating in DG, CA3 and CA2) can be seen. LEC infection is confirmed by expression of YFP in the outer oneï¿½third of the dendrites of the DG. Note: the distribution of the YFPï¿½positive LECIII fibers in CA1ï¿½SLM does not reach the proximal end of CA1. Note that YFPï¿½labeled LECII fibers overlap with RGS14ï¿½positive CA2 region.<br><b>f,</b> Contralateral sagittal hippocampal section of mouse depicted in (e) with same staining as (e). On the contralateral side, no LECII fibers can be seen, and LECIII fibers only reach the distal regions of CA1, far away from the RGS14 signal.","Fig. S10",NULL,NULL,NULL,NULL,24336151,0,"ECIII?CA1;ECII?DG/CA2/CA3",NULL,"3100411.png",NULL
3100411,6017,NULL,4094,NULL,"<b>Anatomical segregation between two corticoï¿½hippocampal circuits in wildï¿½type mice: ECIII?CA1 and ECII?DG/CA2/CA3.</b><br><b>a,</b> Experimental design depicting the injection of a nonï¿½Creï¿½dependent AAVrh8ï¿½CaMKIIaï¿½ChR2ï¿½YFP into the superficial medial entorhinal area of wild type mouse.<br><b>b,</b> Confocal image of a sagittal slice depicting YFP expression near the injection site in the MEC.<br><b>c,</b> Ipsilateral sagittal hippocampus section of infected mouse depicted in (b). Tissue stained for calbindin (white), RGS14 (red) and with DAPI (blue) and ChR2ï¿½YFP (green) expression. Both MECIII (terminating in CA1ï¿½SLM) and MECII fibers (terminating in DG, CA3 and CA2) can be seen. MECï¿½specific infection is confirmed by distribution of YFP in the middle oneï¿½third of the dendrites of the DG.<br><b>d,</b> Contralateral sagittal hippocampal section of the same mouse in (c) with same staining as (c). On the contralateral side, no MECII fibers can be detected, and MECIII fibers form a sharp boundary with the CA2ï¿½specific RGS14 staining.<br><b>e,</b> Ipsilateral sagittal hippocampus section of wild type mouse infected with AAVrh8ï¿½CaMKIIaï¿½ChR2ï¿½YFP in the superficial lateral entorhinal cortex (LEC). Tissue stained for calbindin (white), RGS14 (red) and DAPI (blue) and ChR2ï¿½YFP (green) expression. Both LECIII (terminating in SLM of CA1) and LECII fibers (terminating in DG, CA3 and CA2) can be seen. LEC infection is confirmed by expression of YFP in the outer oneï¿½third of the dendrites of the DG. Note: the distribution of the YFPï¿½positive LECIII fibers in CA1ï¿½SLM does not reach the proximal end of CA1. Note that YFPï¿½labeled LECII fibers overlap with RGS14ï¿½positive CA2 region.<br><b>f,</b> Contralateral sagittal hippocampal section of mouse depicted in (e) with same staining as (e). On the contralateral side, no LECII fibers can be seen, and LECIII fibers only reach the distal regions of CA1, far away from the RGS14 signal.","Fig. S10",NULL,NULL,NULL,NULL,24336151,0,"ECIII?CA1;ECII?DG/CA2/CA3",NULL,"3100411.png",NULL
3100411,6017,NULL,4054,NULL,"<b>Anatomical segregation between two corticoï¿½hippocampal circuits in wildï¿½type mice: ECIII?CA1 and ECII?DG/CA2/CA3.</b><br><b>a,</b> Experimental design depicting the injection of a nonï¿½Creï¿½dependent AAVrh8ï¿½CaMKIIaï¿½ChR2ï¿½YFP into the superficial medial entorhinal area of wild type mouse.<br><b>b,</b> Confocal image of a sagittal slice depicting YFP expression near the injection site in the MEC.<br><b>c,</b> Ipsilateral sagittal hippocampus section of infected mouse depicted in (b). Tissue stained for calbindin (white), RGS14 (red) and with DAPI (blue) and ChR2ï¿½YFP (green) expression. Both MECIII (terminating in CA1ï¿½SLM) and MECII fibers (terminating in DG, CA3 and CA2) can be seen. MECï¿½specific infection is confirmed by distribution of YFP in the middle oneï¿½third of the dendrites of the DG.<br><b>d,</b> Contralateral sagittal hippocampal section of the same mouse in (c) with same staining as (c). On the contralateral side, no MECII fibers can be detected, and MECIII fibers form a sharp boundary with the CA2ï¿½specific RGS14 staining.<br><b>e,</b> Ipsilateral sagittal hippocampus section of wild type mouse infected with AAVrh8ï¿½CaMKIIaï¿½ChR2ï¿½YFP in the superficial lateral entorhinal cortex (LEC). Tissue stained for calbindin (white), RGS14 (red) and DAPI (blue) and ChR2ï¿½YFP (green) expression. Both LECIII (terminating in SLM of CA1) and LECII fibers (terminating in DG, CA3 and CA2) can be seen. LEC infection is confirmed by expression of YFP in the outer oneï¿½third of the dendrites of the DG. Note: the distribution of the YFPï¿½positive LECIII fibers in CA1ï¿½SLM does not reach the proximal end of CA1. Note that YFPï¿½labeled LECII fibers overlap with RGS14ï¿½positive CA2 region.<br><b>f,</b> Contralateral sagittal hippocampal section of mouse depicted in (e) with same staining as (e). On the contralateral side, no LECII fibers can be seen, and LECIII fibers only reach the distal regions of CA1, far away from the RGS14 signal.","Fig. S10",NULL,NULL,NULL,NULL,24336151,0,"ECIII?CA1;ECII?DG/CA2/CA3",NULL,"3100411.png",NULL
3100411,6017,NULL,4036,NULL,"<b>Anatomical segregation between two corticoï¿½hippocampal circuits in wildï¿½type mice: ECIII?CA1 and ECII?DG/CA2/CA3.</b><br><b>a,</b> Experimental design depicting the injection of a nonï¿½Creï¿½dependent AAVrh8ï¿½CaMKIIaï¿½ChR2ï¿½YFP into the superficial medial entorhinal area of wild type mouse.<br><b>b,</b> Confocal image of a sagittal slice depicting YFP expression near the injection site in the MEC.<br><b>c,</b> Ipsilateral sagittal hippocampus section of infected mouse depicted in (b). Tissue stained for calbindin (white), RGS14 (red) and with DAPI (blue) and ChR2ï¿½YFP (green) expression. Both MECIII (terminating in CA1ï¿½SLM) and MECII fibers (terminating in DG, CA3 and CA2) can be seen. MECï¿½specific infection is confirmed by distribution of YFP in the middle oneï¿½third of the dendrites of the DG.<br><b>d,</b> Contralateral sagittal hippocampal section of the same mouse in (c) with same staining as (c). On the contralateral side, no MECII fibers can be detected, and MECIII fibers form a sharp boundary with the CA2ï¿½specific RGS14 staining.<br><b>e,</b> Ipsilateral sagittal hippocampus section of wild type mouse infected with AAVrh8ï¿½CaMKIIaï¿½ChR2ï¿½YFP in the superficial lateral entorhinal cortex (LEC). Tissue stained for calbindin (white), RGS14 (red) and DAPI (blue) and ChR2ï¿½YFP (green) expression. Both LECIII (terminating in SLM of CA1) and LECII fibers (terminating in DG, CA3 and CA2) can be seen. LEC infection is confirmed by expression of YFP in the outer oneï¿½third of the dendrites of the DG. Note: the distribution of the YFPï¿½positive LECIII fibers in CA1ï¿½SLM does not reach the proximal end of CA1. Note that YFPï¿½labeled LECII fibers overlap with RGS14ï¿½positive CA2 region.<br><b>f,</b> Contralateral sagittal hippocampal section of mouse depicted in (e) with same staining as (e). On the contralateral side, no LECII fibers can be seen, and LECIII fibers only reach the distal regions of CA1, far away from the RGS14 signal.","Fig. S10",NULL,NULL,NULL,NULL,24336151,0,"ECIII?CA1;ECII?DG/CA2/CA3",NULL,"3100411.png",NULL
3100411,6017,NULL,4078,NULL,"<b>Anatomical segregation between two corticoï¿½hippocampal circuits in wildï¿½type mice: ECIII?CA1 and ECII?DG/CA2/CA3.</b><br><b>a,</b> Experimental design depicting the injection of a nonï¿½Creï¿½dependent AAVrh8ï¿½CaMKIIaï¿½ChR2ï¿½YFP into the superficial medial entorhinal area of wild type mouse.<br><b>b,</b> Confocal image of a sagittal slice depicting YFP expression near the injection site in the MEC.<br><b>c,</b> Ipsilateral sagittal hippocampus section of infected mouse depicted in (b). Tissue stained for calbindin (white), RGS14 (red) and with DAPI (blue) and ChR2ï¿½YFP (green) expression. Both MECIII (terminating in CA1ï¿½SLM) and MECII fibers (terminating in DG, CA3 and CA2) can be seen. MECï¿½specific infection is confirmed by distribution of YFP in the middle oneï¿½third of the dendrites of the DG.<br><b>d,</b> Contralateral sagittal hippocampal section of the same mouse in (c) with same staining as (c). On the contralateral side, no MECII fibers can be detected, and MECIII fibers form a sharp boundary with the CA2ï¿½specific RGS14 staining.<br><b>e,</b> Ipsilateral sagittal hippocampus section of wild type mouse infected with AAVrh8ï¿½CaMKIIaï¿½ChR2ï¿½YFP in the superficial lateral entorhinal cortex (LEC). Tissue stained for calbindin (white), RGS14 (red) and DAPI (blue) and ChR2ï¿½YFP (green) expression. Both LECIII (terminating in SLM of CA1) and LECII fibers (terminating in DG, CA3 and CA2) can be seen. LEC infection is confirmed by expression of YFP in the outer oneï¿½third of the dendrites of the DG. Note: the distribution of the YFPï¿½positive LECIII fibers in CA1ï¿½SLM does not reach the proximal end of CA1. Note that YFPï¿½labeled LECII fibers overlap with RGS14ï¿½positive CA2 region.<br><b>f,</b> Contralateral sagittal hippocampal section of mouse depicted in (e) with same staining as (e). On the contralateral side, no LECII fibers can be seen, and LECIII fibers only reach the distal regions of CA1, far away from the RGS14 signal.","Fig. S10",NULL,NULL,NULL,NULL,24336151,0,"ECIII?CA1;ECII?DG/CA2/CA3",NULL,"3100411.png",NULL
3100411,6017,NULL,4079,NULL,"<b>Anatomical segregation between two corticoï¿½hippocampal circuits in wildï¿½type mice: ECIII?CA1 and ECII?DG/CA2/CA3.</b><br><b>a,</b> Experimental design depicting the injection of a nonï¿½Creï¿½dependent AAVrh8ï¿½CaMKIIaï¿½ChR2ï¿½YFP into the superficial medial entorhinal area of wild type mouse.<br><b>b,</b> Confocal image of a sagittal slice depicting YFP expression near the injection site in the MEC.<br><b>c,</b> Ipsilateral sagittal hippocampus section of infected mouse depicted in (b). Tissue stained for calbindin (white), RGS14 (red) and with DAPI (blue) and ChR2ï¿½YFP (green) expression. Both MECIII (terminating in CA1ï¿½SLM) and MECII fibers (terminating in DG, CA3 and CA2) can be seen. MECï¿½specific infection is confirmed by distribution of YFP in the middle oneï¿½third of the dendrites of the DG.<br><b>d,</b> Contralateral sagittal hippocampal section of the same mouse in (c) with same staining as (c). On the contralateral side, no MECII fibers can be detected, and MECIII fibers form a sharp boundary with the CA2ï¿½specific RGS14 staining.<br><b>e,</b> Ipsilateral sagittal hippocampus section of wild type mouse infected with AAVrh8ï¿½CaMKIIaï¿½ChR2ï¿½YFP in the superficial lateral entorhinal cortex (LEC). Tissue stained for calbindin (white), RGS14 (red) and DAPI (blue) and ChR2ï¿½YFP (green) expression. Both LECIII (terminating in SLM of CA1) and LECII fibers (terminating in DG, CA3 and CA2) can be seen. LEC infection is confirmed by expression of YFP in the outer oneï¿½third of the dendrites of the DG. Note: the distribution of the YFPï¿½positive LECIII fibers in CA1ï¿½SLM does not reach the proximal end of CA1. Note that YFPï¿½labeled LECII fibers overlap with RGS14ï¿½positive CA2 region.<br><b>f,</b> Contralateral sagittal hippocampal section of mouse depicted in (e) with same staining as (e). On the contralateral side, no LECII fibers can be seen, and LECIII fibers only reach the distal regions of CA1, far away from the RGS14 signal.","Fig. S10",NULL,NULL,NULL,NULL,24336151,0,"ECIII?CA1;ECII?DG/CA2/CA3",NULL,"3100411.png",NULL
3100411,6017,NULL,4022,NULL,"<b>Anatomical segregation between two corticoï¿½hippocampal circuits in wildï¿½type mice: ECIII?CA1 and ECII?DG/CA2/CA3.</b><br><b>a,</b> Experimental design depicting the injection of a nonï¿½Creï¿½dependent AAVrh8ï¿½CaMKIIaï¿½ChR2ï¿½YFP into the superficial medial entorhinal area of wild type mouse.<br><b>b,</b> Confocal image of a sagittal slice depicting YFP expression near the injection site in the MEC.<br><b>c,</b> Ipsilateral sagittal hippocampus section of infected mouse depicted in (b). Tissue stained for calbindin (white), RGS14 (red) and with DAPI (blue) and ChR2ï¿½YFP (green) expression. Both MECIII (terminating in CA1ï¿½SLM) and MECII fibers (terminating in DG, CA3 and CA2) can be seen. MECï¿½specific infection is confirmed by distribution of YFP in the middle oneï¿½third of the dendrites of the DG.<br><b>d,</b> Contralateral sagittal hippocampal section of the same mouse in (c) with same staining as (c). On the contralateral side, no MECII fibers can be detected, and MECIII fibers form a sharp boundary with the CA2ï¿½specific RGS14 staining.<br><b>e,</b> Ipsilateral sagittal hippocampus section of wild type mouse infected with AAVrh8ï¿½CaMKIIaï¿½ChR2ï¿½YFP in the superficial lateral entorhinal cortex (LEC). Tissue stained for calbindin (white), RGS14 (red) and DAPI (blue) and ChR2ï¿½YFP (green) expression. Both LECIII (terminating in SLM of CA1) and LECII fibers (terminating in DG, CA3 and CA2) can be seen. LEC infection is confirmed by expression of YFP in the outer oneï¿½third of the dendrites of the DG. Note: the distribution of the YFPï¿½positive LECIII fibers in CA1ï¿½SLM does not reach the proximal end of CA1. Note that YFPï¿½labeled LECII fibers overlap with RGS14ï¿½positive CA2 region.<br><b>f,</b> Contralateral sagittal hippocampal section of mouse depicted in (e) with same staining as (e). On the contralateral side, no LECII fibers can be seen, and LECIII fibers only reach the distal regions of CA1, far away from the RGS14 signal.","Fig. S10",NULL,NULL,NULL,NULL,24336151,0,"ECIII?CA1;ECII?DG/CA2/CA3",NULL,"3100411.png",NULL
3100411,6017,NULL,4021,NULL,"<b>Anatomical segregation between two corticoï¿½hippocampal circuits in wildï¿½type mice: ECIII?CA1 and ECII?DG/CA2/CA3.</b><br><b>a,</b> Experimental design depicting the injection of a nonï¿½Creï¿½dependent AAVrh8ï¿½CaMKIIaï¿½ChR2ï¿½YFP into the superficial medial entorhinal area of wild type mouse.<br><b>b,</b> Confocal image of a sagittal slice depicting YFP expression near the injection site in the MEC.<br><b>c,</b> Ipsilateral sagittal hippocampus section of infected mouse depicted in (b). Tissue stained for calbindin (white), RGS14 (red) and with DAPI (blue) and ChR2ï¿½YFP (green) expression. Both MECIII (terminating in CA1ï¿½SLM) and MECII fibers (terminating in DG, CA3 and CA2) can be seen. MECï¿½specific infection is confirmed by distribution of YFP in the middle oneï¿½third of the dendrites of the DG.<br><b>d,</b> Contralateral sagittal hippocampal section of the same mouse in (c) with same staining as (c). On the contralateral side, no MECII fibers can be detected, and MECIII fibers form a sharp boundary with the CA2ï¿½specific RGS14 staining.<br><b>e,</b> Ipsilateral sagittal hippocampus section of wild type mouse infected with AAVrh8ï¿½CaMKIIaï¿½ChR2ï¿½YFP in the superficial lateral entorhinal cortex (LEC). Tissue stained for calbindin (white), RGS14 (red) and DAPI (blue) and ChR2ï¿½YFP (green) expression. Both LECIII (terminating in SLM of CA1) and LECII fibers (terminating in DG, CA3 and CA2) can be seen. LEC infection is confirmed by expression of YFP in the outer oneï¿½third of the dendrites of the DG. Note: the distribution of the YFPï¿½positive LECIII fibers in CA1ï¿½SLM does not reach the proximal end of CA1. Note that YFPï¿½labeled LECII fibers overlap with RGS14ï¿½positive CA2 region.<br><b>f,</b> Contralateral sagittal hippocampal section of mouse depicted in (e) with same staining as (e). On the contralateral side, no LECII fibers can be seen, and LECIII fibers only reach the distal regions of CA1, far away from the RGS14 signal.","Fig. S10",NULL,NULL,NULL,NULL,24336151,0,"ECIII?CA1;ECII?DG/CA2/CA3",NULL,"3100411.png",NULL
3100411,6017,NULL,4056,NULL,"<b>Anatomical segregation between two corticoï¿½hippocampal circuits in wildï¿½type mice: ECIII?CA1 and ECII?DG/CA2/CA3.</b><br><b>a,</b> Experimental design depicting the injection of a nonï¿½Creï¿½dependent AAVrh8ï¿½CaMKIIaï¿½ChR2ï¿½YFP into the superficial medial entorhinal area of wild type mouse.<br><b>b,</b> Confocal image of a sagittal slice depicting YFP expression near the injection site in the MEC.<br><b>c,</b> Ipsilateral sagittal hippocampus section of infected mouse depicted in (b). Tissue stained for calbindin (white), RGS14 (red) and with DAPI (blue) and ChR2ï¿½YFP (green) expression. Both MECIII (terminating in CA1ï¿½SLM) and MECII fibers (terminating in DG, CA3 and CA2) can be seen. MECï¿½specific infection is confirmed by distribution of YFP in the middle oneï¿½third of the dendrites of the DG.<br><b>d,</b> Contralateral sagittal hippocampal section of the same mouse in (c) with same staining as (c). On the contralateral side, no MECII fibers can be detected, and MECIII fibers form a sharp boundary with the CA2ï¿½specific RGS14 staining.<br><b>e,</b> Ipsilateral sagittal hippocampus section of wild type mouse infected with AAVrh8ï¿½CaMKIIaï¿½ChR2ï¿½YFP in the superficial lateral entorhinal cortex (LEC). Tissue stained for calbindin (white), RGS14 (red) and DAPI (blue) and ChR2ï¿½YFP (green) expression. Both LECIII (terminating in SLM of CA1) and LECII fibers (terminating in DG, CA3 and CA2) can be seen. LEC infection is confirmed by expression of YFP in the outer oneï¿½third of the dendrites of the DG. Note: the distribution of the YFPï¿½positive LECIII fibers in CA1ï¿½SLM does not reach the proximal end of CA1. Note that YFPï¿½labeled LECII fibers overlap with RGS14ï¿½positive CA2 region.<br><b>f,</b> Contralateral sagittal hippocampal section of mouse depicted in (e) with same staining as (e). On the contralateral side, no LECII fibers can be seen, and LECIII fibers only reach the distal regions of CA1, far away from the RGS14 signal.","Fig. S10",NULL,NULL,NULL,NULL,24336151,0,"ECIII?CA1;ECII?DG/CA2/CA3",NULL,"3100411.png",NULL
3100411,6017,NULL,4020,NULL,"<b>Anatomical segregation between two corticoï¿½hippocampal circuits in wildï¿½type mice: ECIII?CA1 and ECII?DG/CA2/CA3.</b><br><b>a,</b> Experimental design depicting the injection of a nonï¿½Creï¿½dependent AAVrh8ï¿½CaMKIIaï¿½ChR2ï¿½YFP into the superficial medial entorhinal area of wild type mouse.<br><b>b,</b> Confocal image of a sagittal slice depicting YFP expression near the injection site in the MEC.<br><b>c,</b> Ipsilateral sagittal hippocampus section of infected mouse depicted in (b). Tissue stained for calbindin (white), RGS14 (red) and with DAPI (blue) and ChR2ï¿½YFP (green) expression. Both MECIII (terminating in CA1ï¿½SLM) and MECII fibers (terminating in DG, CA3 and CA2) can be seen. MECï¿½specific infection is confirmed by distribution of YFP in the middle oneï¿½third of the dendrites of the DG.<br><b>d,</b> Contralateral sagittal hippocampal section of the same mouse in (c) with same staining as (c). On the contralateral side, no MECII fibers can be detected, and MECIII fibers form a sharp boundary with the CA2ï¿½specific RGS14 staining.<br><b>e,</b> Ipsilateral sagittal hippocampus section of wild type mouse infected with AAVrh8ï¿½CaMKIIaï¿½ChR2ï¿½YFP in the superficial lateral entorhinal cortex (LEC). Tissue stained for calbindin (white), RGS14 (red) and DAPI (blue) and ChR2ï¿½YFP (green) expression. Both LECIII (terminating in SLM of CA1) and LECII fibers (terminating in DG, CA3 and CA2) can be seen. LEC infection is confirmed by expression of YFP in the outer oneï¿½third of the dendrites of the DG. Note: the distribution of the YFPï¿½positive LECIII fibers in CA1ï¿½SLM does not reach the proximal end of CA1. Note that YFPï¿½labeled LECII fibers overlap with RGS14ï¿½positive CA2 region.<br><b>f,</b> Contralateral sagittal hippocampal section of mouse depicted in (e) with same staining as (e). On the contralateral side, no LECII fibers can be seen, and LECIII fibers only reach the distal regions of CA1, far away from the RGS14 signal.","Fig. S10",NULL,NULL,NULL,NULL,24336151,0,"ECIII?CA1;ECII?DG/CA2/CA3",NULL,"3100411.png",NULL
3100411,6017,NULL,4005,NULL,"<b>Anatomical segregation between two corticoï¿½hippocampal circuits in wildï¿½type mice: ECIII?CA1 and ECII?DG/CA2/CA3.</b><br><b>a,</b> Experimental design depicting the injection of a nonï¿½Creï¿½dependent AAVrh8ï¿½CaMKIIaï¿½ChR2ï¿½YFP into the superficial medial entorhinal area of wild type mouse.<br><b>b,</b> Confocal image of a sagittal slice depicting YFP expression near the injection site in the MEC.<br><b>c,</b> Ipsilateral sagittal hippocampus section of infected mouse depicted in (b). Tissue stained for calbindin (white), RGS14 (red) and with DAPI (blue) and ChR2ï¿½YFP (green) expression. Both MECIII (terminating in CA1ï¿½SLM) and MECII fibers (terminating in DG, CA3 and CA2) can be seen. MECï¿½specific infection is confirmed by distribution of YFP in the middle oneï¿½third of the dendrites of the DG.<br><b>d,</b> Contralateral sagittal hippocampal section of the same mouse in (c) with same staining as (c). On the contralateral side, no MECII fibers can be detected, and MECIII fibers form a sharp boundary with the CA2ï¿½specific RGS14 staining.<br><b>e,</b> Ipsilateral sagittal hippocampus section of wild type mouse infected with AAVrh8ï¿½CaMKIIaï¿½ChR2ï¿½YFP in the superficial lateral entorhinal cortex (LEC). Tissue stained for calbindin (white), RGS14 (red) and DAPI (blue) and ChR2ï¿½YFP (green) expression. Both LECIII (terminating in SLM of CA1) and LECII fibers (terminating in DG, CA3 and CA2) can be seen. LEC infection is confirmed by expression of YFP in the outer oneï¿½third of the dendrites of the DG. Note: the distribution of the YFPï¿½positive LECIII fibers in CA1ï¿½SLM does not reach the proximal end of CA1. Note that YFPï¿½labeled LECII fibers overlap with RGS14ï¿½positive CA2 region.<br><b>f,</b> Contralateral sagittal hippocampal section of mouse depicted in (e) with same staining as (e). On the contralateral side, no LECII fibers can be seen, and LECIII fibers only reach the distal regions of CA1, far away from the RGS14 signal.","Fig. S10",NULL,NULL,NULL,NULL,24336151,0,"ECIII?CA1;ECII?DG/CA2/CA3",NULL,"3100411.png",NULL
3100411,6017,NULL,4004,NULL,"<b>Anatomical segregation between two corticoï¿½hippocampal circuits in wildï¿½type mice: ECIII?CA1 and ECII?DG/CA2/CA3.</b><br><b>a,</b> Experimental design depicting the injection of a nonï¿½Creï¿½dependent AAVrh8ï¿½CaMKIIaï¿½ChR2ï¿½YFP into the superficial medial entorhinal area of wild type mouse.<br><b>b,</b> Confocal image of a sagittal slice depicting YFP expression near the injection site in the MEC.<br><b>c,</b> Ipsilateral sagittal hippocampus section of infected mouse depicted in (b). Tissue stained for calbindin (white), RGS14 (red) and with DAPI (blue) and ChR2ï¿½YFP (green) expression. Both MECIII (terminating in CA1ï¿½SLM) and MECII fibers (terminating in DG, CA3 and CA2) can be seen. MECï¿½specific infection is confirmed by distribution of YFP in the middle oneï¿½third of the dendrites of the DG.<br><b>d,</b> Contralateral sagittal hippocampal section of the same mouse in (c) with same staining as (c). On the contralateral side, no MECII fibers can be detected, and MECIII fibers form a sharp boundary with the CA2ï¿½specific RGS14 staining.<br><b>e,</b> Ipsilateral sagittal hippocampus section of wild type mouse infected with AAVrh8ï¿½CaMKIIaï¿½ChR2ï¿½YFP in the superficial lateral entorhinal cortex (LEC). Tissue stained for calbindin (white), RGS14 (red) and DAPI (blue) and ChR2ï¿½YFP (green) expression. Both LECIII (terminating in SLM of CA1) and LECII fibers (terminating in DG, CA3 and CA2) can be seen. LEC infection is confirmed by expression of YFP in the outer oneï¿½third of the dendrites of the DG. Note: the distribution of the YFPï¿½positive LECIII fibers in CA1ï¿½SLM does not reach the proximal end of CA1. Note that YFPï¿½labeled LECII fibers overlap with RGS14ï¿½positive CA2 region.<br><b>f,</b> Contralateral sagittal hippocampal section of mouse depicted in (e) with same staining as (e). On the contralateral side, no LECII fibers can be seen, and LECIII fibers only reach the distal regions of CA1, far away from the RGS14 signal.","Fig. S10",NULL,NULL,NULL,NULL,24336151,0,"ECIII?CA1;ECII?DG/CA2/CA3",NULL,"3100411.png",NULL
3100411,6017,NULL,4012,NULL,"<b>Anatomical segregation between two corticoï¿½hippocampal circuits in wildï¿½type mice: ECIII?CA1 and ECII?DG/CA2/CA3.</b><br><b>a,</b> Experimental design depicting the injection of a nonï¿½Creï¿½dependent AAVrh8ï¿½CaMKIIaï¿½ChR2ï¿½YFP into the superficial medial entorhinal area of wild type mouse.<br><b>b,</b> Confocal image of a sagittal slice depicting YFP expression near the injection site in the MEC.<br><b>c,</b> Ipsilateral sagittal hippocampus section of infected mouse depicted in (b). Tissue stained for calbindin (white), RGS14 (red) and with DAPI (blue) and ChR2ï¿½YFP (green) expression. Both MECIII (terminating in CA1ï¿½SLM) and MECII fibers (terminating in DG, CA3 and CA2) can be seen. MECï¿½specific infection is confirmed by distribution of YFP in the middle oneï¿½third of the dendrites of the DG.<br><b>d,</b> Contralateral sagittal hippocampal section of the same mouse in (c) with same staining as (c). On the contralateral side, no MECII fibers can be detected, and MECIII fibers form a sharp boundary with the CA2ï¿½specific RGS14 staining.<br><b>e,</b> Ipsilateral sagittal hippocampus section of wild type mouse infected with AAVrh8ï¿½CaMKIIaï¿½ChR2ï¿½YFP in the superficial lateral entorhinal cortex (LEC). Tissue stained for calbindin (white), RGS14 (red) and DAPI (blue) and ChR2ï¿½YFP (green) expression. Both LECIII (terminating in SLM of CA1) and LECII fibers (terminating in DG, CA3 and CA2) can be seen. LEC infection is confirmed by expression of YFP in the outer oneï¿½third of the dendrites of the DG. Note: the distribution of the YFPï¿½positive LECIII fibers in CA1ï¿½SLM does not reach the proximal end of CA1. Note that YFPï¿½labeled LECII fibers overlap with RGS14ï¿½positive CA2 region.<br><b>f,</b> Contralateral sagittal hippocampal section of mouse depicted in (e) with same staining as (e). On the contralateral side, no LECII fibers can be seen, and LECIII fibers only reach the distal regions of CA1, far away from the RGS14 signal.","Fig. S10",NULL,NULL,NULL,NULL,24336151,0,"ECIII?CA1;ECII?DG/CA2/CA3",NULL,"3100411.png",NULL
3100411,6017,NULL,4011,NULL,"<b>Anatomical segregation between two corticoï¿½hippocampal circuits in wildï¿½type mice: ECIII?CA1 and ECII?DG/CA2/CA3.</b><br><b>a,</b> Experimental design depicting the injection of a nonï¿½Creï¿½dependent AAVrh8ï¿½CaMKIIaï¿½ChR2ï¿½YFP into the superficial medial entorhinal area of wild type mouse.<br><b>b,</b> Confocal image of a sagittal slice depicting YFP expression near the injection site in the MEC.<br><b>c,</b> Ipsilateral sagittal hippocampus section of infected mouse depicted in (b). Tissue stained for calbindin (white), RGS14 (red) and with DAPI (blue) and ChR2ï¿½YFP (green) expression. Both MECIII (terminating in CA1ï¿½SLM) and MECII fibers (terminating in DG, CA3 and CA2) can be seen. MECï¿½specific infection is confirmed by distribution of YFP in the middle oneï¿½third of the dendrites of the DG.<br><b>d,</b> Contralateral sagittal hippocampal section of the same mouse in (c) with same staining as (c). On the contralateral side, no MECII fibers can be detected, and MECIII fibers form a sharp boundary with the CA2ï¿½specific RGS14 staining.<br><b>e,</b> Ipsilateral sagittal hippocampus section of wild type mouse infected with AAVrh8ï¿½CaMKIIaï¿½ChR2ï¿½YFP in the superficial lateral entorhinal cortex (LEC). Tissue stained for calbindin (white), RGS14 (red) and DAPI (blue) and ChR2ï¿½YFP (green) expression. Both LECIII (terminating in SLM of CA1) and LECII fibers (terminating in DG, CA3 and CA2) can be seen. LEC infection is confirmed by expression of YFP in the outer oneï¿½third of the dendrites of the DG. Note: the distribution of the YFPï¿½positive LECIII fibers in CA1ï¿½SLM does not reach the proximal end of CA1. Note that YFPï¿½labeled LECII fibers overlap with RGS14ï¿½positive CA2 region.<br><b>f,</b> Contralateral sagittal hippocampal section of mouse depicted in (e) with same staining as (e). On the contralateral side, no LECII fibers can be seen, and LECIII fibers only reach the distal regions of CA1, far away from the RGS14 signal.","Fig. S10",NULL,NULL,NULL,NULL,24336151,0,"ECIII?CA1;ECII?DG/CA2/CA3",NULL,"3100411.png",NULL
3100411,6017,NULL,4055,NULL,"<b>Anatomical segregation between two corticoï¿½hippocampal circuits in wildï¿½type mice: ECIII?CA1 and ECII?DG/CA2/CA3.</b><br><b>a,</b> Experimental design depicting the injection of a nonï¿½Creï¿½dependent AAVrh8ï¿½CaMKIIaï¿½ChR2ï¿½YFP into the superficial medial entorhinal area of wild type mouse.<br><b>b,</b> Confocal image of a sagittal slice depicting YFP expression near the injection site in the MEC.<br><b>c,</b> Ipsilateral sagittal hippocampus section of infected mouse depicted in (b). Tissue stained for calbindin (white), RGS14 (red) and with DAPI (blue) and ChR2ï¿½YFP (green) expression. Both MECIII (terminating in CA1ï¿½SLM) and MECII fibers (terminating in DG, CA3 and CA2) can be seen. MECï¿½specific infection is confirmed by distribution of YFP in the middle oneï¿½third of the dendrites of the DG.<br><b>d,</b> Contralateral sagittal hippocampal section of the same mouse in (c) with same staining as (c). On the contralateral side, no MECII fibers can be detected, and MECIII fibers form a sharp boundary with the CA2ï¿½specific RGS14 staining.<br><b>e,</b> Ipsilateral sagittal hippocampus section of wild type mouse infected with AAVrh8ï¿½CaMKIIaï¿½ChR2ï¿½YFP in the superficial lateral entorhinal cortex (LEC). Tissue stained for calbindin (white), RGS14 (red) and DAPI (blue) and ChR2ï¿½YFP (green) expression. Both LECIII (terminating in SLM of CA1) and LECII fibers (terminating in DG, CA3 and CA2) can be seen. LEC infection is confirmed by expression of YFP in the outer oneï¿½third of the dendrites of the DG. Note: the distribution of the YFPï¿½positive LECIII fibers in CA1ï¿½SLM does not reach the proximal end of CA1. Note that YFPï¿½labeled LECII fibers overlap with RGS14ï¿½positive CA2 region.<br><b>f,</b> Contralateral sagittal hippocampal section of mouse depicted in (e) with same staining as (e). On the contralateral side, no LECII fibers can be seen, and LECIII fibers only reach the distal regions of CA1, far away from the RGS14 signal.","Fig. S10",NULL,NULL,NULL,NULL,24336151,0,"ECIII?CA1;ECII?DG/CA2/CA3",NULL,"3100411.png",NULL
3100411,6017,NULL,4006,NULL,"<b>Anatomical segregation between two corticoï¿½hippocampal circuits in wildï¿½type mice: ECIII?CA1 and ECII?DG/CA2/CA3.</b><br><b>a,</b> Experimental design depicting the injection of a nonï¿½Creï¿½dependent AAVrh8ï¿½CaMKIIaï¿½ChR2ï¿½YFP into the superficial medial entorhinal area of wild type mouse.<br><b>b,</b> Confocal image of a sagittal slice depicting YFP expression near the injection site in the MEC.<br><b>c,</b> Ipsilateral sagittal hippocampus section of infected mouse depicted in (b). Tissue stained for calbindin (white), RGS14 (red) and with DAPI (blue) and ChR2ï¿½YFP (green) expression. Both MECIII (terminating in CA1ï¿½SLM) and MECII fibers (terminating in DG, CA3 and CA2) can be seen. MECï¿½specific infection is confirmed by distribution of YFP in the middle oneï¿½third of the dendrites of the DG.<br><b>d,</b> Contralateral sagittal hippocampal section of the same mouse in (c) with same staining as (c). On the contralateral side, no MECII fibers can be detected, and MECIII fibers form a sharp boundary with the CA2ï¿½specific RGS14 staining.<br><b>e,</b> Ipsilateral sagittal hippocampus section of wild type mouse infected with AAVrh8ï¿½CaMKIIaï¿½ChR2ï¿½YFP in the superficial lateral entorhinal cortex (LEC). Tissue stained for calbindin (white), RGS14 (red) and DAPI (blue) and ChR2ï¿½YFP (green) expression. Both LECIII (terminating in SLM of CA1) and LECII fibers (terminating in DG, CA3 and CA2) can be seen. LEC infection is confirmed by expression of YFP in the outer oneï¿½third of the dendrites of the DG. Note: the distribution of the YFPï¿½positive LECIII fibers in CA1ï¿½SLM does not reach the proximal end of CA1. Note that YFPï¿½labeled LECII fibers overlap with RGS14ï¿½positive CA2 region.<br><b>f,</b> Contralateral sagittal hippocampal section of mouse depicted in (e) with same staining as (e). On the contralateral side, no LECII fibers can be seen, and LECIII fibers only reach the distal regions of CA1, far away from the RGS14 signal.","Fig. S10",NULL,NULL,NULL,NULL,24336151,0,"ECIII?CA1;ECII?DG/CA2/CA3",NULL,"3100411.png",NULL
3100411,6017,NULL,4076,NULL,"<b>Anatomical segregation between two corticoï¿½hippocampal circuits in wildï¿½type mice: ECIII?CA1 and ECII?DG/CA2/CA3.</b><br><b>a,</b> Experimental design depicting the injection of a nonï¿½Creï¿½dependent AAVrh8ï¿½CaMKIIaï¿½ChR2ï¿½YFP into the superficial medial entorhinal area of wild type mouse.<br><b>b,</b> Confocal image of a sagittal slice depicting YFP expression near the injection site in the MEC.<br><b>c,</b> Ipsilateral sagittal hippocampus section of infected mouse depicted in (b). Tissue stained for calbindin (white), RGS14 (red) and with DAPI (blue) and ChR2ï¿½YFP (green) expression. Both MECIII (terminating in CA1ï¿½SLM) and MECII fibers (terminating in DG, CA3 and CA2) can be seen. MECï¿½specific infection is confirmed by distribution of YFP in the middle oneï¿½third of the dendrites of the DG.<br><b>d,</b> Contralateral sagittal hippocampal section of the same mouse in (c) with same staining as (c). On the contralateral side, no MECII fibers can be detected, and MECIII fibers form a sharp boundary with the CA2ï¿½specific RGS14 staining.<br><b>e,</b> Ipsilateral sagittal hippocampus section of wild type mouse infected with AAVrh8ï¿½CaMKIIaï¿½ChR2ï¿½YFP in the superficial lateral entorhinal cortex (LEC). Tissue stained for calbindin (white), RGS14 (red) and DAPI (blue) and ChR2ï¿½YFP (green) expression. Both LECIII (terminating in SLM of CA1) and LECII fibers (terminating in DG, CA3 and CA2) can be seen. LEC infection is confirmed by expression of YFP in the outer oneï¿½third of the dendrites of the DG. Note: the distribution of the YFPï¿½positive LECIII fibers in CA1ï¿½SLM does not reach the proximal end of CA1. Note that YFPï¿½labeled LECII fibers overlap with RGS14ï¿½positive CA2 region.<br><b>f,</b> Contralateral sagittal hippocampal section of mouse depicted in (e) with same staining as (e). On the contralateral side, no LECII fibers can be seen, and LECIII fibers only reach the distal regions of CA1, far away from the RGS14 signal.","Fig. S10",NULL,NULL,NULL,NULL,24336151,0,"ECIII?CA1;ECII?DG/CA2/CA3",NULL,"3100411.png",NULL
3100411,6017,NULL,4003,NULL,"<b>Anatomical segregation between two corticoï¿½hippocampal circuits in wildï¿½type mice: ECIII?CA1 and ECII?DG/CA2/CA3.</b><br><b>a,</b> Experimental design depicting the injection of a nonï¿½Creï¿½dependent AAVrh8ï¿½CaMKIIaï¿½ChR2ï¿½YFP into the superficial medial entorhinal area of wild type mouse.<br><b>b,</b> Confocal image of a sagittal slice depicting YFP expression near the injection site in the MEC.<br><b>c,</b> Ipsilateral sagittal hippocampus section of infected mouse depicted in (b). Tissue stained for calbindin (white), RGS14 (red) and with DAPI (blue) and ChR2ï¿½YFP (green) expression. Both MECIII (terminating in CA1ï¿½SLM) and MECII fibers (terminating in DG, CA3 and CA2) can be seen. MECï¿½specific infection is confirmed by distribution of YFP in the middle oneï¿½third of the dendrites of the DG.<br><b>d,</b> Contralateral sagittal hippocampal section of the same mouse in (c) with same staining as (c). On the contralateral side, no MECII fibers can be detected, and MECIII fibers form a sharp boundary with the CA2ï¿½specific RGS14 staining.<br><b>e,</b> Ipsilateral sagittal hippocampus section of wild type mouse infected with AAVrh8ï¿½CaMKIIaï¿½ChR2ï¿½YFP in the superficial lateral entorhinal cortex (LEC). Tissue stained for calbindin (white), RGS14 (red) and DAPI (blue) and ChR2ï¿½YFP (green) expression. Both LECIII (terminating in SLM of CA1) and LECII fibers (terminating in DG, CA3 and CA2) can be seen. LEC infection is confirmed by expression of YFP in the outer oneï¿½third of the dendrites of the DG. Note: the distribution of the YFPï¿½positive LECIII fibers in CA1ï¿½SLM does not reach the proximal end of CA1. Note that YFPï¿½labeled LECII fibers overlap with RGS14ï¿½positive CA2 region.<br><b>f,</b> Contralateral sagittal hippocampal section of mouse depicted in (e) with same staining as (e). On the contralateral side, no LECII fibers can be seen, and LECIII fibers only reach the distal regions of CA1, far away from the RGS14 signal.","Fig. S10",NULL,NULL,NULL,NULL,24336151,0,"ECIII?CA1;ECII?DG/CA2/CA3",NULL,"3100411.png",NULL
3100411,6017,NULL,4015,NULL,"<b>Anatomical segregation between two corticoï¿½hippocampal circuits in wildï¿½type mice: ECIII?CA1 and ECII?DG/CA2/CA3.</b><br><b>a,</b> Experimental design depicting the injection of a nonï¿½Creï¿½dependent AAVrh8ï¿½CaMKIIaï¿½ChR2ï¿½YFP into the superficial medial entorhinal area of wild type mouse.<br><b>b,</b> Confocal image of a sagittal slice depicting YFP expression near the injection site in the MEC.<br><b>c,</b> Ipsilateral sagittal hippocampus section of infected mouse depicted in (b). Tissue stained for calbindin (white), RGS14 (red) and with DAPI (blue) and ChR2ï¿½YFP (green) expression. Both MECIII (terminating in CA1ï¿½SLM) and MECII fibers (terminating in DG, CA3 and CA2) can be seen. MECï¿½specific infection is confirmed by distribution of YFP in the middle oneï¿½third of the dendrites of the DG.<br><b>d,</b> Contralateral sagittal hippocampal section of the same mouse in (c) with same staining as (c). On the contralateral side, no MECII fibers can be detected, and MECIII fibers form a sharp boundary with the CA2ï¿½specific RGS14 staining.<br><b>e,</b> Ipsilateral sagittal hippocampus section of wild type mouse infected with AAVrh8ï¿½CaMKIIaï¿½ChR2ï¿½YFP in the superficial lateral entorhinal cortex (LEC). Tissue stained for calbindin (white), RGS14 (red) and DAPI (blue) and ChR2ï¿½YFP (green) expression. Both LECIII (terminating in SLM of CA1) and LECII fibers (terminating in DG, CA3 and CA2) can be seen. LEC infection is confirmed by expression of YFP in the outer oneï¿½third of the dendrites of the DG. Note: the distribution of the YFPï¿½positive LECIII fibers in CA1ï¿½SLM does not reach the proximal end of CA1. Note that YFPï¿½labeled LECII fibers overlap with RGS14ï¿½positive CA2 region.<br><b>f,</b> Contralateral sagittal hippocampal section of mouse depicted in (e) with same staining as (e). On the contralateral side, no LECII fibers can be seen, and LECIII fibers only reach the distal regions of CA1, far away from the RGS14 signal.","Fig. S10",NULL,NULL,NULL,NULL,24336151,0,"ECIII?CA1;ECII?DG/CA2/CA3",NULL,"3100411.png",NULL
3100411,6017,NULL,4013,NULL,"<b>Anatomical segregation between two corticoï¿½hippocampal circuits in wildï¿½type mice: ECIII?CA1 and ECII?DG/CA2/CA3.</b><br><b>a,</b> Experimental design depicting the injection of a nonï¿½Creï¿½dependent AAVrh8ï¿½CaMKIIaï¿½ChR2ï¿½YFP into the superficial medial entorhinal area of wild type mouse.<br><b>b,</b> Confocal image of a sagittal slice depicting YFP expression near the injection site in the MEC.<br><b>c,</b> Ipsilateral sagittal hippocampus section of infected mouse depicted in (b). Tissue stained for calbindin (white), RGS14 (red) and with DAPI (blue) and ChR2ï¿½YFP (green) expression. Both MECIII (terminating in CA1ï¿½SLM) and MECII fibers (terminating in DG, CA3 and CA2) can be seen. MECï¿½specific infection is confirmed by distribution of YFP in the middle oneï¿½third of the dendrites of the DG.<br><b>d,</b> Contralateral sagittal hippocampal section of the same mouse in (c) with same staining as (c). On the contralateral side, no MECII fibers can be detected, and MECIII fibers form a sharp boundary with the CA2ï¿½specific RGS14 staining.<br><b>e,</b> Ipsilateral sagittal hippocampus section of wild type mouse infected with AAVrh8ï¿½CaMKIIaï¿½ChR2ï¿½YFP in the superficial lateral entorhinal cortex (LEC). Tissue stained for calbindin (white), RGS14 (red) and DAPI (blue) and ChR2ï¿½YFP (green) expression. Both LECIII (terminating in SLM of CA1) and LECII fibers (terminating in DG, CA3 and CA2) can be seen. LEC infection is confirmed by expression of YFP in the outer oneï¿½third of the dendrites of the DG. Note: the distribution of the YFPï¿½positive LECIII fibers in CA1ï¿½SLM does not reach the proximal end of CA1. Note that YFPï¿½labeled LECII fibers overlap with RGS14ï¿½positive CA2 region.<br><b>f,</b> Contralateral sagittal hippocampal section of mouse depicted in (e) with same staining as (e). On the contralateral side, no LECII fibers can be seen, and LECIII fibers only reach the distal regions of CA1, far away from the RGS14 signal.","Fig. S10",NULL,NULL,NULL,NULL,24336151,0,"ECIII?CA1;ECII?DG/CA2/CA3",NULL,"3100411.png",NULL
3100411,6092,NULL,4000,NULL,"<b>Anatomical segregation between two corticoï¿½hippocampal circuits in wildï¿½type mice: ECIII?CA1 and ECII?DG/CA2/CA3.</b><br><b>a,</b> Experimental design depicting the injection of a nonï¿½Creï¿½dependent AAVrh8ï¿½CaMKIIaï¿½ChR2ï¿½YFP into the superficial medial entorhinal area of wild type mouse.<br><b>b,</b> Confocal image of a sagittal slice depicting YFP expression near the injection site in the MEC.<br><b>c,</b> Ipsilateral sagittal hippocampus section of infected mouse depicted in (b). Tissue stained for calbindin (white), RGS14 (red) and with DAPI (blue) and ChR2ï¿½YFP (green) expression. Both MECIII (terminating in CA1ï¿½SLM) and MECII fibers (terminating in DG, CA3 and CA2) can be seen. MECï¿½specific infection is confirmed by distribution of YFP in the middle oneï¿½third of the dendrites of the DG.<br><b>d,</b> Contralateral sagittal hippocampal section of the same mouse in (c) with same staining as (c). On the contralateral side, no MECII fibers can be detected, and MECIII fibers form a sharp boundary with the CA2ï¿½specific RGS14 staining.<br><b>e,</b> Ipsilateral sagittal hippocampus section of wild type mouse infected with AAVrh8ï¿½CaMKIIaï¿½ChR2ï¿½YFP in the superficial lateral entorhinal cortex (LEC). Tissue stained for calbindin (white), RGS14 (red) and DAPI (blue) and ChR2ï¿½YFP (green) expression. Both LECIII (terminating in SLM of CA1) and LECII fibers (terminating in DG, CA3 and CA2) can be seen. LEC infection is confirmed by expression of YFP in the outer oneï¿½third of the dendrites of the DG. Note: the distribution of the YFPï¿½positive LECIII fibers in CA1ï¿½SLM does not reach the proximal end of CA1. Note that YFPï¿½labeled LECII fibers overlap with RGS14ï¿½positive CA2 region.<br><b>f,</b> Contralateral sagittal hippocampal section of mouse depicted in (e) with same staining as (e). On the contralateral side, no LECII fibers can be seen, and LECIII fibers only reach the distal regions of CA1, far away from the RGS14 signal.","Fig. S10",NULL,NULL,NULL,NULL,24336151,0,"ECIII?CA1;ECII?DG/CA2/CA3",NULL,"3100411.png",NULL
3100411,6092,NULL,4094,NULL,"<b>Anatomical segregation between two corticoï¿½hippocampal circuits in wildï¿½type mice: ECIII?CA1 and ECII?DG/CA2/CA3.</b><br><b>a,</b> Experimental design depicting the injection of a nonï¿½Creï¿½dependent AAVrh8ï¿½CaMKIIaï¿½ChR2ï¿½YFP into the superficial medial entorhinal area of wild type mouse.<br><b>b,</b> Confocal image of a sagittal slice depicting YFP expression near the injection site in the MEC.<br><b>c,</b> Ipsilateral sagittal hippocampus section of infected mouse depicted in (b). Tissue stained for calbindin (white), RGS14 (red) and with DAPI (blue) and ChR2ï¿½YFP (green) expression. Both MECIII (terminating in CA1ï¿½SLM) and MECII fibers (terminating in DG, CA3 and CA2) can be seen. MECï¿½specific infection is confirmed by distribution of YFP in the middle oneï¿½third of the dendrites of the DG.<br><b>d,</b> Contralateral sagittal hippocampal section of the same mouse in (c) with same staining as (c). On the contralateral side, no MECII fibers can be detected, and MECIII fibers form a sharp boundary with the CA2ï¿½specific RGS14 staining.<br><b>e,</b> Ipsilateral sagittal hippocampus section of wild type mouse infected with AAVrh8ï¿½CaMKIIaï¿½ChR2ï¿½YFP in the superficial lateral entorhinal cortex (LEC). Tissue stained for calbindin (white), RGS14 (red) and DAPI (blue) and ChR2ï¿½YFP (green) expression. Both LECIII (terminating in SLM of CA1) and LECII fibers (terminating in DG, CA3 and CA2) can be seen. LEC infection is confirmed by expression of YFP in the outer oneï¿½third of the dendrites of the DG. Note: the distribution of the YFPï¿½positive LECIII fibers in CA1ï¿½SLM does not reach the proximal end of CA1. Note that YFPï¿½labeled LECII fibers overlap with RGS14ï¿½positive CA2 region.<br><b>f,</b> Contralateral sagittal hippocampal section of mouse depicted in (e) with same staining as (e). On the contralateral side, no LECII fibers can be seen, and LECIII fibers only reach the distal regions of CA1, far away from the RGS14 signal.","Fig. S10",NULL,NULL,NULL,NULL,24336151,0,"ECIII?CA1;ECII?DG/CA2/CA3",NULL,"3100411.png",NULL
3100411,6092,NULL,4054,NULL,"<b>Anatomical segregation between two corticoï¿½hippocampal circuits in wildï¿½type mice: ECIII?CA1 and ECII?DG/CA2/CA3.</b><br><b>a,</b> Experimental design depicting the injection of a nonï¿½Creï¿½dependent AAVrh8ï¿½CaMKIIaï¿½ChR2ï¿½YFP into the superficial medial entorhinal area of wild type mouse.<br><b>b,</b> Confocal image of a sagittal slice depicting YFP expression near the injection site in the MEC.<br><b>c,</b> Ipsilateral sagittal hippocampus section of infected mouse depicted in (b). Tissue stained for calbindin (white), RGS14 (red) and with DAPI (blue) and ChR2ï¿½YFP (green) expression. Both MECIII (terminating in CA1ï¿½SLM) and MECII fibers (terminating in DG, CA3 and CA2) can be seen. MECï¿½specific infection is confirmed by distribution of YFP in the middle oneï¿½third of the dendrites of the DG.<br><b>d,</b> Contralateral sagittal hippocampal section of the same mouse in (c) with same staining as (c). On the contralateral side, no MECII fibers can be detected, and MECIII fibers form a sharp boundary with the CA2ï¿½specific RGS14 staining.<br><b>e,</b> Ipsilateral sagittal hippocampus section of wild type mouse infected with AAVrh8ï¿½CaMKIIaï¿½ChR2ï¿½YFP in the superficial lateral entorhinal cortex (LEC). Tissue stained for calbindin (white), RGS14 (red) and DAPI (blue) and ChR2ï¿½YFP (green) expression. Both LECIII (terminating in SLM of CA1) and LECII fibers (terminating in DG, CA3 and CA2) can be seen. LEC infection is confirmed by expression of YFP in the outer oneï¿½third of the dendrites of the DG. Note: the distribution of the YFPï¿½positive LECIII fibers in CA1ï¿½SLM does not reach the proximal end of CA1. Note that YFPï¿½labeled LECII fibers overlap with RGS14ï¿½positive CA2 region.<br><b>f,</b> Contralateral sagittal hippocampal section of mouse depicted in (e) with same staining as (e). On the contralateral side, no LECII fibers can be seen, and LECIII fibers only reach the distal regions of CA1, far away from the RGS14 signal.","Fig. S10",NULL,NULL,NULL,NULL,24336151,0,"ECIII?CA1;ECII?DG/CA2/CA3",NULL,"3100411.png",NULL
3100411,6092,NULL,4036,NULL,"<b>Anatomical segregation between two corticoï¿½hippocampal circuits in wildï¿½type mice: ECIII?CA1 and ECII?DG/CA2/CA3.</b><br><b>a,</b> Experimental design depicting the injection of a nonï¿½Creï¿½dependent AAVrh8ï¿½CaMKIIaï¿½ChR2ï¿½YFP into the superficial medial entorhinal area of wild type mouse.<br><b>b,</b> Confocal image of a sagittal slice depicting YFP expression near the injection site in the MEC.<br><b>c,</b> Ipsilateral sagittal hippocampus section of infected mouse depicted in (b). Tissue stained for calbindin (white), RGS14 (red) and with DAPI (blue) and ChR2ï¿½YFP (green) expression. Both MECIII (terminating in CA1ï¿½SLM) and MECII fibers (terminating in DG, CA3 and CA2) can be seen. MECï¿½specific infection is confirmed by distribution of YFP in the middle oneï¿½third of the dendrites of the DG.<br><b>d,</b> Contralateral sagittal hippocampal section of the same mouse in (c) with same staining as (c). On the contralateral side, no MECII fibers can be detected, and MECIII fibers form a sharp boundary with the CA2ï¿½specific RGS14 staining.<br><b>e,</b> Ipsilateral sagittal hippocampus section of wild type mouse infected with AAVrh8ï¿½CaMKIIaï¿½ChR2ï¿½YFP in the superficial lateral entorhinal cortex (LEC). Tissue stained for calbindin (white), RGS14 (red) and DAPI (blue) and ChR2ï¿½YFP (green) expression. Both LECIII (terminating in SLM of CA1) and LECII fibers (terminating in DG, CA3 and CA2) can be seen. LEC infection is confirmed by expression of YFP in the outer oneï¿½third of the dendrites of the DG. Note: the distribution of the YFPï¿½positive LECIII fibers in CA1ï¿½SLM does not reach the proximal end of CA1. Note that YFPï¿½labeled LECII fibers overlap with RGS14ï¿½positive CA2 region.<br><b>f,</b> Contralateral sagittal hippocampal section of mouse depicted in (e) with same staining as (e). On the contralateral side, no LECII fibers can be seen, and LECIII fibers only reach the distal regions of CA1, far away from the RGS14 signal.","Fig. S10",NULL,NULL,NULL,NULL,24336151,0,"ECIII?CA1;ECII?DG/CA2/CA3",NULL,"3100411.png",NULL
3100411,6092,NULL,4078,NULL,"<b>Anatomical segregation between two corticoï¿½hippocampal circuits in wildï¿½type mice: ECIII?CA1 and ECII?DG/CA2/CA3.</b><br><b>a,</b> Experimental design depicting the injection of a nonï¿½Creï¿½dependent AAVrh8ï¿½CaMKIIaï¿½ChR2ï¿½YFP into the superficial medial entorhinal area of wild type mouse.<br><b>b,</b> Confocal image of a sagittal slice depicting YFP expression near the injection site in the MEC.<br><b>c,</b> Ipsilateral sagittal hippocampus section of infected mouse depicted in (b). Tissue stained for calbindin (white), RGS14 (red) and with DAPI (blue) and ChR2ï¿½YFP (green) expression. Both MECIII (terminating in CA1ï¿½SLM) and MECII fibers (terminating in DG, CA3 and CA2) can be seen. MECï¿½specific infection is confirmed by distribution of YFP in the middle oneï¿½third of the dendrites of the DG.<br><b>d,</b> Contralateral sagittal hippocampal section of the same mouse in (c) with same staining as (c). On the contralateral side, no MECII fibers can be detected, and MECIII fibers form a sharp boundary with the CA2ï¿½specific RGS14 staining.<br><b>e,</b> Ipsilateral sagittal hippocampus section of wild type mouse infected with AAVrh8ï¿½CaMKIIaï¿½ChR2ï¿½YFP in the superficial lateral entorhinal cortex (LEC). Tissue stained for calbindin (white), RGS14 (red) and DAPI (blue) and ChR2ï¿½YFP (green) expression. Both LECIII (terminating in SLM of CA1) and LECII fibers (terminating in DG, CA3 and CA2) can be seen. LEC infection is confirmed by expression of YFP in the outer oneï¿½third of the dendrites of the DG. Note: the distribution of the YFPï¿½positive LECIII fibers in CA1ï¿½SLM does not reach the proximal end of CA1. Note that YFPï¿½labeled LECII fibers overlap with RGS14ï¿½positive CA2 region.<br><b>f,</b> Contralateral sagittal hippocampal section of mouse depicted in (e) with same staining as (e). On the contralateral side, no LECII fibers can be seen, and LECIII fibers only reach the distal regions of CA1, far away from the RGS14 signal.","Fig. S10",NULL,NULL,NULL,NULL,24336151,0,"ECIII?CA1;ECII?DG/CA2/CA3",NULL,"3100411.png",NULL
3100411,6092,NULL,4079,NULL,"<b>Anatomical segregation between two corticoï¿½hippocampal circuits in wildï¿½type mice: ECIII?CA1 and ECII?DG/CA2/CA3.</b><br><b>a,</b> Experimental design depicting the injection of a nonï¿½Creï¿½dependent AAVrh8ï¿½CaMKIIaï¿½ChR2ï¿½YFP into the superficial medial entorhinal area of wild type mouse.<br><b>b,</b> Confocal image of a sagittal slice depicting YFP expression near the injection site in the MEC.<br><b>c,</b> Ipsilateral sagittal hippocampus section of infected mouse depicted in (b). Tissue stained for calbindin (white), RGS14 (red) and with DAPI (blue) and ChR2ï¿½YFP (green) expression. Both MECIII (terminating in CA1ï¿½SLM) and MECII fibers (terminating in DG, CA3 and CA2) can be seen. MECï¿½specific infection is confirmed by distribution of YFP in the middle oneï¿½third of the dendrites of the DG.<br><b>d,</b> Contralateral sagittal hippocampal section of the same mouse in (c) with same staining as (c). On the contralateral side, no MECII fibers can be detected, and MECIII fibers form a sharp boundary with the CA2ï¿½specific RGS14 staining.<br><b>e,</b> Ipsilateral sagittal hippocampus section of wild type mouse infected with AAVrh8ï¿½CaMKIIaï¿½ChR2ï¿½YFP in the superficial lateral entorhinal cortex (LEC). Tissue stained for calbindin (white), RGS14 (red) and DAPI (blue) and ChR2ï¿½YFP (green) expression. Both LECIII (terminating in SLM of CA1) and LECII fibers (terminating in DG, CA3 and CA2) can be seen. LEC infection is confirmed by expression of YFP in the outer oneï¿½third of the dendrites of the DG. Note: the distribution of the YFPï¿½positive LECIII fibers in CA1ï¿½SLM does not reach the proximal end of CA1. Note that YFPï¿½labeled LECII fibers overlap with RGS14ï¿½positive CA2 region.<br><b>f,</b> Contralateral sagittal hippocampal section of mouse depicted in (e) with same staining as (e). On the contralateral side, no LECII fibers can be seen, and LECIII fibers only reach the distal regions of CA1, far away from the RGS14 signal.","Fig. S10",NULL,NULL,NULL,NULL,24336151,0,"ECIII?CA1;ECII?DG/CA2/CA3",NULL,"3100411.png",NULL
3100411,6092,NULL,4022,NULL,"<b>Anatomical segregation between two corticoï¿½hippocampal circuits in wildï¿½type mice: ECIII?CA1 and ECII?DG/CA2/CA3.</b><br><b>a,</b> Experimental design depicting the injection of a nonï¿½Creï¿½dependent AAVrh8ï¿½CaMKIIaï¿½ChR2ï¿½YFP into the superficial medial entorhinal area of wild type mouse.<br><b>b,</b> Confocal image of a sagittal slice depicting YFP expression near the injection site in the MEC.<br><b>c,</b> Ipsilateral sagittal hippocampus section of infected mouse depicted in (b). Tissue stained for calbindin (white), RGS14 (red) and with DAPI (blue) and ChR2ï¿½YFP (green) expression. Both MECIII (terminating in CA1ï¿½SLM) and MECII fibers (terminating in DG, CA3 and CA2) can be seen. MECï¿½specific infection is confirmed by distribution of YFP in the middle oneï¿½third of the dendrites of the DG.<br><b>d,</b> Contralateral sagittal hippocampal section of the same mouse in (c) with same staining as (c). On the contralateral side, no MECII fibers can be detected, and MECIII fibers form a sharp boundary with the CA2ï¿½specific RGS14 staining.<br><b>e,</b> Ipsilateral sagittal hippocampus section of wild type mouse infected with AAVrh8ï¿½CaMKIIaï¿½ChR2ï¿½YFP in the superficial lateral entorhinal cortex (LEC). Tissue stained for calbindin (white), RGS14 (red) and DAPI (blue) and ChR2ï¿½YFP (green) expression. Both LECIII (terminating in SLM of CA1) and LECII fibers (terminating in DG, CA3 and CA2) can be seen. LEC infection is confirmed by expression of YFP in the outer oneï¿½third of the dendrites of the DG. Note: the distribution of the YFPï¿½positive LECIII fibers in CA1ï¿½SLM does not reach the proximal end of CA1. Note that YFPï¿½labeled LECII fibers overlap with RGS14ï¿½positive CA2 region.<br><b>f,</b> Contralateral sagittal hippocampal section of mouse depicted in (e) with same staining as (e). On the contralateral side, no LECII fibers can be seen, and LECIII fibers only reach the distal regions of CA1, far away from the RGS14 signal.","Fig. S10",NULL,NULL,NULL,NULL,24336151,0,"ECIII?CA1;ECII?DG/CA2/CA3",NULL,"3100411.png",NULL
3100411,6092,NULL,4021,NULL,"<b>Anatomical segregation between two corticoï¿½hippocampal circuits in wildï¿½type mice: ECIII?CA1 and ECII?DG/CA2/CA3.</b><br><b>a,</b> Experimental design depicting the injection of a nonï¿½Creï¿½dependent AAVrh8ï¿½CaMKIIaï¿½ChR2ï¿½YFP into the superficial medial entorhinal area of wild type mouse.<br><b>b,</b> Confocal image of a sagittal slice depicting YFP expression near the injection site in the MEC.<br><b>c,</b> Ipsilateral sagittal hippocampus section of infected mouse depicted in (b). Tissue stained for calbindin (white), RGS14 (red) and with DAPI (blue) and ChR2ï¿½YFP (green) expression. Both MECIII (terminating in CA1ï¿½SLM) and MECII fibers (terminating in DG, CA3 and CA2) can be seen. MECï¿½specific infection is confirmed by distribution of YFP in the middle oneï¿½third of the dendrites of the DG.<br><b>d,</b> Contralateral sagittal hippocampal section of the same mouse in (c) with same staining as (c). On the contralateral side, no MECII fibers can be detected, and MECIII fibers form a sharp boundary with the CA2ï¿½specific RGS14 staining.<br><b>e,</b> Ipsilateral sagittal hippocampus section of wild type mouse infected with AAVrh8ï¿½CaMKIIaï¿½ChR2ï¿½YFP in the superficial lateral entorhinal cortex (LEC). Tissue stained for calbindin (white), RGS14 (red) and DAPI (blue) and ChR2ï¿½YFP (green) expression. Both LECIII (terminating in SLM of CA1) and LECII fibers (terminating in DG, CA3 and CA2) can be seen. LEC infection is confirmed by expression of YFP in the outer oneï¿½third of the dendrites of the DG. Note: the distribution of the YFPï¿½positive LECIII fibers in CA1ï¿½SLM does not reach the proximal end of CA1. Note that YFPï¿½labeled LECII fibers overlap with RGS14ï¿½positive CA2 region.<br><b>f,</b> Contralateral sagittal hippocampal section of mouse depicted in (e) with same staining as (e). On the contralateral side, no LECII fibers can be seen, and LECIII fibers only reach the distal regions of CA1, far away from the RGS14 signal.","Fig. S10",NULL,NULL,NULL,NULL,24336151,0,"ECIII?CA1;ECII?DG/CA2/CA3",NULL,"3100411.png",NULL
3100411,6092,NULL,4056,NULL,"<b>Anatomical segregation between two corticoï¿½hippocampal circuits in wildï¿½type mice: ECIII?CA1 and ECII?DG/CA2/CA3.</b><br><b>a,</b> Experimental design depicting the injection of a nonï¿½Creï¿½dependent AAVrh8ï¿½CaMKIIaï¿½ChR2ï¿½YFP into the superficial medial entorhinal area of wild type mouse.<br><b>b,</b> Confocal image of a sagittal slice depicting YFP expression near the injection site in the MEC.<br><b>c,</b> Ipsilateral sagittal hippocampus section of infected mouse depicted in (b). Tissue stained for calbindin (white), RGS14 (red) and with DAPI (blue) and ChR2ï¿½YFP (green) expression. Both MECIII (terminating in CA1ï¿½SLM) and MECII fibers (terminating in DG, CA3 and CA2) can be seen. MECï¿½specific infection is confirmed by distribution of YFP in the middle oneï¿½third of the dendrites of the DG.<br><b>d,</b> Contralateral sagittal hippocampal section of the same mouse in (c) with same staining as (c). On the contralateral side, no MECII fibers can be detected, and MECIII fibers form a sharp boundary with the CA2ï¿½specific RGS14 staining.<br><b>e,</b> Ipsilateral sagittal hippocampus section of wild type mouse infected with AAVrh8ï¿½CaMKIIaï¿½ChR2ï¿½YFP in the superficial lateral entorhinal cortex (LEC). Tissue stained for calbindin (white), RGS14 (red) and DAPI (blue) and ChR2ï¿½YFP (green) expression. Both LECIII (terminating in SLM of CA1) and LECII fibers (terminating in DG, CA3 and CA2) can be seen. LEC infection is confirmed by expression of YFP in the outer oneï¿½third of the dendrites of the DG. Note: the distribution of the YFPï¿½positive LECIII fibers in CA1ï¿½SLM does not reach the proximal end of CA1. Note that YFPï¿½labeled LECII fibers overlap with RGS14ï¿½positive CA2 region.<br><b>f,</b> Contralateral sagittal hippocampal section of mouse depicted in (e) with same staining as (e). On the contralateral side, no LECII fibers can be seen, and LECIII fibers only reach the distal regions of CA1, far away from the RGS14 signal.","Fig. S10",NULL,NULL,NULL,NULL,24336151,0,"ECIII?CA1;ECII?DG/CA2/CA3",NULL,"3100411.png",NULL
3100411,6092,NULL,4020,NULL,"<b>Anatomical segregation between two corticoï¿½hippocampal circuits in wildï¿½type mice: ECIII?CA1 and ECII?DG/CA2/CA3.</b><br><b>a,</b> Experimental design depicting the injection of a nonï¿½Creï¿½dependent AAVrh8ï¿½CaMKIIaï¿½ChR2ï¿½YFP into the superficial medial entorhinal area of wild type mouse.<br><b>b,</b> Confocal image of a sagittal slice depicting YFP expression near the injection site in the MEC.<br><b>c,</b> Ipsilateral sagittal hippocampus section of infected mouse depicted in (b). Tissue stained for calbindin (white), RGS14 (red) and with DAPI (blue) and ChR2ï¿½YFP (green) expression. Both MECIII (terminating in CA1ï¿½SLM) and MECII fibers (terminating in DG, CA3 and CA2) can be seen. MECï¿½specific infection is confirmed by distribution of YFP in the middle oneï¿½third of the dendrites of the DG.<br><b>d,</b> Contralateral sagittal hippocampal section of the same mouse in (c) with same staining as (c). On the contralateral side, no MECII fibers can be detected, and MECIII fibers form a sharp boundary with the CA2ï¿½specific RGS14 staining.<br><b>e,</b> Ipsilateral sagittal hippocampus section of wild type mouse infected with AAVrh8ï¿½CaMKIIaï¿½ChR2ï¿½YFP in the superficial lateral entorhinal cortex (LEC). Tissue stained for calbindin (white), RGS14 (red) and DAPI (blue) and ChR2ï¿½YFP (green) expression. Both LECIII (terminating in SLM of CA1) and LECII fibers (terminating in DG, CA3 and CA2) can be seen. LEC infection is confirmed by expression of YFP in the outer oneï¿½third of the dendrites of the DG. Note: the distribution of the YFPï¿½positive LECIII fibers in CA1ï¿½SLM does not reach the proximal end of CA1. Note that YFPï¿½labeled LECII fibers overlap with RGS14ï¿½positive CA2 region.<br><b>f,</b> Contralateral sagittal hippocampal section of mouse depicted in (e) with same staining as (e). On the contralateral side, no LECII fibers can be seen, and LECIII fibers only reach the distal regions of CA1, far away from the RGS14 signal.","Fig. S10",NULL,NULL,NULL,NULL,24336151,0,"ECIII?CA1;ECII?DG/CA2/CA3",NULL,"3100411.png",NULL
3100411,6092,NULL,4005,NULL,"<b>Anatomical segregation between two corticoï¿½hippocampal circuits in wildï¿½type mice: ECIII?CA1 and ECII?DG/CA2/CA3.</b><br><b>a,</b> Experimental design depicting the injection of a nonï¿½Creï¿½dependent AAVrh8ï¿½CaMKIIaï¿½ChR2ï¿½YFP into the superficial medial entorhinal area of wild type mouse.<br><b>b,</b> Confocal image of a sagittal slice depicting YFP expression near the injection site in the MEC.<br><b>c,</b> Ipsilateral sagittal hippocampus section of infected mouse depicted in (b). Tissue stained for calbindin (white), RGS14 (red) and with DAPI (blue) and ChR2ï¿½YFP (green) expression. Both MECIII (terminating in CA1ï¿½SLM) and MECII fibers (terminating in DG, CA3 and CA2) can be seen. MECï¿½specific infection is confirmed by distribution of YFP in the middle oneï¿½third of the dendrites of the DG.<br><b>d,</b> Contralateral sagittal hippocampal section of the same mouse in (c) with same staining as (c). On the contralateral side, no MECII fibers can be detected, and MECIII fibers form a sharp boundary with the CA2ï¿½specific RGS14 staining.<br><b>e,</b> Ipsilateral sagittal hippocampus section of wild type mouse infected with AAVrh8ï¿½CaMKIIaï¿½ChR2ï¿½YFP in the superficial lateral entorhinal cortex (LEC). Tissue stained for calbindin (white), RGS14 (red) and DAPI (blue) and ChR2ï¿½YFP (green) expression. Both LECIII (terminating in SLM of CA1) and LECII fibers (terminating in DG, CA3 and CA2) can be seen. LEC infection is confirmed by expression of YFP in the outer oneï¿½third of the dendrites of the DG. Note: the distribution of the YFPï¿½positive LECIII fibers in CA1ï¿½SLM does not reach the proximal end of CA1. Note that YFPï¿½labeled LECII fibers overlap with RGS14ï¿½positive CA2 region.<br><b>f,</b> Contralateral sagittal hippocampal section of mouse depicted in (e) with same staining as (e). On the contralateral side, no LECII fibers can be seen, and LECIII fibers only reach the distal regions of CA1, far away from the RGS14 signal.","Fig. S10",NULL,NULL,NULL,NULL,24336151,0,"ECIII?CA1;ECII?DG/CA2/CA3",NULL,"3100411.png",NULL
3100411,6092,NULL,4004,NULL,"<b>Anatomical segregation between two corticoï¿½hippocampal circuits in wildï¿½type mice: ECIII?CA1 and ECII?DG/CA2/CA3.</b><br><b>a,</b> Experimental design depicting the injection of a nonï¿½Creï¿½dependent AAVrh8ï¿½CaMKIIaï¿½ChR2ï¿½YFP into the superficial medial entorhinal area of wild type mouse.<br><b>b,</b> Confocal image of a sagittal slice depicting YFP expression near the injection site in the MEC.<br><b>c,</b> Ipsilateral sagittal hippocampus section of infected mouse depicted in (b). Tissue stained for calbindin (white), RGS14 (red) and with DAPI (blue) and ChR2ï¿½YFP (green) expression. Both MECIII (terminating in CA1ï¿½SLM) and MECII fibers (terminating in DG, CA3 and CA2) can be seen. MECï¿½specific infection is confirmed by distribution of YFP in the middle oneï¿½third of the dendrites of the DG.<br><b>d,</b> Contralateral sagittal hippocampal section of the same mouse in (c) with same staining as (c). On the contralateral side, no MECII fibers can be detected, and MECIII fibers form a sharp boundary with the CA2ï¿½specific RGS14 staining.<br><b>e,</b> Ipsilateral sagittal hippocampus section of wild type mouse infected with AAVrh8ï¿½CaMKIIaï¿½ChR2ï¿½YFP in the superficial lateral entorhinal cortex (LEC). Tissue stained for calbindin (white), RGS14 (red) and DAPI (blue) and ChR2ï¿½YFP (green) expression. Both LECIII (terminating in SLM of CA1) and LECII fibers (terminating in DG, CA3 and CA2) can be seen. LEC infection is confirmed by expression of YFP in the outer oneï¿½third of the dendrites of the DG. Note: the distribution of the YFPï¿½positive LECIII fibers in CA1ï¿½SLM does not reach the proximal end of CA1. Note that YFPï¿½labeled LECII fibers overlap with RGS14ï¿½positive CA2 region.<br><b>f,</b> Contralateral sagittal hippocampal section of mouse depicted in (e) with same staining as (e). On the contralateral side, no LECII fibers can be seen, and LECIII fibers only reach the distal regions of CA1, far away from the RGS14 signal.","Fig. S10",NULL,NULL,NULL,NULL,24336151,0,"ECIII?CA1;ECII?DG/CA2/CA3",NULL,"3100411.png",NULL
3100411,6092,NULL,4012,NULL,"<b>Anatomical segregation between two corticoï¿½hippocampal circuits in wildï¿½type mice: ECIII?CA1 and ECII?DG/CA2/CA3.</b><br><b>a,</b> Experimental design depicting the injection of a nonï¿½Creï¿½dependent AAVrh8ï¿½CaMKIIaï¿½ChR2ï¿½YFP into the superficial medial entorhinal area of wild type mouse.<br><b>b,</b> Confocal image of a sagittal slice depicting YFP expression near the injection site in the MEC.<br><b>c,</b> Ipsilateral sagittal hippocampus section of infected mouse depicted in (b). Tissue stained for calbindin (white), RGS14 (red) and with DAPI (blue) and ChR2ï¿½YFP (green) expression. Both MECIII (terminating in CA1ï¿½SLM) and MECII fibers (terminating in DG, CA3 and CA2) can be seen. MECï¿½specific infection is confirmed by distribution of YFP in the middle oneï¿½third of the dendrites of the DG.<br><b>d,</b> Contralateral sagittal hippocampal section of the same mouse in (c) with same staining as (c). On the contralateral side, no MECII fibers can be detected, and MECIII fibers form a sharp boundary with the CA2ï¿½specific RGS14 staining.<br><b>e,</b> Ipsilateral sagittal hippocampus section of wild type mouse infected with AAVrh8ï¿½CaMKIIaï¿½ChR2ï¿½YFP in the superficial lateral entorhinal cortex (LEC). Tissue stained for calbindin (white), RGS14 (red) and DAPI (blue) and ChR2ï¿½YFP (green) expression. Both LECIII (terminating in SLM of CA1) and LECII fibers (terminating in DG, CA3 and CA2) can be seen. LEC infection is confirmed by expression of YFP in the outer oneï¿½third of the dendrites of the DG. Note: the distribution of the YFPï¿½positive LECIII fibers in CA1ï¿½SLM does not reach the proximal end of CA1. Note that YFPï¿½labeled LECII fibers overlap with RGS14ï¿½positive CA2 region.<br><b>f,</b> Contralateral sagittal hippocampal section of mouse depicted in (e) with same staining as (e). On the contralateral side, no LECII fibers can be seen, and LECIII fibers only reach the distal regions of CA1, far away from the RGS14 signal.","Fig. S10",NULL,NULL,NULL,NULL,24336151,0,"ECIII?CA1;ECII?DG/CA2/CA3",NULL,"3100411.png",NULL
3100411,6092,NULL,4011,NULL,"<b>Anatomical segregation between two corticoï¿½hippocampal circuits in wildï¿½type mice: ECIII?CA1 and ECII?DG/CA2/CA3.</b><br><b>a,</b> Experimental design depicting the injection of a nonï¿½Creï¿½dependent AAVrh8ï¿½CaMKIIaï¿½ChR2ï¿½YFP into the superficial medial entorhinal area of wild type mouse.<br><b>b,</b> Confocal image of a sagittal slice depicting YFP expression near the injection site in the MEC.<br><b>c,</b> Ipsilateral sagittal hippocampus section of infected mouse depicted in (b). Tissue stained for calbindin (white), RGS14 (red) and with DAPI (blue) and ChR2ï¿½YFP (green) expression. Both MECIII (terminating in CA1ï¿½SLM) and MECII fibers (terminating in DG, CA3 and CA2) can be seen. MECï¿½specific infection is confirmed by distribution of YFP in the middle oneï¿½third of the dendrites of the DG.<br><b>d,</b> Contralateral sagittal hippocampal section of the same mouse in (c) with same staining as (c). On the contralateral side, no MECII fibers can be detected, and MECIII fibers form a sharp boundary with the CA2ï¿½specific RGS14 staining.<br><b>e,</b> Ipsilateral sagittal hippocampus section of wild type mouse infected with AAVrh8ï¿½CaMKIIaï¿½ChR2ï¿½YFP in the superficial lateral entorhinal cortex (LEC). Tissue stained for calbindin (white), RGS14 (red) and DAPI (blue) and ChR2ï¿½YFP (green) expression. Both LECIII (terminating in SLM of CA1) and LECII fibers (terminating in DG, CA3 and CA2) can be seen. LEC infection is confirmed by expression of YFP in the outer oneï¿½third of the dendrites of the DG. Note: the distribution of the YFPï¿½positive LECIII fibers in CA1ï¿½SLM does not reach the proximal end of CA1. Note that YFPï¿½labeled LECII fibers overlap with RGS14ï¿½positive CA2 region.<br><b>f,</b> Contralateral sagittal hippocampal section of mouse depicted in (e) with same staining as (e). On the contralateral side, no LECII fibers can be seen, and LECIII fibers only reach the distal regions of CA1, far away from the RGS14 signal.","Fig. S10",NULL,NULL,NULL,NULL,24336151,0,"ECIII?CA1;ECII?DG/CA2/CA3",NULL,"3100411.png",NULL
3100411,6092,NULL,4055,NULL,"<b>Anatomical segregation between two corticoï¿½hippocampal circuits in wildï¿½type mice: ECIII?CA1 and ECII?DG/CA2/CA3.</b><br><b>a,</b> Experimental design depicting the injection of a nonï¿½Creï¿½dependent AAVrh8ï¿½CaMKIIaï¿½ChR2ï¿½YFP into the superficial medial entorhinal area of wild type mouse.<br><b>b,</b> Confocal image of a sagittal slice depicting YFP expression near the injection site in the MEC.<br><b>c,</b> Ipsilateral sagittal hippocampus section of infected mouse depicted in (b). Tissue stained for calbindin (white), RGS14 (red) and with DAPI (blue) and ChR2ï¿½YFP (green) expression. Both MECIII (terminating in CA1ï¿½SLM) and MECII fibers (terminating in DG, CA3 and CA2) can be seen. MECï¿½specific infection is confirmed by distribution of YFP in the middle oneï¿½third of the dendrites of the DG.<br><b>d,</b> Contralateral sagittal hippocampal section of the same mouse in (c) with same staining as (c). On the contralateral side, no MECII fibers can be detected, and MECIII fibers form a sharp boundary with the CA2ï¿½specific RGS14 staining.<br><b>e,</b> Ipsilateral sagittal hippocampus section of wild type mouse infected with AAVrh8ï¿½CaMKIIaï¿½ChR2ï¿½YFP in the superficial lateral entorhinal cortex (LEC). Tissue stained for calbindin (white), RGS14 (red) and DAPI (blue) and ChR2ï¿½YFP (green) expression. Both LECIII (terminating in SLM of CA1) and LECII fibers (terminating in DG, CA3 and CA2) can be seen. LEC infection is confirmed by expression of YFP in the outer oneï¿½third of the dendrites of the DG. Note: the distribution of the YFPï¿½positive LECIII fibers in CA1ï¿½SLM does not reach the proximal end of CA1. Note that YFPï¿½labeled LECII fibers overlap with RGS14ï¿½positive CA2 region.<br><b>f,</b> Contralateral sagittal hippocampal section of mouse depicted in (e) with same staining as (e). On the contralateral side, no LECII fibers can be seen, and LECIII fibers only reach the distal regions of CA1, far away from the RGS14 signal.","Fig. S10",NULL,NULL,NULL,NULL,24336151,0,"ECIII?CA1;ECII?DG/CA2/CA3",NULL,"3100411.png",NULL
3100411,6092,NULL,4006,NULL,"<b>Anatomical segregation between two corticoï¿½hippocampal circuits in wildï¿½type mice: ECIII?CA1 and ECII?DG/CA2/CA3.</b><br><b>a,</b> Experimental design depicting the injection of a nonï¿½Creï¿½dependent AAVrh8ï¿½CaMKIIaï¿½ChR2ï¿½YFP into the superficial medial entorhinal area of wild type mouse.<br><b>b,</b> Confocal image of a sagittal slice depicting YFP expression near the injection site in the MEC.<br><b>c,</b> Ipsilateral sagittal hippocampus section of infected mouse depicted in (b). Tissue stained for calbindin (white), RGS14 (red) and with DAPI (blue) and ChR2ï¿½YFP (green) expression. Both MECIII (terminating in CA1ï¿½SLM) and MECII fibers (terminating in DG, CA3 and CA2) can be seen. MECï¿½specific infection is confirmed by distribution of YFP in the middle oneï¿½third of the dendrites of the DG.<br><b>d,</b> Contralateral sagittal hippocampal section of the same mouse in (c) with same staining as (c). On the contralateral side, no MECII fibers can be detected, and MECIII fibers form a sharp boundary with the CA2ï¿½specific RGS14 staining.<br><b>e,</b> Ipsilateral sagittal hippocampus section of wild type mouse infected with AAVrh8ï¿½CaMKIIaï¿½ChR2ï¿½YFP in the superficial lateral entorhinal cortex (LEC). Tissue stained for calbindin (white), RGS14 (red) and DAPI (blue) and ChR2ï¿½YFP (green) expression. Both LECIII (terminating in SLM of CA1) and LECII fibers (terminating in DG, CA3 and CA2) can be seen. LEC infection is confirmed by expression of YFP in the outer oneï¿½third of the dendrites of the DG. Note: the distribution of the YFPï¿½positive LECIII fibers in CA1ï¿½SLM does not reach the proximal end of CA1. Note that YFPï¿½labeled LECII fibers overlap with RGS14ï¿½positive CA2 region.<br><b>f,</b> Contralateral sagittal hippocampal section of mouse depicted in (e) with same staining as (e). On the contralateral side, no LECII fibers can be seen, and LECIII fibers only reach the distal regions of CA1, far away from the RGS14 signal.","Fig. S10",NULL,NULL,NULL,NULL,24336151,0,"ECIII?CA1;ECII?DG/CA2/CA3",NULL,"3100411.png",NULL
3100411,6092,NULL,4076,NULL,"<b>Anatomical segregation between two corticoï¿½hippocampal circuits in wildï¿½type mice: ECIII?CA1 and ECII?DG/CA2/CA3.</b><br><b>a,</b> Experimental design depicting the injection of a nonï¿½Creï¿½dependent AAVrh8ï¿½CaMKIIaï¿½ChR2ï¿½YFP into the superficial medial entorhinal area of wild type mouse.<br><b>b,</b> Confocal image of a sagittal slice depicting YFP expression near the injection site in the MEC.<br><b>c,</b> Ipsilateral sagittal hippocampus section of infected mouse depicted in (b). Tissue stained for calbindin (white), RGS14 (red) and with DAPI (blue) and ChR2ï¿½YFP (green) expression. Both MECIII (terminating in CA1ï¿½SLM) and MECII fibers (terminating in DG, CA3 and CA2) can be seen. MECï¿½specific infection is confirmed by distribution of YFP in the middle oneï¿½third of the dendrites of the DG.<br><b>d,</b> Contralateral sagittal hippocampal section of the same mouse in (c) with same staining as (c). On the contralateral side, no MECII fibers can be detected, and MECIII fibers form a sharp boundary with the CA2ï¿½specific RGS14 staining.<br><b>e,</b> Ipsilateral sagittal hippocampus section of wild type mouse infected with AAVrh8ï¿½CaMKIIaï¿½ChR2ï¿½YFP in the superficial lateral entorhinal cortex (LEC). Tissue stained for calbindin (white), RGS14 (red) and DAPI (blue) and ChR2ï¿½YFP (green) expression. Both LECIII (terminating in SLM of CA1) and LECII fibers (terminating in DG, CA3 and CA2) can be seen. LEC infection is confirmed by expression of YFP in the outer oneï¿½third of the dendrites of the DG. Note: the distribution of the YFPï¿½positive LECIII fibers in CA1ï¿½SLM does not reach the proximal end of CA1. Note that YFPï¿½labeled LECII fibers overlap with RGS14ï¿½positive CA2 region.<br><b>f,</b> Contralateral sagittal hippocampal section of mouse depicted in (e) with same staining as (e). On the contralateral side, no LECII fibers can be seen, and LECIII fibers only reach the distal regions of CA1, far away from the RGS14 signal.","Fig. S10",NULL,NULL,NULL,NULL,24336151,0,"ECIII?CA1;ECII?DG/CA2/CA3",NULL,"3100411.png",NULL
3100411,6092,NULL,4003,NULL,"<b>Anatomical segregation between two corticoï¿½hippocampal circuits in wildï¿½type mice: ECIII?CA1 and ECII?DG/CA2/CA3.</b><br><b>a,</b> Experimental design depicting the injection of a nonï¿½Creï¿½dependent AAVrh8ï¿½CaMKIIaï¿½ChR2ï¿½YFP into the superficial medial entorhinal area of wild type mouse.<br><b>b,</b> Confocal image of a sagittal slice depicting YFP expression near the injection site in the MEC.<br><b>c,</b> Ipsilateral sagittal hippocampus section of infected mouse depicted in (b). Tissue stained for calbindin (white), RGS14 (red) and with DAPI (blue) and ChR2ï¿½YFP (green) expression. Both MECIII (terminating in CA1ï¿½SLM) and MECII fibers (terminating in DG, CA3 and CA2) can be seen. MECï¿½specific infection is confirmed by distribution of YFP in the middle oneï¿½third of the dendrites of the DG.<br><b>d,</b> Contralateral sagittal hippocampal section of the same mouse in (c) with same staining as (c). On the contralateral side, no MECII fibers can be detected, and MECIII fibers form a sharp boundary with the CA2ï¿½specific RGS14 staining.<br><b>e,</b> Ipsilateral sagittal hippocampus section of wild type mouse infected with AAVrh8ï¿½CaMKIIaï¿½ChR2ï¿½YFP in the superficial lateral entorhinal cortex (LEC). Tissue stained for calbindin (white), RGS14 (red) and DAPI (blue) and ChR2ï¿½YFP (green) expression. Both LECIII (terminating in SLM of CA1) and LECII fibers (terminating in DG, CA3 and CA2) can be seen. LEC infection is confirmed by expression of YFP in the outer oneï¿½third of the dendrites of the DG. Note: the distribution of the YFPï¿½positive LECIII fibers in CA1ï¿½SLM does not reach the proximal end of CA1. Note that YFPï¿½labeled LECII fibers overlap with RGS14ï¿½positive CA2 region.<br><b>f,</b> Contralateral sagittal hippocampal section of mouse depicted in (e) with same staining as (e). On the contralateral side, no LECII fibers can be seen, and LECIII fibers only reach the distal regions of CA1, far away from the RGS14 signal.","Fig. S10",NULL,NULL,NULL,NULL,24336151,0,"ECIII?CA1;ECII?DG/CA2/CA3",NULL,"3100411.png",NULL
3100411,6092,NULL,4015,NULL,"<b>Anatomical segregation between two corticoï¿½hippocampal circuits in wildï¿½type mice: ECIII?CA1 and ECII?DG/CA2/CA3.</b><br><b>a,</b> Experimental design depicting the injection of a nonï¿½Creï¿½dependent AAVrh8ï¿½CaMKIIaï¿½ChR2ï¿½YFP into the superficial medial entorhinal area of wild type mouse.<br><b>b,</b> Confocal image of a sagittal slice depicting YFP expression near the injection site in the MEC.<br><b>c,</b> Ipsilateral sagittal hippocampus section of infected mouse depicted in (b). Tissue stained for calbindin (white), RGS14 (red) and with DAPI (blue) and ChR2ï¿½YFP (green) expression. Both MECIII (terminating in CA1ï¿½SLM) and MECII fibers (terminating in DG, CA3 and CA2) can be seen. MECï¿½specific infection is confirmed by distribution of YFP in the middle oneï¿½third of the dendrites of the DG.<br><b>d,</b> Contralateral sagittal hippocampal section of the same mouse in (c) with same staining as (c). On the contralateral side, no MECII fibers can be detected, and MECIII fibers form a sharp boundary with the CA2ï¿½specific RGS14 staining.<br><b>e,</b> Ipsilateral sagittal hippocampus section of wild type mouse infected with AAVrh8ï¿½CaMKIIaï¿½ChR2ï¿½YFP in the superficial lateral entorhinal cortex (LEC). Tissue stained for calbindin (white), RGS14 (red) and DAPI (blue) and ChR2ï¿½YFP (green) expression. Both LECIII (terminating in SLM of CA1) and LECII fibers (terminating in DG, CA3 and CA2) can be seen. LEC infection is confirmed by expression of YFP in the outer oneï¿½third of the dendrites of the DG. Note: the distribution of the YFPï¿½positive LECIII fibers in CA1ï¿½SLM does not reach the proximal end of CA1. Note that YFPï¿½labeled LECII fibers overlap with RGS14ï¿½positive CA2 region.<br><b>f,</b> Contralateral sagittal hippocampal section of mouse depicted in (e) with same staining as (e). On the contralateral side, no LECII fibers can be seen, and LECIII fibers only reach the distal regions of CA1, far away from the RGS14 signal.","Fig. S10",NULL,NULL,NULL,NULL,24336151,0,"ECIII?CA1;ECII?DG/CA2/CA3",NULL,"3100411.png",NULL
3100411,6092,NULL,4013,NULL,"<b>Anatomical segregation between two corticoï¿½hippocampal circuits in wildï¿½type mice: ECIII?CA1 and ECII?DG/CA2/CA3.</b><br><b>a,</b> Experimental design depicting the injection of a nonï¿½Creï¿½dependent AAVrh8ï¿½CaMKIIaï¿½ChR2ï¿½YFP into the superficial medial entorhinal area of wild type mouse.<br><b>b,</b> Confocal image of a sagittal slice depicting YFP expression near the injection site in the MEC.<br><b>c,</b> Ipsilateral sagittal hippocampus section of infected mouse depicted in (b). Tissue stained for calbindin (white), RGS14 (red) and with DAPI (blue) and ChR2ï¿½YFP (green) expression. Both MECIII (terminating in CA1ï¿½SLM) and MECII fibers (terminating in DG, CA3 and CA2) can be seen. MECï¿½specific infection is confirmed by distribution of YFP in the middle oneï¿½third of the dendrites of the DG.<br><b>d,</b> Contralateral sagittal hippocampal section of the same mouse in (c) with same staining as (c). On the contralateral side, no MECII fibers can be detected, and MECIII fibers form a sharp boundary with the CA2ï¿½specific RGS14 staining.<br><b>e,</b> Ipsilateral sagittal hippocampus section of wild type mouse infected with AAVrh8ï¿½CaMKIIaï¿½ChR2ï¿½YFP in the superficial lateral entorhinal cortex (LEC). Tissue stained for calbindin (white), RGS14 (red) and DAPI (blue) and ChR2ï¿½YFP (green) expression. Both LECIII (terminating in SLM of CA1) and LECII fibers (terminating in DG, CA3 and CA2) can be seen. LEC infection is confirmed by expression of YFP in the outer oneï¿½third of the dendrites of the DG. Note: the distribution of the YFPï¿½positive LECIII fibers in CA1ï¿½SLM does not reach the proximal end of CA1. Note that YFPï¿½labeled LECII fibers overlap with RGS14ï¿½positive CA2 region.<br><b>f,</b> Contralateral sagittal hippocampal section of mouse depicted in (e) with same staining as (e). On the contralateral side, no LECII fibers can be seen, and LECIII fibers only reach the distal regions of CA1, far away from the RGS14 signal.","Fig. S10",NULL,NULL,NULL,NULL,24336151,0,"ECIII?CA1;ECII?DG/CA2/CA3",NULL,"3100411.png",NULL
3100411,6005,NULL,1000,NULL,"<b>Anatomical segregation between two corticoï¿½hippocampal circuits in wildï¿½type mice: ECIII?CA1 and ECII?DG/CA2/CA3.</b><br><b>a,</b> Experimental design depicting the injection of a nonï¿½Creï¿½dependent AAVrh8ï¿½CaMKIIaï¿½ChR2ï¿½YFP into the superficial medial entorhinal area of wild type mouse.<br><b>b,</b> Confocal image of a sagittal slice depicting YFP expression near the injection site in the MEC.<br><b>c,</b> Ipsilateral sagittal hippocampus section of infected mouse depicted in (b). Tissue stained for calbindin (white), RGS14 (red) and with DAPI (blue) and ChR2ï¿½YFP (green) expression. Both MECIII (terminating in CA1ï¿½SLM) and MECII fibers (terminating in DG, CA3 and CA2) can be seen. MECï¿½specific infection is confirmed by distribution of YFP in the middle oneï¿½third of the dendrites of the DG.<br><b>d,</b> Contralateral sagittal hippocampal section of the same mouse in (c) with same staining as (c). On the contralateral side, no MECII fibers can be detected, and MECIII fibers form a sharp boundary with the CA2ï¿½specific RGS14 staining.<br><b>e,</b> Ipsilateral sagittal hippocampus section of wild type mouse infected with AAVrh8ï¿½CaMKIIaï¿½ChR2ï¿½YFP in the superficial lateral entorhinal cortex (LEC). Tissue stained for calbindin (white), RGS14 (red) and DAPI (blue) and ChR2ï¿½YFP (green) expression. Both LECIII (terminating in SLM of CA1) and LECII fibers (terminating in DG, CA3 and CA2) can be seen. LEC infection is confirmed by expression of YFP in the outer oneï¿½third of the dendrites of the DG. Note: the distribution of the YFPï¿½positive LECIII fibers in CA1ï¿½SLM does not reach the proximal end of CA1. Note that YFPï¿½labeled LECII fibers overlap with RGS14ï¿½positive CA2 region.<br><b>f,</b> Contralateral sagittal hippocampal section of mouse depicted in (e) with same staining as (e). On the contralateral side, no LECII fibers can be seen, and LECIII fibers only reach the distal regions of CA1, far away from the RGS14 signal.","Fig. S10",NULL,NULL,NULL,NULL,24336151,0,"ECIII?CA1;ECII?DG/CA2/CA3",NULL,"3100411.png",NULL
3100411,6005,NULL,1041,NULL,"<b>Anatomical segregation between two corticoï¿½hippocampal circuits in wildï¿½type mice: ECIII?CA1 and ECII?DG/CA2/CA3.</b><br><b>a,</b> Experimental design depicting the injection of a nonï¿½Creï¿½dependent AAVrh8ï¿½CaMKIIaï¿½ChR2ï¿½YFP into the superficial medial entorhinal area of wild type mouse.<br><b>b,</b> Confocal image of a sagittal slice depicting YFP expression near the injection site in the MEC.<br><b>c,</b> Ipsilateral sagittal hippocampus section of infected mouse depicted in (b). Tissue stained for calbindin (white), RGS14 (red) and with DAPI (blue) and ChR2ï¿½YFP (green) expression. Both MECIII (terminating in CA1ï¿½SLM) and MECII fibers (terminating in DG, CA3 and CA2) can be seen. MECï¿½specific infection is confirmed by distribution of YFP in the middle oneï¿½third of the dendrites of the DG.<br><b>d,</b> Contralateral sagittal hippocampal section of the same mouse in (c) with same staining as (c). On the contralateral side, no MECII fibers can be detected, and MECIII fibers form a sharp boundary with the CA2ï¿½specific RGS14 staining.<br><b>e,</b> Ipsilateral sagittal hippocampus section of wild type mouse infected with AAVrh8ï¿½CaMKIIaï¿½ChR2ï¿½YFP in the superficial lateral entorhinal cortex (LEC). Tissue stained for calbindin (white), RGS14 (red) and DAPI (blue) and ChR2ï¿½YFP (green) expression. Both LECIII (terminating in SLM of CA1) and LECII fibers (terminating in DG, CA3 and CA2) can be seen. LEC infection is confirmed by expression of YFP in the outer oneï¿½third of the dendrites of the DG. Note: the distribution of the YFPï¿½positive LECIII fibers in CA1ï¿½SLM does not reach the proximal end of CA1. Note that YFPï¿½labeled LECII fibers overlap with RGS14ï¿½positive CA2 region.<br><b>f,</b> Contralateral sagittal hippocampal section of mouse depicted in (e) with same staining as (e). On the contralateral side, no LECII fibers can be seen, and LECIII fibers only reach the distal regions of CA1, far away from the RGS14 signal.","Fig. S10",NULL,NULL,NULL,NULL,24336151,0,"ECIII?CA1;ECII?DG/CA2/CA3",NULL,"3100411.png",NULL
3100411,6005,NULL,1001,NULL,"<b>Anatomical segregation between two corticoï¿½hippocampal circuits in wildï¿½type mice: ECIII?CA1 and ECII?DG/CA2/CA3.</b><br><b>a,</b> Experimental design depicting the injection of a nonï¿½Creï¿½dependent AAVrh8ï¿½CaMKIIaï¿½ChR2ï¿½YFP into the superficial medial entorhinal area of wild type mouse.<br><b>b,</b> Confocal image of a sagittal slice depicting YFP expression near the injection site in the MEC.<br><b>c,</b> Ipsilateral sagittal hippocampus section of infected mouse depicted in (b). Tissue stained for calbindin (white), RGS14 (red) and with DAPI (blue) and ChR2ï¿½YFP (green) expression. Both MECIII (terminating in CA1ï¿½SLM) and MECII fibers (terminating in DG, CA3 and CA2) can be seen. MECï¿½specific infection is confirmed by distribution of YFP in the middle oneï¿½third of the dendrites of the DG.<br><b>d,</b> Contralateral sagittal hippocampal section of the same mouse in (c) with same staining as (c). On the contralateral side, no MECII fibers can be detected, and MECIII fibers form a sharp boundary with the CA2ï¿½specific RGS14 staining.<br><b>e,</b> Ipsilateral sagittal hippocampus section of wild type mouse infected with AAVrh8ï¿½CaMKIIaï¿½ChR2ï¿½YFP in the superficial lateral entorhinal cortex (LEC). Tissue stained for calbindin (white), RGS14 (red) and DAPI (blue) and ChR2ï¿½YFP (green) expression. Both LECIII (terminating in SLM of CA1) and LECII fibers (terminating in DG, CA3 and CA2) can be seen. LEC infection is confirmed by expression of YFP in the outer oneï¿½third of the dendrites of the DG. Note: the distribution of the YFPï¿½positive LECIII fibers in CA1ï¿½SLM does not reach the proximal end of CA1. Note that YFPï¿½labeled LECII fibers overlap with RGS14ï¿½positive CA2 region.<br><b>f,</b> Contralateral sagittal hippocampal section of mouse depicted in (e) with same staining as (e). On the contralateral side, no LECII fibers can be seen, and LECIII fibers only reach the distal regions of CA1, far away from the RGS14 signal.","Fig. S10",NULL,NULL,NULL,NULL,24336151,0,"ECIII?CA1;ECII?DG/CA2/CA3",NULL,"3100411.png",NULL
3100411,6005,NULL,1002,NULL,"<b>Anatomical segregation between two corticoï¿½hippocampal circuits in wildï¿½type mice: ECIII?CA1 and ECII?DG/CA2/CA3.</b><br><b>a,</b> Experimental design depicting the injection of a nonï¿½Creï¿½dependent AAVrh8ï¿½CaMKIIaï¿½ChR2ï¿½YFP into the superficial medial entorhinal area of wild type mouse.<br><b>b,</b> Confocal image of a sagittal slice depicting YFP expression near the injection site in the MEC.<br><b>c,</b> Ipsilateral sagittal hippocampus section of infected mouse depicted in (b). Tissue stained for calbindin (white), RGS14 (red) and with DAPI (blue) and ChR2ï¿½YFP (green) expression. Both MECIII (terminating in CA1ï¿½SLM) and MECII fibers (terminating in DG, CA3 and CA2) can be seen. MECï¿½specific infection is confirmed by distribution of YFP in the middle oneï¿½third of the dendrites of the DG.<br><b>d,</b> Contralateral sagittal hippocampal section of the same mouse in (c) with same staining as (c). On the contralateral side, no MECII fibers can be detected, and MECIII fibers form a sharp boundary with the CA2ï¿½specific RGS14 staining.<br><b>e,</b> Ipsilateral sagittal hippocampus section of wild type mouse infected with AAVrh8ï¿½CaMKIIaï¿½ChR2ï¿½YFP in the superficial lateral entorhinal cortex (LEC). Tissue stained for calbindin (white), RGS14 (red) and DAPI (blue) and ChR2ï¿½YFP (green) expression. Both LECIII (terminating in SLM of CA1) and LECII fibers (terminating in DG, CA3 and CA2) can be seen. LEC infection is confirmed by expression of YFP in the outer oneï¿½third of the dendrites of the DG. Note: the distribution of the YFPï¿½positive LECIII fibers in CA1ï¿½SLM does not reach the proximal end of CA1. Note that YFPï¿½labeled LECII fibers overlap with RGS14ï¿½positive CA2 region.<br><b>f,</b> Contralateral sagittal hippocampal section of mouse depicted in (e) with same staining as (e). On the contralateral side, no LECII fibers can be seen, and LECIII fibers only reach the distal regions of CA1, far away from the RGS14 signal.","Fig. S10",NULL,NULL,NULL,NULL,24336151,0,"ECIII?CA1;ECII?DG/CA2/CA3",NULL,"3100411.png",NULL
3100411,6005,NULL,1043,NULL,"<b>Anatomical segregation between two corticoï¿½hippocampal circuits in wildï¿½type mice: ECIII?CA1 and ECII?DG/CA2/CA3.</b><br><b>a,</b> Experimental design depicting the injection of a nonï¿½Creï¿½dependent AAVrh8ï¿½CaMKIIaï¿½ChR2ï¿½YFP into the superficial medial entorhinal area of wild type mouse.<br><b>b,</b> Confocal image of a sagittal slice depicting YFP expression near the injection site in the MEC.<br><b>c,</b> Ipsilateral sagittal hippocampus section of infected mouse depicted in (b). Tissue stained for calbindin (white), RGS14 (red) and with DAPI (blue) and ChR2ï¿½YFP (green) expression. Both MECIII (terminating in CA1ï¿½SLM) and MECII fibers (terminating in DG, CA3 and CA2) can be seen. MECï¿½specific infection is confirmed by distribution of YFP in the middle oneï¿½third of the dendrites of the DG.<br><b>d,</b> Contralateral sagittal hippocampal section of the same mouse in (c) with same staining as (c). On the contralateral side, no MECII fibers can be detected, and MECIII fibers form a sharp boundary with the CA2ï¿½specific RGS14 staining.<br><b>e,</b> Ipsilateral sagittal hippocampus section of wild type mouse infected with AAVrh8ï¿½CaMKIIaï¿½ChR2ï¿½YFP in the superficial lateral entorhinal cortex (LEC). Tissue stained for calbindin (white), RGS14 (red) and DAPI (blue) and ChR2ï¿½YFP (green) expression. Both LECIII (terminating in SLM of CA1) and LECII fibers (terminating in DG, CA3 and CA2) can be seen. LEC infection is confirmed by expression of YFP in the outer oneï¿½third of the dendrites of the DG. Note: the distribution of the YFPï¿½positive LECIII fibers in CA1ï¿½SLM does not reach the proximal end of CA1. Note that YFPï¿½labeled LECII fibers overlap with RGS14ï¿½positive CA2 region.<br><b>f,</b> Contralateral sagittal hippocampal section of mouse depicted in (e) with same staining as (e). On the contralateral side, no LECII fibers can be seen, and LECIII fibers only reach the distal regions of CA1, far away from the RGS14 signal.","Fig. S10",NULL,NULL,NULL,NULL,24336151,0,"ECIII?CA1;ECII?DG/CA2/CA3",NULL,"3100411.png",NULL
3100411,6005,NULL,1027,NULL,"<b>Anatomical segregation between two corticoï¿½hippocampal circuits in wildï¿½type mice: ECIII?CA1 and ECII?DG/CA2/CA3.</b><br><b>a,</b> Experimental design depicting the injection of a nonï¿½Creï¿½dependent AAVrh8ï¿½CaMKIIaï¿½ChR2ï¿½YFP into the superficial medial entorhinal area of wild type mouse.<br><b>b,</b> Confocal image of a sagittal slice depicting YFP expression near the injection site in the MEC.<br><b>c,</b> Ipsilateral sagittal hippocampus section of infected mouse depicted in (b). Tissue stained for calbindin (white), RGS14 (red) and with DAPI (blue) and ChR2ï¿½YFP (green) expression. Both MECIII (terminating in CA1ï¿½SLM) and MECII fibers (terminating in DG, CA3 and CA2) can be seen. MECï¿½specific infection is confirmed by distribution of YFP in the middle oneï¿½third of the dendrites of the DG.<br><b>d,</b> Contralateral sagittal hippocampal section of the same mouse in (c) with same staining as (c). On the contralateral side, no MECII fibers can be detected, and MECIII fibers form a sharp boundary with the CA2ï¿½specific RGS14 staining.<br><b>e,</b> Ipsilateral sagittal hippocampus section of wild type mouse infected with AAVrh8ï¿½CaMKIIaï¿½ChR2ï¿½YFP in the superficial lateral entorhinal cortex (LEC). Tissue stained for calbindin (white), RGS14 (red) and DAPI (blue) and ChR2ï¿½YFP (green) expression. Both LECIII (terminating in SLM of CA1) and LECII fibers (terminating in DG, CA3 and CA2) can be seen. LEC infection is confirmed by expression of YFP in the outer oneï¿½third of the dendrites of the DG. Note: the distribution of the YFPï¿½positive LECIII fibers in CA1ï¿½SLM does not reach the proximal end of CA1. Note that YFPï¿½labeled LECII fibers overlap with RGS14ï¿½positive CA2 region.<br><b>f,</b> Contralateral sagittal hippocampal section of mouse depicted in (e) with same staining as (e). On the contralateral side, no LECII fibers can be seen, and LECIII fibers only reach the distal regions of CA1, far away from the RGS14 signal.","Fig. S10",NULL,NULL,NULL,NULL,24336151,0,"ECIII?CA1;ECII?DG/CA2/CA3",NULL,"3100411.png",NULL
3100411,6005,NULL,1010,NULL,"<b>Anatomical segregation between two corticoï¿½hippocampal circuits in wildï¿½type mice: ECIII?CA1 and ECII?DG/CA2/CA3.</b><br><b>a,</b> Experimental design depicting the injection of a nonï¿½Creï¿½dependent AAVrh8ï¿½CaMKIIaï¿½ChR2ï¿½YFP into the superficial medial entorhinal area of wild type mouse.<br><b>b,</b> Confocal image of a sagittal slice depicting YFP expression near the injection site in the MEC.<br><b>c,</b> Ipsilateral sagittal hippocampus section of infected mouse depicted in (b). Tissue stained for calbindin (white), RGS14 (red) and with DAPI (blue) and ChR2ï¿½YFP (green) expression. Both MECIII (terminating in CA1ï¿½SLM) and MECII fibers (terminating in DG, CA3 and CA2) can be seen. MECï¿½specific infection is confirmed by distribution of YFP in the middle oneï¿½third of the dendrites of the DG.<br><b>d,</b> Contralateral sagittal hippocampal section of the same mouse in (c) with same staining as (c). On the contralateral side, no MECII fibers can be detected, and MECIII fibers form a sharp boundary with the CA2ï¿½specific RGS14 staining.<br><b>e,</b> Ipsilateral sagittal hippocampus section of wild type mouse infected with AAVrh8ï¿½CaMKIIaï¿½ChR2ï¿½YFP in the superficial lateral entorhinal cortex (LEC). Tissue stained for calbindin (white), RGS14 (red) and DAPI (blue) and ChR2ï¿½YFP (green) expression. Both LECIII (terminating in SLM of CA1) and LECII fibers (terminating in DG, CA3 and CA2) can be seen. LEC infection is confirmed by expression of YFP in the outer oneï¿½third of the dendrites of the DG. Note: the distribution of the YFPï¿½positive LECIII fibers in CA1ï¿½SLM does not reach the proximal end of CA1. Note that YFPï¿½labeled LECII fibers overlap with RGS14ï¿½positive CA2 region.<br><b>f,</b> Contralateral sagittal hippocampal section of mouse depicted in (e) with same staining as (e). On the contralateral side, no LECII fibers can be seen, and LECIII fibers only reach the distal regions of CA1, far away from the RGS14 signal.","Fig. S10",NULL,NULL,NULL,NULL,24336151,0,"ECIII?CA1;ECII?DG/CA2/CA3",NULL,"3100411.png",NULL
3100411,6005,NULL,1035,NULL,"<b>Anatomical segregation between two corticoï¿½hippocampal circuits in wildï¿½type mice: ECIII?CA1 and ECII?DG/CA2/CA3.</b><br><b>a,</b> Experimental design depicting the injection of a nonï¿½Creï¿½dependent AAVrh8ï¿½CaMKIIaï¿½ChR2ï¿½YFP into the superficial medial entorhinal area of wild type mouse.<br><b>b,</b> Confocal image of a sagittal slice depicting YFP expression near the injection site in the MEC.<br><b>c,</b> Ipsilateral sagittal hippocampus section of infected mouse depicted in (b). Tissue stained for calbindin (white), RGS14 (red) and with DAPI (blue) and ChR2ï¿½YFP (green) expression. Both MECIII (terminating in CA1ï¿½SLM) and MECII fibers (terminating in DG, CA3 and CA2) can be seen. MECï¿½specific infection is confirmed by distribution of YFP in the middle oneï¿½third of the dendrites of the DG.<br><b>d,</b> Contralateral sagittal hippocampal section of the same mouse in (c) with same staining as (c). On the contralateral side, no MECII fibers can be detected, and MECIII fibers form a sharp boundary with the CA2ï¿½specific RGS14 staining.<br><b>e,</b> Ipsilateral sagittal hippocampus section of wild type mouse infected with AAVrh8ï¿½CaMKIIaï¿½ChR2ï¿½YFP in the superficial lateral entorhinal cortex (LEC). Tissue stained for calbindin (white), RGS14 (red) and DAPI (blue) and ChR2ï¿½YFP (green) expression. Both LECIII (terminating in SLM of CA1) and LECII fibers (terminating in DG, CA3 and CA2) can be seen. LEC infection is confirmed by expression of YFP in the outer oneï¿½third of the dendrites of the DG. Note: the distribution of the YFPï¿½positive LECIII fibers in CA1ï¿½SLM does not reach the proximal end of CA1. Note that YFPï¿½labeled LECII fibers overlap with RGS14ï¿½positive CA2 region.<br><b>f,</b> Contralateral sagittal hippocampal section of mouse depicted in (e) with same staining as (e). On the contralateral side, no LECII fibers can be seen, and LECIII fibers only reach the distal regions of CA1, far away from the RGS14 signal.","Fig. S10",NULL,NULL,NULL,NULL,24336151,0,"ECIII?CA1;ECII?DG/CA2/CA3",NULL,"3100411.png",NULL
3100411,6005,NULL,1036,NULL,"<b>Anatomical segregation between two corticoï¿½hippocampal circuits in wildï¿½type mice: ECIII?CA1 and ECII?DG/CA2/CA3.</b><br><b>a,</b> Experimental design depicting the injection of a nonï¿½Creï¿½dependent AAVrh8ï¿½CaMKIIaï¿½ChR2ï¿½YFP into the superficial medial entorhinal area of wild type mouse.<br><b>b,</b> Confocal image of a sagittal slice depicting YFP expression near the injection site in the MEC.<br><b>c,</b> Ipsilateral sagittal hippocampus section of infected mouse depicted in (b). Tissue stained for calbindin (white), RGS14 (red) and with DAPI (blue) and ChR2ï¿½YFP (green) expression. Both MECIII (terminating in CA1ï¿½SLM) and MECII fibers (terminating in DG, CA3 and CA2) can be seen. MECï¿½specific infection is confirmed by distribution of YFP in the middle oneï¿½third of the dendrites of the DG.<br><b>d,</b> Contralateral sagittal hippocampal section of the same mouse in (c) with same staining as (c). On the contralateral side, no MECII fibers can be detected, and MECIII fibers form a sharp boundary with the CA2ï¿½specific RGS14 staining.<br><b>e,</b> Ipsilateral sagittal hippocampus section of wild type mouse infected with AAVrh8ï¿½CaMKIIaï¿½ChR2ï¿½YFP in the superficial lateral entorhinal cortex (LEC). Tissue stained for calbindin (white), RGS14 (red) and DAPI (blue) and ChR2ï¿½YFP (green) expression. Both LECIII (terminating in SLM of CA1) and LECII fibers (terminating in DG, CA3 and CA2) can be seen. LEC infection is confirmed by expression of YFP in the outer oneï¿½third of the dendrites of the DG. Note: the distribution of the YFPï¿½positive LECIII fibers in CA1ï¿½SLM does not reach the proximal end of CA1. Note that YFPï¿½labeled LECII fibers overlap with RGS14ï¿½positive CA2 region.<br><b>f,</b> Contralateral sagittal hippocampal section of mouse depicted in (e) with same staining as (e). On the contralateral side, no LECII fibers can be seen, and LECIII fibers only reach the distal regions of CA1, far away from the RGS14 signal.","Fig. S10",NULL,NULL,NULL,NULL,24336151,0,"ECIII?CA1;ECII?DG/CA2/CA3",NULL,"3100411.png",NULL
3100411,6005,NULL,1009,NULL,"<b>Anatomical segregation between two corticoï¿½hippocampal circuits in wildï¿½type mice: ECIII?CA1 and ECII?DG/CA2/CA3.</b><br><b>a,</b> Experimental design depicting the injection of a nonï¿½Creï¿½dependent AAVrh8ï¿½CaMKIIaï¿½ChR2ï¿½YFP into the superficial medial entorhinal area of wild type mouse.<br><b>b,</b> Confocal image of a sagittal slice depicting YFP expression near the injection site in the MEC.<br><b>c,</b> Ipsilateral sagittal hippocampus section of infected mouse depicted in (b). Tissue stained for calbindin (white), RGS14 (red) and with DAPI (blue) and ChR2ï¿½YFP (green) expression. Both MECIII (terminating in CA1ï¿½SLM) and MECII fibers (terminating in DG, CA3 and CA2) can be seen. MECï¿½specific infection is confirmed by distribution of YFP in the middle oneï¿½third of the dendrites of the DG.<br><b>d,</b> Contralateral sagittal hippocampal section of the same mouse in (c) with same staining as (c). On the contralateral side, no MECII fibers can be detected, and MECIII fibers form a sharp boundary with the CA2ï¿½specific RGS14 staining.<br><b>e,</b> Ipsilateral sagittal hippocampus section of wild type mouse infected with AAVrh8ï¿½CaMKIIaï¿½ChR2ï¿½YFP in the superficial lateral entorhinal cortex (LEC). Tissue stained for calbindin (white), RGS14 (red) and DAPI (blue) and ChR2ï¿½YFP (green) expression. Both LECIII (terminating in SLM of CA1) and LECII fibers (terminating in DG, CA3 and CA2) can be seen. LEC infection is confirmed by expression of YFP in the outer oneï¿½third of the dendrites of the DG. Note: the distribution of the YFPï¿½positive LECIII fibers in CA1ï¿½SLM does not reach the proximal end of CA1. Note that YFPï¿½labeled LECII fibers overlap with RGS14ï¿½positive CA2 region.<br><b>f,</b> Contralateral sagittal hippocampal section of mouse depicted in (e) with same staining as (e). On the contralateral side, no LECII fibers can be seen, and LECIII fibers only reach the distal regions of CA1, far away from the RGS14 signal.","Fig. S10",NULL,NULL,NULL,NULL,24336151,0,"ECIII?CA1;ECII?DG/CA2/CA3",NULL,"3100411.png",NULL
3100411,6005,NULL,1026,NULL,"<b>Anatomical segregation between two corticoï¿½hippocampal circuits in wildï¿½type mice: ECIII?CA1 and ECII?DG/CA2/CA3.</b><br><b>a,</b> Experimental design depicting the injection of a nonï¿½Creï¿½dependent AAVrh8ï¿½CaMKIIaï¿½ChR2ï¿½YFP into the superficial medial entorhinal area of wild type mouse.<br><b>b,</b> Confocal image of a sagittal slice depicting YFP expression near the injection site in the MEC.<br><b>c,</b> Ipsilateral sagittal hippocampus section of infected mouse depicted in (b). Tissue stained for calbindin (white), RGS14 (red) and with DAPI (blue) and ChR2ï¿½YFP (green) expression. Both MECIII (terminating in CA1ï¿½SLM) and MECII fibers (terminating in DG, CA3 and CA2) can be seen. MECï¿½specific infection is confirmed by distribution of YFP in the middle oneï¿½third of the dendrites of the DG.<br><b>d,</b> Contralateral sagittal hippocampal section of the same mouse in (c) with same staining as (c). On the contralateral side, no MECII fibers can be detected, and MECIII fibers form a sharp boundary with the CA2ï¿½specific RGS14 staining.<br><b>e,</b> Ipsilateral sagittal hippocampus section of wild type mouse infected with AAVrh8ï¿½CaMKIIaï¿½ChR2ï¿½YFP in the superficial lateral entorhinal cortex (LEC). Tissue stained for calbindin (white), RGS14 (red) and DAPI (blue) and ChR2ï¿½YFP (green) expression. Both LECIII (terminating in SLM of CA1) and LECII fibers (terminating in DG, CA3 and CA2) can be seen. LEC infection is confirmed by expression of YFP in the outer oneï¿½third of the dendrites of the DG. Note: the distribution of the YFPï¿½positive LECIII fibers in CA1ï¿½SLM does not reach the proximal end of CA1. Note that YFPï¿½labeled LECII fibers overlap with RGS14ï¿½positive CA2 region.<br><b>f,</b> Contralateral sagittal hippocampal section of mouse depicted in (e) with same staining as (e). On the contralateral side, no LECII fibers can be seen, and LECIII fibers only reach the distal regions of CA1, far away from the RGS14 signal.","Fig. S10",NULL,NULL,NULL,NULL,24336151,0,"ECIII?CA1;ECII?DG/CA2/CA3",NULL,"3100411.png",NULL
3100411,6005,NULL,1040,NULL,"<b>Anatomical segregation between two corticoï¿½hippocampal circuits in wildï¿½type mice: ECIII?CA1 and ECII?DG/CA2/CA3.</b><br><b>a,</b> Experimental design depicting the injection of a nonï¿½Creï¿½dependent AAVrh8ï¿½CaMKIIaï¿½ChR2ï¿½YFP into the superficial medial entorhinal area of wild type mouse.<br><b>b,</b> Confocal image of a sagittal slice depicting YFP expression near the injection site in the MEC.<br><b>c,</b> Ipsilateral sagittal hippocampus section of infected mouse depicted in (b). Tissue stained for calbindin (white), RGS14 (red) and with DAPI (blue) and ChR2ï¿½YFP (green) expression. Both MECIII (terminating in CA1ï¿½SLM) and MECII fibers (terminating in DG, CA3 and CA2) can be seen. MECï¿½specific infection is confirmed by distribution of YFP in the middle oneï¿½third of the dendrites of the DG.<br><b>d,</b> Contralateral sagittal hippocampal section of the same mouse in (c) with same staining as (c). On the contralateral side, no MECII fibers can be detected, and MECIII fibers form a sharp boundary with the CA2ï¿½specific RGS14 staining.<br><b>e,</b> Ipsilateral sagittal hippocampus section of wild type mouse infected with AAVrh8ï¿½CaMKIIaï¿½ChR2ï¿½YFP in the superficial lateral entorhinal cortex (LEC). Tissue stained for calbindin (white), RGS14 (red) and DAPI (blue) and ChR2ï¿½YFP (green) expression. Both LECIII (terminating in SLM of CA1) and LECII fibers (terminating in DG, CA3 and CA2) can be seen. LEC infection is confirmed by expression of YFP in the outer oneï¿½third of the dendrites of the DG. Note: the distribution of the YFPï¿½positive LECIII fibers in CA1ï¿½SLM does not reach the proximal end of CA1. Note that YFPï¿½labeled LECII fibers overlap with RGS14ï¿½positive CA2 region.<br><b>f,</b> Contralateral sagittal hippocampal section of mouse depicted in (e) with same staining as (e). On the contralateral side, no LECII fibers can be seen, and LECIII fibers only reach the distal regions of CA1, far away from the RGS14 signal.","Fig. S10",NULL,NULL,NULL,NULL,24336151,0,"ECIII?CA1;ECII?DG/CA2/CA3",NULL,"3100411.png",NULL
3100411,6005,NULL,1005,NULL,"<b>Anatomical segregation between two corticoï¿½hippocampal circuits in wildï¿½type mice: ECIII?CA1 and ECII?DG/CA2/CA3.</b><br><b>a,</b> Experimental design depicting the injection of a nonï¿½Creï¿½dependent AAVrh8ï¿½CaMKIIaï¿½ChR2ï¿½YFP into the superficial medial entorhinal area of wild type mouse.<br><b>b,</b> Confocal image of a sagittal slice depicting YFP expression near the injection site in the MEC.<br><b>c,</b> Ipsilateral sagittal hippocampus section of infected mouse depicted in (b). Tissue stained for calbindin (white), RGS14 (red) and with DAPI (blue) and ChR2ï¿½YFP (green) expression. Both MECIII (terminating in CA1ï¿½SLM) and MECII fibers (terminating in DG, CA3 and CA2) can be seen. MECï¿½specific infection is confirmed by distribution of YFP in the middle oneï¿½third of the dendrites of the DG.<br><b>d,</b> Contralateral sagittal hippocampal section of the same mouse in (c) with same staining as (c). On the contralateral side, no MECII fibers can be detected, and MECIII fibers form a sharp boundary with the CA2ï¿½specific RGS14 staining.<br><b>e,</b> Ipsilateral sagittal hippocampus section of wild type mouse infected with AAVrh8ï¿½CaMKIIaï¿½ChR2ï¿½YFP in the superficial lateral entorhinal cortex (LEC). Tissue stained for calbindin (white), RGS14 (red) and DAPI (blue) and ChR2ï¿½YFP (green) expression. Both LECIII (terminating in SLM of CA1) and LECII fibers (terminating in DG, CA3 and CA2) can be seen. LEC infection is confirmed by expression of YFP in the outer oneï¿½third of the dendrites of the DG. Note: the distribution of the YFPï¿½positive LECIII fibers in CA1ï¿½SLM does not reach the proximal end of CA1. Note that YFPï¿½labeled LECII fibers overlap with RGS14ï¿½positive CA2 region.<br><b>f,</b> Contralateral sagittal hippocampal section of mouse depicted in (e) with same staining as (e). On the contralateral side, no LECII fibers can be seen, and LECIII fibers only reach the distal regions of CA1, far away from the RGS14 signal.","Fig. S10",NULL,NULL,NULL,NULL,24336151,0,"ECIII?CA1;ECII?DG/CA2/CA3",NULL,"3100411.png",NULL
3100411,6005,NULL,1008,NULL,"<b>Anatomical segregation between two corticoï¿½hippocampal circuits in wildï¿½type mice: ECIII?CA1 and ECII?DG/CA2/CA3.</b><br><b>a,</b> Experimental design depicting the injection of a nonï¿½Creï¿½dependent AAVrh8ï¿½CaMKIIaï¿½ChR2ï¿½YFP into the superficial medial entorhinal area of wild type mouse.<br><b>b,</b> Confocal image of a sagittal slice depicting YFP expression near the injection site in the MEC.<br><b>c,</b> Ipsilateral sagittal hippocampus section of infected mouse depicted in (b). Tissue stained for calbindin (white), RGS14 (red) and with DAPI (blue) and ChR2ï¿½YFP (green) expression. Both MECIII (terminating in CA1ï¿½SLM) and MECII fibers (terminating in DG, CA3 and CA2) can be seen. MECï¿½specific infection is confirmed by distribution of YFP in the middle oneï¿½third of the dendrites of the DG.<br><b>d,</b> Contralateral sagittal hippocampal section of the same mouse in (c) with same staining as (c). On the contralateral side, no MECII fibers can be detected, and MECIII fibers form a sharp boundary with the CA2ï¿½specific RGS14 staining.<br><b>e,</b> Ipsilateral sagittal hippocampus section of wild type mouse infected with AAVrh8ï¿½CaMKIIaï¿½ChR2ï¿½YFP in the superficial lateral entorhinal cortex (LEC). Tissue stained for calbindin (white), RGS14 (red) and DAPI (blue) and ChR2ï¿½YFP (green) expression. Both LECIII (terminating in SLM of CA1) and LECII fibers (terminating in DG, CA3 and CA2) can be seen. LEC infection is confirmed by expression of YFP in the outer oneï¿½third of the dendrites of the DG. Note: the distribution of the YFPï¿½positive LECIII fibers in CA1ï¿½SLM does not reach the proximal end of CA1. Note that YFPï¿½labeled LECII fibers overlap with RGS14ï¿½positive CA2 region.<br><b>f,</b> Contralateral sagittal hippocampal section of mouse depicted in (e) with same staining as (e). On the contralateral side, no LECII fibers can be seen, and LECIII fibers only reach the distal regions of CA1, far away from the RGS14 signal.","Fig. S10",NULL,NULL,NULL,NULL,24336151,0,"ECIII?CA1;ECII?DG/CA2/CA3",NULL,"3100411.png",NULL
3100411,6005,NULL,1007,NULL,"<b>Anatomical segregation between two corticoï¿½hippocampal circuits in wildï¿½type mice: ECIII?CA1 and ECII?DG/CA2/CA3.</b><br><b>a,</b> Experimental design depicting the injection of a nonï¿½Creï¿½dependent AAVrh8ï¿½CaMKIIaï¿½ChR2ï¿½YFP into the superficial medial entorhinal area of wild type mouse.<br><b>b,</b> Confocal image of a sagittal slice depicting YFP expression near the injection site in the MEC.<br><b>c,</b> Ipsilateral sagittal hippocampus section of infected mouse depicted in (b). Tissue stained for calbindin (white), RGS14 (red) and with DAPI (blue) and ChR2ï¿½YFP (green) expression. Both MECIII (terminating in CA1ï¿½SLM) and MECII fibers (terminating in DG, CA3 and CA2) can be seen. MECï¿½specific infection is confirmed by distribution of YFP in the middle oneï¿½third of the dendrites of the DG.<br><b>d,</b> Contralateral sagittal hippocampal section of the same mouse in (c) with same staining as (c). On the contralateral side, no MECII fibers can be detected, and MECIII fibers form a sharp boundary with the CA2ï¿½specific RGS14 staining.<br><b>e,</b> Ipsilateral sagittal hippocampus section of wild type mouse infected with AAVrh8ï¿½CaMKIIaï¿½ChR2ï¿½YFP in the superficial lateral entorhinal cortex (LEC). Tissue stained for calbindin (white), RGS14 (red) and DAPI (blue) and ChR2ï¿½YFP (green) expression. Both LECIII (terminating in SLM of CA1) and LECII fibers (terminating in DG, CA3 and CA2) can be seen. LEC infection is confirmed by expression of YFP in the outer oneï¿½third of the dendrites of the DG. Note: the distribution of the YFPï¿½positive LECIII fibers in CA1ï¿½SLM does not reach the proximal end of CA1. Note that YFPï¿½labeled LECII fibers overlap with RGS14ï¿½positive CA2 region.<br><b>f,</b> Contralateral sagittal hippocampal section of mouse depicted in (e) with same staining as (e). On the contralateral side, no LECII fibers can be seen, and LECIII fibers only reach the distal regions of CA1, far away from the RGS14 signal.","Fig. S10",NULL,NULL,NULL,NULL,24336151,0,"ECIII?CA1;ECII?DG/CA2/CA3",NULL,"3100411.png",NULL
3100411,6005,NULL,1006,NULL,"<b>Anatomical segregation between two corticoï¿½hippocampal circuits in wildï¿½type mice: ECIII?CA1 and ECII?DG/CA2/CA3.</b><br><b>a,</b> Experimental design depicting the injection of a nonï¿½Creï¿½dependent AAVrh8ï¿½CaMKIIaï¿½ChR2ï¿½YFP into the superficial medial entorhinal area of wild type mouse.<br><b>b,</b> Confocal image of a sagittal slice depicting YFP expression near the injection site in the MEC.<br><b>c,</b> Ipsilateral sagittal hippocampus section of infected mouse depicted in (b). Tissue stained for calbindin (white), RGS14 (red) and with DAPI (blue) and ChR2ï¿½YFP (green) expression. Both MECIII (terminating in CA1ï¿½SLM) and MECII fibers (terminating in DG, CA3 and CA2) can be seen. MECï¿½specific infection is confirmed by distribution of YFP in the middle oneï¿½third of the dendrites of the DG.<br><b>d,</b> Contralateral sagittal hippocampal section of the same mouse in (c) with same staining as (c). On the contralateral side, no MECII fibers can be detected, and MECIII fibers form a sharp boundary with the CA2ï¿½specific RGS14 staining.<br><b>e,</b> Ipsilateral sagittal hippocampus section of wild type mouse infected with AAVrh8ï¿½CaMKIIaï¿½ChR2ï¿½YFP in the superficial lateral entorhinal cortex (LEC). Tissue stained for calbindin (white), RGS14 (red) and DAPI (blue) and ChR2ï¿½YFP (green) expression. Both LECIII (terminating in SLM of CA1) and LECII fibers (terminating in DG, CA3 and CA2) can be seen. LEC infection is confirmed by expression of YFP in the outer oneï¿½third of the dendrites of the DG. Note: the distribution of the YFPï¿½positive LECIII fibers in CA1ï¿½SLM does not reach the proximal end of CA1. Note that YFPï¿½labeled LECII fibers overlap with RGS14ï¿½positive CA2 region.<br><b>f,</b> Contralateral sagittal hippocampal section of mouse depicted in (e) with same staining as (e). On the contralateral side, no LECII fibers can be seen, and LECIII fibers only reach the distal regions of CA1, far away from the RGS14 signal.","Fig. S10",NULL,NULL,NULL,NULL,24336151,0,"ECIII?CA1;ECII?DG/CA2/CA3",NULL,"3100411.png",NULL
3100411,6005,NULL,1004,NULL,"<b>Anatomical segregation between two corticoï¿½hippocampal circuits in wildï¿½type mice: ECIII?CA1 and ECII?DG/CA2/CA3.</b><br><b>a,</b> Experimental design depicting the injection of a nonï¿½Creï¿½dependent AAVrh8ï¿½CaMKIIaï¿½ChR2ï¿½YFP into the superficial medial entorhinal area of wild type mouse.<br><b>b,</b> Confocal image of a sagittal slice depicting YFP expression near the injection site in the MEC.<br><b>c,</b> Ipsilateral sagittal hippocampus section of infected mouse depicted in (b). Tissue stained for calbindin (white), RGS14 (red) and with DAPI (blue) and ChR2ï¿½YFP (green) expression. Both MECIII (terminating in CA1ï¿½SLM) and MECII fibers (terminating in DG, CA3 and CA2) can be seen. MECï¿½specific infection is confirmed by distribution of YFP in the middle oneï¿½third of the dendrites of the DG.<br><b>d,</b> Contralateral sagittal hippocampal section of the same mouse in (c) with same staining as (c). On the contralateral side, no MECII fibers can be detected, and MECIII fibers form a sharp boundary with the CA2ï¿½specific RGS14 staining.<br><b>e,</b> Ipsilateral sagittal hippocampus section of wild type mouse infected with AAVrh8ï¿½CaMKIIaï¿½ChR2ï¿½YFP in the superficial lateral entorhinal cortex (LEC). Tissue stained for calbindin (white), RGS14 (red) and DAPI (blue) and ChR2ï¿½YFP (green) expression. Both LECIII (terminating in SLM of CA1) and LECII fibers (terminating in DG, CA3 and CA2) can be seen. LEC infection is confirmed by expression of YFP in the outer oneï¿½third of the dendrites of the DG. Note: the distribution of the YFPï¿½positive LECIII fibers in CA1ï¿½SLM does not reach the proximal end of CA1. Note that YFPï¿½labeled LECII fibers overlap with RGS14ï¿½positive CA2 region.<br><b>f,</b> Contralateral sagittal hippocampal section of mouse depicted in (e) with same staining as (e). On the contralateral side, no LECII fibers can be seen, and LECIII fibers only reach the distal regions of CA1, far away from the RGS14 signal.","Fig. S10",NULL,NULL,NULL,NULL,24336151,0,"ECIII?CA1;ECII?DG/CA2/CA3",NULL,"3100411.png",NULL
3100411,6003,NULL,1000,NULL,"<b>Anatomical segregation between two corticoï¿½hippocampal circuits in wildï¿½type mice: ECIII?CA1 and ECII?DG/CA2/CA3.</b><br><b>a,</b> Experimental design depicting the injection of a nonï¿½Creï¿½dependent AAVrh8ï¿½CaMKIIaï¿½ChR2ï¿½YFP into the superficial medial entorhinal area of wild type mouse.<br><b>b,</b> Confocal image of a sagittal slice depicting YFP expression near the injection site in the MEC.<br><b>c,</b> Ipsilateral sagittal hippocampus section of infected mouse depicted in (b). Tissue stained for calbindin (white), RGS14 (red) and with DAPI (blue) and ChR2ï¿½YFP (green) expression. Both MECIII (terminating in CA1ï¿½SLM) and MECII fibers (terminating in DG, CA3 and CA2) can be seen. MECï¿½specific infection is confirmed by distribution of YFP in the middle oneï¿½third of the dendrites of the DG.<br><b>d,</b> Contralateral sagittal hippocampal section of the same mouse in (c) with same staining as (c). On the contralateral side, no MECII fibers can be detected, and MECIII fibers form a sharp boundary with the CA2ï¿½specific RGS14 staining.<br><b>e,</b> Ipsilateral sagittal hippocampus section of wild type mouse infected with AAVrh8ï¿½CaMKIIaï¿½ChR2ï¿½YFP in the superficial lateral entorhinal cortex (LEC). Tissue stained for calbindin (white), RGS14 (red) and DAPI (blue) and ChR2ï¿½YFP (green) expression. Both LECIII (terminating in SLM of CA1) and LECII fibers (terminating in DG, CA3 and CA2) can be seen. LEC infection is confirmed by expression of YFP in the outer oneï¿½third of the dendrites of the DG. Note: the distribution of the YFPï¿½positive LECIII fibers in CA1ï¿½SLM does not reach the proximal end of CA1. Note that YFPï¿½labeled LECII fibers overlap with RGS14ï¿½positive CA2 region.<br><b>f,</b> Contralateral sagittal hippocampal section of mouse depicted in (e) with same staining as (e). On the contralateral side, no LECII fibers can be seen, and LECIII fibers only reach the distal regions of CA1, far away from the RGS14 signal.","Fig. S10",NULL,NULL,NULL,NULL,24336151,0,"ECIII?CA1;ECII?DG/CA2/CA3",NULL,"3100411.png",NULL
3100411,6003,NULL,1041,NULL,"<b>Anatomical segregation between two corticoï¿½hippocampal circuits in wildï¿½type mice: ECIII?CA1 and ECII?DG/CA2/CA3.</b><br><b>a,</b> Experimental design depicting the injection of a nonï¿½Creï¿½dependent AAVrh8ï¿½CaMKIIaï¿½ChR2ï¿½YFP into the superficial medial entorhinal area of wild type mouse.<br><b>b,</b> Confocal image of a sagittal slice depicting YFP expression near the injection site in the MEC.<br><b>c,</b> Ipsilateral sagittal hippocampus section of infected mouse depicted in (b). Tissue stained for calbindin (white), RGS14 (red) and with DAPI (blue) and ChR2ï¿½YFP (green) expression. Both MECIII (terminating in CA1ï¿½SLM) and MECII fibers (terminating in DG, CA3 and CA2) can be seen. MECï¿½specific infection is confirmed by distribution of YFP in the middle oneï¿½third of the dendrites of the DG.<br><b>d,</b> Contralateral sagittal hippocampal section of the same mouse in (c) with same staining as (c). On the contralateral side, no MECII fibers can be detected, and MECIII fibers form a sharp boundary with the CA2ï¿½specific RGS14 staining.<br><b>e,</b> Ipsilateral sagittal hippocampus section of wild type mouse infected with AAVrh8ï¿½CaMKIIaï¿½ChR2ï¿½YFP in the superficial lateral entorhinal cortex (LEC). Tissue stained for calbindin (white), RGS14 (red) and DAPI (blue) and ChR2ï¿½YFP (green) expression. Both LECIII (terminating in SLM of CA1) and LECII fibers (terminating in DG, CA3 and CA2) can be seen. LEC infection is confirmed by expression of YFP in the outer oneï¿½third of the dendrites of the DG. Note: the distribution of the YFPï¿½positive LECIII fibers in CA1ï¿½SLM does not reach the proximal end of CA1. Note that YFPï¿½labeled LECII fibers overlap with RGS14ï¿½positive CA2 region.<br><b>f,</b> Contralateral sagittal hippocampal section of mouse depicted in (e) with same staining as (e). On the contralateral side, no LECII fibers can be seen, and LECIII fibers only reach the distal regions of CA1, far away from the RGS14 signal.","Fig. S10",NULL,NULL,NULL,NULL,24336151,0,"ECIII?CA1;ECII?DG/CA2/CA3",NULL,"3100411.png",NULL
3100411,6003,NULL,1001,NULL,"<b>Anatomical segregation between two corticoï¿½hippocampal circuits in wildï¿½type mice: ECIII?CA1 and ECII?DG/CA2/CA3.</b><br><b>a,</b> Experimental design depicting the injection of a nonï¿½Creï¿½dependent AAVrh8ï¿½CaMKIIaï¿½ChR2ï¿½YFP into the superficial medial entorhinal area of wild type mouse.<br><b>b,</b> Confocal image of a sagittal slice depicting YFP expression near the injection site in the MEC.<br><b>c,</b> Ipsilateral sagittal hippocampus section of infected mouse depicted in (b). Tissue stained for calbindin (white), RGS14 (red) and with DAPI (blue) and ChR2ï¿½YFP (green) expression. Both MECIII (terminating in CA1ï¿½SLM) and MECII fibers (terminating in DG, CA3 and CA2) can be seen. MECï¿½specific infection is confirmed by distribution of YFP in the middle oneï¿½third of the dendrites of the DG.<br><b>d,</b> Contralateral sagittal hippocampal section of the same mouse in (c) with same staining as (c). On the contralateral side, no MECII fibers can be detected, and MECIII fibers form a sharp boundary with the CA2ï¿½specific RGS14 staining.<br><b>e,</b> Ipsilateral sagittal hippocampus section of wild type mouse infected with AAVrh8ï¿½CaMKIIaï¿½ChR2ï¿½YFP in the superficial lateral entorhinal cortex (LEC). Tissue stained for calbindin (white), RGS14 (red) and DAPI (blue) and ChR2ï¿½YFP (green) expression. Both LECIII (terminating in SLM of CA1) and LECII fibers (terminating in DG, CA3 and CA2) can be seen. LEC infection is confirmed by expression of YFP in the outer oneï¿½third of the dendrites of the DG. Note: the distribution of the YFPï¿½positive LECIII fibers in CA1ï¿½SLM does not reach the proximal end of CA1. Note that YFPï¿½labeled LECII fibers overlap with RGS14ï¿½positive CA2 region.<br><b>f,</b> Contralateral sagittal hippocampal section of mouse depicted in (e) with same staining as (e). On the contralateral side, no LECII fibers can be seen, and LECIII fibers only reach the distal regions of CA1, far away from the RGS14 signal.","Fig. S10",NULL,NULL,NULL,NULL,24336151,0,"ECIII?CA1;ECII?DG/CA2/CA3",NULL,"3100411.png",NULL
3100411,6003,NULL,1002,NULL,"<b>Anatomical segregation between two corticoï¿½hippocampal circuits in wildï¿½type mice: ECIII?CA1 and ECII?DG/CA2/CA3.</b><br><b>a,</b> Experimental design depicting the injection of a nonï¿½Creï¿½dependent AAVrh8ï¿½CaMKIIaï¿½ChR2ï¿½YFP into the superficial medial entorhinal area of wild type mouse.<br><b>b,</b> Confocal image of a sagittal slice depicting YFP expression near the injection site in the MEC.<br><b>c,</b> Ipsilateral sagittal hippocampus section of infected mouse depicted in (b). Tissue stained for calbindin (white), RGS14 (red) and with DAPI (blue) and ChR2ï¿½YFP (green) expression. Both MECIII (terminating in CA1ï¿½SLM) and MECII fibers (terminating in DG, CA3 and CA2) can be seen. MECï¿½specific infection is confirmed by distribution of YFP in the middle oneï¿½third of the dendrites of the DG.<br><b>d,</b> Contralateral sagittal hippocampal section of the same mouse in (c) with same staining as (c). On the contralateral side, no MECII fibers can be detected, and MECIII fibers form a sharp boundary with the CA2ï¿½specific RGS14 staining.<br><b>e,</b> Ipsilateral sagittal hippocampus section of wild type mouse infected with AAVrh8ï¿½CaMKIIaï¿½ChR2ï¿½YFP in the superficial lateral entorhinal cortex (LEC). Tissue stained for calbindin (white), RGS14 (red) and DAPI (blue) and ChR2ï¿½YFP (green) expression. Both LECIII (terminating in SLM of CA1) and LECII fibers (terminating in DG, CA3 and CA2) can be seen. LEC infection is confirmed by expression of YFP in the outer oneï¿½third of the dendrites of the DG. Note: the distribution of the YFPï¿½positive LECIII fibers in CA1ï¿½SLM does not reach the proximal end of CA1. Note that YFPï¿½labeled LECII fibers overlap with RGS14ï¿½positive CA2 region.<br><b>f,</b> Contralateral sagittal hippocampal section of mouse depicted in (e) with same staining as (e). On the contralateral side, no LECII fibers can be seen, and LECIII fibers only reach the distal regions of CA1, far away from the RGS14 signal.","Fig. S10",NULL,NULL,NULL,NULL,24336151,0,"ECIII?CA1;ECII?DG/CA2/CA3",NULL,"3100411.png",NULL
3100411,6003,NULL,1043,NULL,"<b>Anatomical segregation between two corticoï¿½hippocampal circuits in wildï¿½type mice: ECIII?CA1 and ECII?DG/CA2/CA3.</b><br><b>a,</b> Experimental design depicting the injection of a nonï¿½Creï¿½dependent AAVrh8ï¿½CaMKIIaï¿½ChR2ï¿½YFP into the superficial medial entorhinal area of wild type mouse.<br><b>b,</b> Confocal image of a sagittal slice depicting YFP expression near the injection site in the MEC.<br><b>c,</b> Ipsilateral sagittal hippocampus section of infected mouse depicted in (b). Tissue stained for calbindin (white), RGS14 (red) and with DAPI (blue) and ChR2ï¿½YFP (green) expression. Both MECIII (terminating in CA1ï¿½SLM) and MECII fibers (terminating in DG, CA3 and CA2) can be seen. MECï¿½specific infection is confirmed by distribution of YFP in the middle oneï¿½third of the dendrites of the DG.<br><b>d,</b> Contralateral sagittal hippocampal section of the same mouse in (c) with same staining as (c). On the contralateral side, no MECII fibers can be detected, and MECIII fibers form a sharp boundary with the CA2ï¿½specific RGS14 staining.<br><b>e,</b> Ipsilateral sagittal hippocampus section of wild type mouse infected with AAVrh8ï¿½CaMKIIaï¿½ChR2ï¿½YFP in the superficial lateral entorhinal cortex (LEC). Tissue stained for calbindin (white), RGS14 (red) and DAPI (blue) and ChR2ï¿½YFP (green) expression. Both LECIII (terminating in SLM of CA1) and LECII fibers (terminating in DG, CA3 and CA2) can be seen. LEC infection is confirmed by expression of YFP in the outer oneï¿½third of the dendrites of the DG. Note: the distribution of the YFPï¿½positive LECIII fibers in CA1ï¿½SLM does not reach the proximal end of CA1. Note that YFPï¿½labeled LECII fibers overlap with RGS14ï¿½positive CA2 region.<br><b>f,</b> Contralateral sagittal hippocampal section of mouse depicted in (e) with same staining as (e). On the contralateral side, no LECII fibers can be seen, and LECIII fibers only reach the distal regions of CA1, far away from the RGS14 signal.","Fig. S10",NULL,NULL,NULL,NULL,24336151,0,"ECIII?CA1;ECII?DG/CA2/CA3",NULL,"3100411.png",NULL
3100411,6003,NULL,1027,NULL,"<b>Anatomical segregation between two corticoï¿½hippocampal circuits in wildï¿½type mice: ECIII?CA1 and ECII?DG/CA2/CA3.</b><br><b>a,</b> Experimental design depicting the injection of a nonï¿½Creï¿½dependent AAVrh8ï¿½CaMKIIaï¿½ChR2ï¿½YFP into the superficial medial entorhinal area of wild type mouse.<br><b>b,</b> Confocal image of a sagittal slice depicting YFP expression near the injection site in the MEC.<br><b>c,</b> Ipsilateral sagittal hippocampus section of infected mouse depicted in (b). Tissue stained for calbindin (white), RGS14 (red) and with DAPI (blue) and ChR2ï¿½YFP (green) expression. Both MECIII (terminating in CA1ï¿½SLM) and MECII fibers (terminating in DG, CA3 and CA2) can be seen. MECï¿½specific infection is confirmed by distribution of YFP in the middle oneï¿½third of the dendrites of the DG.<br><b>d,</b> Contralateral sagittal hippocampal section of the same mouse in (c) with same staining as (c). On the contralateral side, no MECII fibers can be detected, and MECIII fibers form a sharp boundary with the CA2ï¿½specific RGS14 staining.<br><b>e,</b> Ipsilateral sagittal hippocampus section of wild type mouse infected with AAVrh8ï¿½CaMKIIaï¿½ChR2ï¿½YFP in the superficial lateral entorhinal cortex (LEC). Tissue stained for calbindin (white), RGS14 (red) and DAPI (blue) and ChR2ï¿½YFP (green) expression. Both LECIII (terminating in SLM of CA1) and LECII fibers (terminating in DG, CA3 and CA2) can be seen. LEC infection is confirmed by expression of YFP in the outer oneï¿½third of the dendrites of the DG. Note: the distribution of the YFPï¿½positive LECIII fibers in CA1ï¿½SLM does not reach the proximal end of CA1. Note that YFPï¿½labeled LECII fibers overlap with RGS14ï¿½positive CA2 region.<br><b>f,</b> Contralateral sagittal hippocampal section of mouse depicted in (e) with same staining as (e). On the contralateral side, no LECII fibers can be seen, and LECIII fibers only reach the distal regions of CA1, far away from the RGS14 signal.","Fig. S10",NULL,NULL,NULL,NULL,24336151,0,"ECIII?CA1;ECII?DG/CA2/CA3",NULL,"3100411.png",NULL
3100411,6003,NULL,1010,NULL,"<b>Anatomical segregation between two corticoï¿½hippocampal circuits in wildï¿½type mice: ECIII?CA1 and ECII?DG/CA2/CA3.</b><br><b>a,</b> Experimental design depicting the injection of a nonï¿½Creï¿½dependent AAVrh8ï¿½CaMKIIaï¿½ChR2ï¿½YFP into the superficial medial entorhinal area of wild type mouse.<br><b>b,</b> Confocal image of a sagittal slice depicting YFP expression near the injection site in the MEC.<br><b>c,</b> Ipsilateral sagittal hippocampus section of infected mouse depicted in (b). Tissue stained for calbindin (white), RGS14 (red) and with DAPI (blue) and ChR2ï¿½YFP (green) expression. Both MECIII (terminating in CA1ï¿½SLM) and MECII fibers (terminating in DG, CA3 and CA2) can be seen. MECï¿½specific infection is confirmed by distribution of YFP in the middle oneï¿½third of the dendrites of the DG.<br><b>d,</b> Contralateral sagittal hippocampal section of the same mouse in (c) with same staining as (c). On the contralateral side, no MECII fibers can be detected, and MECIII fibers form a sharp boundary with the CA2ï¿½specific RGS14 staining.<br><b>e,</b> Ipsilateral sagittal hippocampus section of wild type mouse infected with AAVrh8ï¿½CaMKIIaï¿½ChR2ï¿½YFP in the superficial lateral entorhinal cortex (LEC). Tissue stained for calbindin (white), RGS14 (red) and DAPI (blue) and ChR2ï¿½YFP (green) expression. Both LECIII (terminating in SLM of CA1) and LECII fibers (terminating in DG, CA3 and CA2) can be seen. LEC infection is confirmed by expression of YFP in the outer oneï¿½third of the dendrites of the DG. Note: the distribution of the YFPï¿½positive LECIII fibers in CA1ï¿½SLM does not reach the proximal end of CA1. Note that YFPï¿½labeled LECII fibers overlap with RGS14ï¿½positive CA2 region.<br><b>f,</b> Contralateral sagittal hippocampal section of mouse depicted in (e) with same staining as (e). On the contralateral side, no LECII fibers can be seen, and LECIII fibers only reach the distal regions of CA1, far away from the RGS14 signal.","Fig. S10",NULL,NULL,NULL,NULL,24336151,0,"ECIII?CA1;ECII?DG/CA2/CA3",NULL,"3100411.png",NULL
3100411,6003,NULL,1035,NULL,"<b>Anatomical segregation between two corticoï¿½hippocampal circuits in wildï¿½type mice: ECIII?CA1 and ECII?DG/CA2/CA3.</b><br><b>a,</b> Experimental design depicting the injection of a nonï¿½Creï¿½dependent AAVrh8ï¿½CaMKIIaï¿½ChR2ï¿½YFP into the superficial medial entorhinal area of wild type mouse.<br><b>b,</b> Confocal image of a sagittal slice depicting YFP expression near the injection site in the MEC.<br><b>c,</b> Ipsilateral sagittal hippocampus section of infected mouse depicted in (b). Tissue stained for calbindin (white), RGS14 (red) and with DAPI (blue) and ChR2ï¿½YFP (green) expression. Both MECIII (terminating in CA1ï¿½SLM) and MECII fibers (terminating in DG, CA3 and CA2) can be seen. MECï¿½specific infection is confirmed by distribution of YFP in the middle oneï¿½third of the dendrites of the DG.<br><b>d,</b> Contralateral sagittal hippocampal section of the same mouse in (c) with same staining as (c). On the contralateral side, no MECII fibers can be detected, and MECIII fibers form a sharp boundary with the CA2ï¿½specific RGS14 staining.<br><b>e,</b> Ipsilateral sagittal hippocampus section of wild type mouse infected with AAVrh8ï¿½CaMKIIaï¿½ChR2ï¿½YFP in the superficial lateral entorhinal cortex (LEC). Tissue stained for calbindin (white), RGS14 (red) and DAPI (blue) and ChR2ï¿½YFP (green) expression. Both LECIII (terminating in SLM of CA1) and LECII fibers (terminating in DG, CA3 and CA2) can be seen. LEC infection is confirmed by expression of YFP in the outer oneï¿½third of the dendrites of the DG. Note: the distribution of the YFPï¿½positive LECIII fibers in CA1ï¿½SLM does not reach the proximal end of CA1. Note that YFPï¿½labeled LECII fibers overlap with RGS14ï¿½positive CA2 region.<br><b>f,</b> Contralateral sagittal hippocampal section of mouse depicted in (e) with same staining as (e). On the contralateral side, no LECII fibers can be seen, and LECIII fibers only reach the distal regions of CA1, far away from the RGS14 signal.","Fig. S10",NULL,NULL,NULL,NULL,24336151,0,"ECIII?CA1;ECII?DG/CA2/CA3",NULL,"3100411.png",NULL
3100411,6003,NULL,1036,NULL,"<b>Anatomical segregation between two corticoï¿½hippocampal circuits in wildï¿½type mice: ECIII?CA1 and ECII?DG/CA2/CA3.</b><br><b>a,</b> Experimental design depicting the injection of a nonï¿½Creï¿½dependent AAVrh8ï¿½CaMKIIaï¿½ChR2ï¿½YFP into the superficial medial entorhinal area of wild type mouse.<br><b>b,</b> Confocal image of a sagittal slice depicting YFP expression near the injection site in the MEC.<br><b>c,</b> Ipsilateral sagittal hippocampus section of infected mouse depicted in (b). Tissue stained for calbindin (white), RGS14 (red) and with DAPI (blue) and ChR2ï¿½YFP (green) expression. Both MECIII (terminating in CA1ï¿½SLM) and MECII fibers (terminating in DG, CA3 and CA2) can be seen. MECï¿½specific infection is confirmed by distribution of YFP in the middle oneï¿½third of the dendrites of the DG.<br><b>d,</b> Contralateral sagittal hippocampal section of the same mouse in (c) with same staining as (c). On the contralateral side, no MECII fibers can be detected, and MECIII fibers form a sharp boundary with the CA2ï¿½specific RGS14 staining.<br><b>e,</b> Ipsilateral sagittal hippocampus section of wild type mouse infected with AAVrh8ï¿½CaMKIIaï¿½ChR2ï¿½YFP in the superficial lateral entorhinal cortex (LEC). Tissue stained for calbindin (white), RGS14 (red) and DAPI (blue) and ChR2ï¿½YFP (green) expression. Both LECIII (terminating in SLM of CA1) and LECII fibers (terminating in DG, CA3 and CA2) can be seen. LEC infection is confirmed by expression of YFP in the outer oneï¿½third of the dendrites of the DG. Note: the distribution of the YFPï¿½positive LECIII fibers in CA1ï¿½SLM does not reach the proximal end of CA1. Note that YFPï¿½labeled LECII fibers overlap with RGS14ï¿½positive CA2 region.<br><b>f,</b> Contralateral sagittal hippocampal section of mouse depicted in (e) with same staining as (e). On the contralateral side, no LECII fibers can be seen, and LECIII fibers only reach the distal regions of CA1, far away from the RGS14 signal.","Fig. S10",NULL,NULL,NULL,NULL,24336151,0,"ECIII?CA1;ECII?DG/CA2/CA3",NULL,"3100411.png",NULL
3100411,6003,NULL,1009,NULL,"<b>Anatomical segregation between two corticoï¿½hippocampal circuits in wildï¿½type mice: ECIII?CA1 and ECII?DG/CA2/CA3.</b><br><b>a,</b> Experimental design depicting the injection of a nonï¿½Creï¿½dependent AAVrh8ï¿½CaMKIIaï¿½ChR2ï¿½YFP into the superficial medial entorhinal area of wild type mouse.<br><b>b,</b> Confocal image of a sagittal slice depicting YFP expression near the injection site in the MEC.<br><b>c,</b> Ipsilateral sagittal hippocampus section of infected mouse depicted in (b). Tissue stained for calbindin (white), RGS14 (red) and with DAPI (blue) and ChR2ï¿½YFP (green) expression. Both MECIII (terminating in CA1ï¿½SLM) and MECII fibers (terminating in DG, CA3 and CA2) can be seen. MECï¿½specific infection is confirmed by distribution of YFP in the middle oneï¿½third of the dendrites of the DG.<br><b>d,</b> Contralateral sagittal hippocampal section of the same mouse in (c) with same staining as (c). On the contralateral side, no MECII fibers can be detected, and MECIII fibers form a sharp boundary with the CA2ï¿½specific RGS14 staining.<br><b>e,</b> Ipsilateral sagittal hippocampus section of wild type mouse infected with AAVrh8ï¿½CaMKIIaï¿½ChR2ï¿½YFP in the superficial lateral entorhinal cortex (LEC). Tissue stained for calbindin (white), RGS14 (red) and DAPI (blue) and ChR2ï¿½YFP (green) expression. Both LECIII (terminating in SLM of CA1) and LECII fibers (terminating in DG, CA3 and CA2) can be seen. LEC infection is confirmed by expression of YFP in the outer oneï¿½third of the dendrites of the DG. Note: the distribution of the YFPï¿½positive LECIII fibers in CA1ï¿½SLM does not reach the proximal end of CA1. Note that YFPï¿½labeled LECII fibers overlap with RGS14ï¿½positive CA2 region.<br><b>f,</b> Contralateral sagittal hippocampal section of mouse depicted in (e) with same staining as (e). On the contralateral side, no LECII fibers can be seen, and LECIII fibers only reach the distal regions of CA1, far away from the RGS14 signal.","Fig. S10",NULL,NULL,NULL,NULL,24336151,0,"ECIII?CA1;ECII?DG/CA2/CA3",NULL,"3100411.png",NULL
3100411,6003,NULL,1026,NULL,"<b>Anatomical segregation between two corticoï¿½hippocampal circuits in wildï¿½type mice: ECIII?CA1 and ECII?DG/CA2/CA3.</b><br><b>a,</b> Experimental design depicting the injection of a nonï¿½Creï¿½dependent AAVrh8ï¿½CaMKIIaï¿½ChR2ï¿½YFP into the superficial medial entorhinal area of wild type mouse.<br><b>b,</b> Confocal image of a sagittal slice depicting YFP expression near the injection site in the MEC.<br><b>c,</b> Ipsilateral sagittal hippocampus section of infected mouse depicted in (b). Tissue stained for calbindin (white), RGS14 (red) and with DAPI (blue) and ChR2ï¿½YFP (green) expression. Both MECIII (terminating in CA1ï¿½SLM) and MECII fibers (terminating in DG, CA3 and CA2) can be seen. MECï¿½specific infection is confirmed by distribution of YFP in the middle oneï¿½third of the dendrites of the DG.<br><b>d,</b> Contralateral sagittal hippocampal section of the same mouse in (c) with same staining as (c). On the contralateral side, no MECII fibers can be detected, and MECIII fibers form a sharp boundary with the CA2ï¿½specific RGS14 staining.<br><b>e,</b> Ipsilateral sagittal hippocampus section of wild type mouse infected with AAVrh8ï¿½CaMKIIaï¿½ChR2ï¿½YFP in the superficial lateral entorhinal cortex (LEC). Tissue stained for calbindin (white), RGS14 (red) and DAPI (blue) and ChR2ï¿½YFP (green) expression. Both LECIII (terminating in SLM of CA1) and LECII fibers (terminating in DG, CA3 and CA2) can be seen. LEC infection is confirmed by expression of YFP in the outer oneï¿½third of the dendrites of the DG. Note: the distribution of the YFPï¿½positive LECIII fibers in CA1ï¿½SLM does not reach the proximal end of CA1. Note that YFPï¿½labeled LECII fibers overlap with RGS14ï¿½positive CA2 region.<br><b>f,</b> Contralateral sagittal hippocampal section of mouse depicted in (e) with same staining as (e). On the contralateral side, no LECII fibers can be seen, and LECIII fibers only reach the distal regions of CA1, far away from the RGS14 signal.","Fig. S10",NULL,NULL,NULL,NULL,24336151,0,"ECIII?CA1;ECII?DG/CA2/CA3",NULL,"3100411.png",NULL
3100411,6003,NULL,1040,NULL,"<b>Anatomical segregation between two corticoï¿½hippocampal circuits in wildï¿½type mice: ECIII?CA1 and ECII?DG/CA2/CA3.</b><br><b>a,</b> Experimental design depicting the injection of a nonï¿½Creï¿½dependent AAVrh8ï¿½CaMKIIaï¿½ChR2ï¿½YFP into the superficial medial entorhinal area of wild type mouse.<br><b>b,</b> Confocal image of a sagittal slice depicting YFP expression near the injection site in the MEC.<br><b>c,</b> Ipsilateral sagittal hippocampus section of infected mouse depicted in (b). Tissue stained for calbindin (white), RGS14 (red) and with DAPI (blue) and ChR2ï¿½YFP (green) expression. Both MECIII (terminating in CA1ï¿½SLM) and MECII fibers (terminating in DG, CA3 and CA2) can be seen. MECï¿½specific infection is confirmed by distribution of YFP in the middle oneï¿½third of the dendrites of the DG.<br><b>d,</b> Contralateral sagittal hippocampal section of the same mouse in (c) with same staining as (c). On the contralateral side, no MECII fibers can be detected, and MECIII fibers form a sharp boundary with the CA2ï¿½specific RGS14 staining.<br><b>e,</b> Ipsilateral sagittal hippocampus section of wild type mouse infected with AAVrh8ï¿½CaMKIIaï¿½ChR2ï¿½YFP in the superficial lateral entorhinal cortex (LEC). Tissue stained for calbindin (white), RGS14 (red) and DAPI (blue) and ChR2ï¿½YFP (green) expression. Both LECIII (terminating in SLM of CA1) and LECII fibers (terminating in DG, CA3 and CA2) can be seen. LEC infection is confirmed by expression of YFP in the outer oneï¿½third of the dendrites of the DG. Note: the distribution of the YFPï¿½positive LECIII fibers in CA1ï¿½SLM does not reach the proximal end of CA1. Note that YFPï¿½labeled LECII fibers overlap with RGS14ï¿½positive CA2 region.<br><b>f,</b> Contralateral sagittal hippocampal section of mouse depicted in (e) with same staining as (e). On the contralateral side, no LECII fibers can be seen, and LECIII fibers only reach the distal regions of CA1, far away from the RGS14 signal.","Fig. S10",NULL,NULL,NULL,NULL,24336151,0,"ECIII?CA1;ECII?DG/CA2/CA3",NULL,"3100411.png",NULL
3100411,6003,NULL,1005,NULL,"<b>Anatomical segregation between two corticoï¿½hippocampal circuits in wildï¿½type mice: ECIII?CA1 and ECII?DG/CA2/CA3.</b><br><b>a,</b> Experimental design depicting the injection of a nonï¿½Creï¿½dependent AAVrh8ï¿½CaMKIIaï¿½ChR2ï¿½YFP into the superficial medial entorhinal area of wild type mouse.<br><b>b,</b> Confocal image of a sagittal slice depicting YFP expression near the injection site in the MEC.<br><b>c,</b> Ipsilateral sagittal hippocampus section of infected mouse depicted in (b). Tissue stained for calbindin (white), RGS14 (red) and with DAPI (blue) and ChR2ï¿½YFP (green) expression. Both MECIII (terminating in CA1ï¿½SLM) and MECII fibers (terminating in DG, CA3 and CA2) can be seen. MECï¿½specific infection is confirmed by distribution of YFP in the middle oneï¿½third of the dendrites of the DG.<br><b>d,</b> Contralateral sagittal hippocampal section of the same mouse in (c) with same staining as (c). On the contralateral side, no MECII fibers can be detected, and MECIII fibers form a sharp boundary with the CA2ï¿½specific RGS14 staining.<br><b>e,</b> Ipsilateral sagittal hippocampus section of wild type mouse infected with AAVrh8ï¿½CaMKIIaï¿½ChR2ï¿½YFP in the superficial lateral entorhinal cortex (LEC). Tissue stained for calbindin (white), RGS14 (red) and DAPI (blue) and ChR2ï¿½YFP (green) expression. Both LECIII (terminating in SLM of CA1) and LECII fibers (terminating in DG, CA3 and CA2) can be seen. LEC infection is confirmed by expression of YFP in the outer oneï¿½third of the dendrites of the DG. Note: the distribution of the YFPï¿½positive LECIII fibers in CA1ï¿½SLM does not reach the proximal end of CA1. Note that YFPï¿½labeled LECII fibers overlap with RGS14ï¿½positive CA2 region.<br><b>f,</b> Contralateral sagittal hippocampal section of mouse depicted in (e) with same staining as (e). On the contralateral side, no LECII fibers can be seen, and LECIII fibers only reach the distal regions of CA1, far away from the RGS14 signal.","Fig. S10",NULL,NULL,NULL,NULL,24336151,0,"ECIII?CA1;ECII?DG/CA2/CA3",NULL,"3100411.png",NULL
3100411,6003,NULL,1008,NULL,"<b>Anatomical segregation between two corticoï¿½hippocampal circuits in wildï¿½type mice: ECIII?CA1 and ECII?DG/CA2/CA3.</b><br><b>a,</b> Experimental design depicting the injection of a nonï¿½Creï¿½dependent AAVrh8ï¿½CaMKIIaï¿½ChR2ï¿½YFP into the superficial medial entorhinal area of wild type mouse.<br><b>b,</b> Confocal image of a sagittal slice depicting YFP expression near the injection site in the MEC.<br><b>c,</b> Ipsilateral sagittal hippocampus section of infected mouse depicted in (b). Tissue stained for calbindin (white), RGS14 (red) and with DAPI (blue) and ChR2ï¿½YFP (green) expression. Both MECIII (terminating in CA1ï¿½SLM) and MECII fibers (terminating in DG, CA3 and CA2) can be seen. MECï¿½specific infection is confirmed by distribution of YFP in the middle oneï¿½third of the dendrites of the DG.<br><b>d,</b> Contralateral sagittal hippocampal section of the same mouse in (c) with same staining as (c). On the contralateral side, no MECII fibers can be detected, and MECIII fibers form a sharp boundary with the CA2ï¿½specific RGS14 staining.<br><b>e,</b> Ipsilateral sagittal hippocampus section of wild type mouse infected with AAVrh8ï¿½CaMKIIaï¿½ChR2ï¿½YFP in the superficial lateral entorhinal cortex (LEC). Tissue stained for calbindin (white), RGS14 (red) and DAPI (blue) and ChR2ï¿½YFP (green) expression. Both LECIII (terminating in SLM of CA1) and LECII fibers (terminating in DG, CA3 and CA2) can be seen. LEC infection is confirmed by expression of YFP in the outer oneï¿½third of the dendrites of the DG. Note: the distribution of the YFPï¿½positive LECIII fibers in CA1ï¿½SLM does not reach the proximal end of CA1. Note that YFPï¿½labeled LECII fibers overlap with RGS14ï¿½positive CA2 region.<br><b>f,</b> Contralateral sagittal hippocampal section of mouse depicted in (e) with same staining as (e). On the contralateral side, no LECII fibers can be seen, and LECIII fibers only reach the distal regions of CA1, far away from the RGS14 signal.","Fig. S10",NULL,NULL,NULL,NULL,24336151,0,"ECIII?CA1;ECII?DG/CA2/CA3",NULL,"3100411.png",NULL
3100411,6003,NULL,1007,NULL,"<b>Anatomical segregation between two corticoï¿½hippocampal circuits in wildï¿½type mice: ECIII?CA1 and ECII?DG/CA2/CA3.</b><br><b>a,</b> Experimental design depicting the injection of a nonï¿½Creï¿½dependent AAVrh8ï¿½CaMKIIaï¿½ChR2ï¿½YFP into the superficial medial entorhinal area of wild type mouse.<br><b>b,</b> Confocal image of a sagittal slice depicting YFP expression near the injection site in the MEC.<br><b>c,</b> Ipsilateral sagittal hippocampus section of infected mouse depicted in (b). Tissue stained for calbindin (white), RGS14 (red) and with DAPI (blue) and ChR2ï¿½YFP (green) expression. Both MECIII (terminating in CA1ï¿½SLM) and MECII fibers (terminating in DG, CA3 and CA2) can be seen. MECï¿½specific infection is confirmed by distribution of YFP in the middle oneï¿½third of the dendrites of the DG.<br><b>d,</b> Contralateral sagittal hippocampal section of the same mouse in (c) with same staining as (c). On the contralateral side, no MECII fibers can be detected, and MECIII fibers form a sharp boundary with the CA2ï¿½specific RGS14 staining.<br><b>e,</b> Ipsilateral sagittal hippocampus section of wild type mouse infected with AAVrh8ï¿½CaMKIIaï¿½ChR2ï¿½YFP in the superficial lateral entorhinal cortex (LEC). Tissue stained for calbindin (white), RGS14 (red) and DAPI (blue) and ChR2ï¿½YFP (green) expression. Both LECIII (terminating in SLM of CA1) and LECII fibers (terminating in DG, CA3 and CA2) can be seen. LEC infection is confirmed by expression of YFP in the outer oneï¿½third of the dendrites of the DG. Note: the distribution of the YFPï¿½positive LECIII fibers in CA1ï¿½SLM does not reach the proximal end of CA1. Note that YFPï¿½labeled LECII fibers overlap with RGS14ï¿½positive CA2 region.<br><b>f,</b> Contralateral sagittal hippocampal section of mouse depicted in (e) with same staining as (e). On the contralateral side, no LECII fibers can be seen, and LECIII fibers only reach the distal regions of CA1, far away from the RGS14 signal.","Fig. S10",NULL,NULL,NULL,NULL,24336151,0,"ECIII?CA1;ECII?DG/CA2/CA3",NULL,"3100411.png",NULL
3100411,6003,NULL,1006,NULL,"<b>Anatomical segregation between two corticoï¿½hippocampal circuits in wildï¿½type mice: ECIII?CA1 and ECII?DG/CA2/CA3.</b><br><b>a,</b> Experimental design depicting the injection of a nonï¿½Creï¿½dependent AAVrh8ï¿½CaMKIIaï¿½ChR2ï¿½YFP into the superficial medial entorhinal area of wild type mouse.<br><b>b,</b> Confocal image of a sagittal slice depicting YFP expression near the injection site in the MEC.<br><b>c,</b> Ipsilateral sagittal hippocampus section of infected mouse depicted in (b). Tissue stained for calbindin (white), RGS14 (red) and with DAPI (blue) and ChR2ï¿½YFP (green) expression. Both MECIII (terminating in CA1ï¿½SLM) and MECII fibers (terminating in DG, CA3 and CA2) can be seen. MECï¿½specific infection is confirmed by distribution of YFP in the middle oneï¿½third of the dendrites of the DG.<br><b>d,</b> Contralateral sagittal hippocampal section of the same mouse in (c) with same staining as (c). On the contralateral side, no MECII fibers can be detected, and MECIII fibers form a sharp boundary with the CA2ï¿½specific RGS14 staining.<br><b>e,</b> Ipsilateral sagittal hippocampus section of wild type mouse infected with AAVrh8ï¿½CaMKIIaï¿½ChR2ï¿½YFP in the superficial lateral entorhinal cortex (LEC). Tissue stained for calbindin (white), RGS14 (red) and DAPI (blue) and ChR2ï¿½YFP (green) expression. Both LECIII (terminating in SLM of CA1) and LECII fibers (terminating in DG, CA3 and CA2) can be seen. LEC infection is confirmed by expression of YFP in the outer oneï¿½third of the dendrites of the DG. Note: the distribution of the YFPï¿½positive LECIII fibers in CA1ï¿½SLM does not reach the proximal end of CA1. Note that YFPï¿½labeled LECII fibers overlap with RGS14ï¿½positive CA2 region.<br><b>f,</b> Contralateral sagittal hippocampal section of mouse depicted in (e) with same staining as (e). On the contralateral side, no LECII fibers can be seen, and LECIII fibers only reach the distal regions of CA1, far away from the RGS14 signal.","Fig. S10",NULL,NULL,NULL,NULL,24336151,0,"ECIII?CA1;ECII?DG/CA2/CA3",NULL,"3100411.png",NULL
3100411,6003,NULL,1004,NULL,"<b>Anatomical segregation between two corticoï¿½hippocampal circuits in wildï¿½type mice: ECIII?CA1 and ECII?DG/CA2/CA3.</b><br><b>a,</b> Experimental design depicting the injection of a nonï¿½Creï¿½dependent AAVrh8ï¿½CaMKIIaï¿½ChR2ï¿½YFP into the superficial medial entorhinal area of wild type mouse.<br><b>b,</b> Confocal image of a sagittal slice depicting YFP expression near the injection site in the MEC.<br><b>c,</b> Ipsilateral sagittal hippocampus section of infected mouse depicted in (b). Tissue stained for calbindin (white), RGS14 (red) and with DAPI (blue) and ChR2ï¿½YFP (green) expression. Both MECIII (terminating in CA1ï¿½SLM) and MECII fibers (terminating in DG, CA3 and CA2) can be seen. MECï¿½specific infection is confirmed by distribution of YFP in the middle oneï¿½third of the dendrites of the DG.<br><b>d,</b> Contralateral sagittal hippocampal section of the same mouse in (c) with same staining as (c). On the contralateral side, no MECII fibers can be detected, and MECIII fibers form a sharp boundary with the CA2ï¿½specific RGS14 staining.<br><b>e,</b> Ipsilateral sagittal hippocampus section of wild type mouse infected with AAVrh8ï¿½CaMKIIaï¿½ChR2ï¿½YFP in the superficial lateral entorhinal cortex (LEC). Tissue stained for calbindin (white), RGS14 (red) and DAPI (blue) and ChR2ï¿½YFP (green) expression. Both LECIII (terminating in SLM of CA1) and LECII fibers (terminating in DG, CA3 and CA2) can be seen. LEC infection is confirmed by expression of YFP in the outer oneï¿½third of the dendrites of the DG. Note: the distribution of the YFPï¿½positive LECIII fibers in CA1ï¿½SLM does not reach the proximal end of CA1. Note that YFPï¿½labeled LECII fibers overlap with RGS14ï¿½positive CA2 region.<br><b>f,</b> Contralateral sagittal hippocampal section of mouse depicted in (e) with same staining as (e). On the contralateral side, no LECII fibers can be seen, and LECIII fibers only reach the distal regions of CA1, far away from the RGS14 signal.","Fig. S10",NULL,NULL,NULL,NULL,24336151,0,"ECIII?CA1;ECII?DG/CA2/CA3",NULL,"3100411.png",NULL
3100411,6082,NULL,1000,NULL,"<b>Anatomical segregation between two corticoï¿½hippocampal circuits in wildï¿½type mice: ECIII?CA1 and ECII?DG/CA2/CA3.</b><br><b>a,</b> Experimental design depicting the injection of a nonï¿½Creï¿½dependent AAVrh8ï¿½CaMKIIaï¿½ChR2ï¿½YFP into the superficial medial entorhinal area of wild type mouse.<br><b>b,</b> Confocal image of a sagittal slice depicting YFP expression near the injection site in the MEC.<br><b>c,</b> Ipsilateral sagittal hippocampus section of infected mouse depicted in (b). Tissue stained for calbindin (white), RGS14 (red) and with DAPI (blue) and ChR2ï¿½YFP (green) expression. Both MECIII (terminating in CA1ï¿½SLM) and MECII fibers (terminating in DG, CA3 and CA2) can be seen. MECï¿½specific infection is confirmed by distribution of YFP in the middle oneï¿½third of the dendrites of the DG.<br><b>d,</b> Contralateral sagittal hippocampal section of the same mouse in (c) with same staining as (c). On the contralateral side, no MECII fibers can be detected, and MECIII fibers form a sharp boundary with the CA2ï¿½specific RGS14 staining.<br><b>e,</b> Ipsilateral sagittal hippocampus section of wild type mouse infected with AAVrh8ï¿½CaMKIIaï¿½ChR2ï¿½YFP in the superficial lateral entorhinal cortex (LEC). Tissue stained for calbindin (white), RGS14 (red) and DAPI (blue) and ChR2ï¿½YFP (green) expression. Both LECIII (terminating in SLM of CA1) and LECII fibers (terminating in DG, CA3 and CA2) can be seen. LEC infection is confirmed by expression of YFP in the outer oneï¿½third of the dendrites of the DG. Note: the distribution of the YFPï¿½positive LECIII fibers in CA1ï¿½SLM does not reach the proximal end of CA1. Note that YFPï¿½labeled LECII fibers overlap with RGS14ï¿½positive CA2 region.<br><b>f,</b> Contralateral sagittal hippocampal section of mouse depicted in (e) with same staining as (e). On the contralateral side, no LECII fibers can be seen, and LECIII fibers only reach the distal regions of CA1, far away from the RGS14 signal.","Fig. S10",NULL,NULL,NULL,NULL,24336151,0,"ECIII?CA1;ECII?DG/CA2/CA3",NULL,"3100411.png",NULL
3100411,6082,NULL,1041,NULL,"<b>Anatomical segregation between two corticoï¿½hippocampal circuits in wildï¿½type mice: ECIII?CA1 and ECII?DG/CA2/CA3.</b><br><b>a,</b> Experimental design depicting the injection of a nonï¿½Creï¿½dependent AAVrh8ï¿½CaMKIIaï¿½ChR2ï¿½YFP into the superficial medial entorhinal area of wild type mouse.<br><b>b,</b> Confocal image of a sagittal slice depicting YFP expression near the injection site in the MEC.<br><b>c,</b> Ipsilateral sagittal hippocampus section of infected mouse depicted in (b). Tissue stained for calbindin (white), RGS14 (red) and with DAPI (blue) and ChR2ï¿½YFP (green) expression. Both MECIII (terminating in CA1ï¿½SLM) and MECII fibers (terminating in DG, CA3 and CA2) can be seen. MECï¿½specific infection is confirmed by distribution of YFP in the middle oneï¿½third of the dendrites of the DG.<br><b>d,</b> Contralateral sagittal hippocampal section of the same mouse in (c) with same staining as (c). On the contralateral side, no MECII fibers can be detected, and MECIII fibers form a sharp boundary with the CA2ï¿½specific RGS14 staining.<br><b>e,</b> Ipsilateral sagittal hippocampus section of wild type mouse infected with AAVrh8ï¿½CaMKIIaï¿½ChR2ï¿½YFP in the superficial lateral entorhinal cortex (LEC). Tissue stained for calbindin (white), RGS14 (red) and DAPI (blue) and ChR2ï¿½YFP (green) expression. Both LECIII (terminating in SLM of CA1) and LECII fibers (terminating in DG, CA3 and CA2) can be seen. LEC infection is confirmed by expression of YFP in the outer oneï¿½third of the dendrites of the DG. Note: the distribution of the YFPï¿½positive LECIII fibers in CA1ï¿½SLM does not reach the proximal end of CA1. Note that YFPï¿½labeled LECII fibers overlap with RGS14ï¿½positive CA2 region.<br><b>f,</b> Contralateral sagittal hippocampal section of mouse depicted in (e) with same staining as (e). On the contralateral side, no LECII fibers can be seen, and LECIII fibers only reach the distal regions of CA1, far away from the RGS14 signal.","Fig. S10",NULL,NULL,NULL,NULL,24336151,0,"ECIII?CA1;ECII?DG/CA2/CA3",NULL,"3100411.png",NULL
3100411,6082,NULL,1001,NULL,"<b>Anatomical segregation between two corticoï¿½hippocampal circuits in wildï¿½type mice: ECIII?CA1 and ECII?DG/CA2/CA3.</b><br><b>a,</b> Experimental design depicting the injection of a nonï¿½Creï¿½dependent AAVrh8ï¿½CaMKIIaï¿½ChR2ï¿½YFP into the superficial medial entorhinal area of wild type mouse.<br><b>b,</b> Confocal image of a sagittal slice depicting YFP expression near the injection site in the MEC.<br><b>c,</b> Ipsilateral sagittal hippocampus section of infected mouse depicted in (b). Tissue stained for calbindin (white), RGS14 (red) and with DAPI (blue) and ChR2ï¿½YFP (green) expression. Both MECIII (terminating in CA1ï¿½SLM) and MECII fibers (terminating in DG, CA3 and CA2) can be seen. MECï¿½specific infection is confirmed by distribution of YFP in the middle oneï¿½third of the dendrites of the DG.<br><b>d,</b> Contralateral sagittal hippocampal section of the same mouse in (c) with same staining as (c). On the contralateral side, no MECII fibers can be detected, and MECIII fibers form a sharp boundary with the CA2ï¿½specific RGS14 staining.<br><b>e,</b> Ipsilateral sagittal hippocampus section of wild type mouse infected with AAVrh8ï¿½CaMKIIaï¿½ChR2ï¿½YFP in the superficial lateral entorhinal cortex (LEC). Tissue stained for calbindin (white), RGS14 (red) and DAPI (blue) and ChR2ï¿½YFP (green) expression. Both LECIII (terminating in SLM of CA1) and LECII fibers (terminating in DG, CA3 and CA2) can be seen. LEC infection is confirmed by expression of YFP in the outer oneï¿½third of the dendrites of the DG. Note: the distribution of the YFPï¿½positive LECIII fibers in CA1ï¿½SLM does not reach the proximal end of CA1. Note that YFPï¿½labeled LECII fibers overlap with RGS14ï¿½positive CA2 region.<br><b>f,</b> Contralateral sagittal hippocampal section of mouse depicted in (e) with same staining as (e). On the contralateral side, no LECII fibers can be seen, and LECIII fibers only reach the distal regions of CA1, far away from the RGS14 signal.","Fig. S10",NULL,NULL,NULL,NULL,24336151,0,"ECIII?CA1;ECII?DG/CA2/CA3",NULL,"3100411.png",NULL
3100411,6082,NULL,1002,NULL,"<b>Anatomical segregation between two corticoï¿½hippocampal circuits in wildï¿½type mice: ECIII?CA1 and ECII?DG/CA2/CA3.</b><br><b>a,</b> Experimental design depicting the injection of a nonï¿½Creï¿½dependent AAVrh8ï¿½CaMKIIaï¿½ChR2ï¿½YFP into the superficial medial entorhinal area of wild type mouse.<br><b>b,</b> Confocal image of a sagittal slice depicting YFP expression near the injection site in the MEC.<br><b>c,</b> Ipsilateral sagittal hippocampus section of infected mouse depicted in (b). Tissue stained for calbindin (white), RGS14 (red) and with DAPI (blue) and ChR2ï¿½YFP (green) expression. Both MECIII (terminating in CA1ï¿½SLM) and MECII fibers (terminating in DG, CA3 and CA2) can be seen. MECï¿½specific infection is confirmed by distribution of YFP in the middle oneï¿½third of the dendrites of the DG.<br><b>d,</b> Contralateral sagittal hippocampal section of the same mouse in (c) with same staining as (c). On the contralateral side, no MECII fibers can be detected, and MECIII fibers form a sharp boundary with the CA2ï¿½specific RGS14 staining.<br><b>e,</b> Ipsilateral sagittal hippocampus section of wild type mouse infected with AAVrh8ï¿½CaMKIIaï¿½ChR2ï¿½YFP in the superficial lateral entorhinal cortex (LEC). Tissue stained for calbindin (white), RGS14 (red) and DAPI (blue) and ChR2ï¿½YFP (green) expression. Both LECIII (terminating in SLM of CA1) and LECII fibers (terminating in DG, CA3 and CA2) can be seen. LEC infection is confirmed by expression of YFP in the outer oneï¿½third of the dendrites of the DG. Note: the distribution of the YFPï¿½positive LECIII fibers in CA1ï¿½SLM does not reach the proximal end of CA1. Note that YFPï¿½labeled LECII fibers overlap with RGS14ï¿½positive CA2 region.<br><b>f,</b> Contralateral sagittal hippocampal section of mouse depicted in (e) with same staining as (e). On the contralateral side, no LECII fibers can be seen, and LECIII fibers only reach the distal regions of CA1, far away from the RGS14 signal.","Fig. S10",NULL,NULL,NULL,NULL,24336151,0,"ECIII?CA1;ECII?DG/CA2/CA3",NULL,"3100411.png",NULL
3100411,6082,NULL,1043,NULL,"<b>Anatomical segregation between two corticoï¿½hippocampal circuits in wildï¿½type mice: ECIII?CA1 and ECII?DG/CA2/CA3.</b><br><b>a,</b> Experimental design depicting the injection of a nonï¿½Creï¿½dependent AAVrh8ï¿½CaMKIIaï¿½ChR2ï¿½YFP into the superficial medial entorhinal area of wild type mouse.<br><b>b,</b> Confocal image of a sagittal slice depicting YFP expression near the injection site in the MEC.<br><b>c,</b> Ipsilateral sagittal hippocampus section of infected mouse depicted in (b). Tissue stained for calbindin (white), RGS14 (red) and with DAPI (blue) and ChR2ï¿½YFP (green) expression. Both MECIII (terminating in CA1ï¿½SLM) and MECII fibers (terminating in DG, CA3 and CA2) can be seen. MECï¿½specific infection is confirmed by distribution of YFP in the middle oneï¿½third of the dendrites of the DG.<br><b>d,</b> Contralateral sagittal hippocampal section of the same mouse in (c) with same staining as (c). On the contralateral side, no MECII fibers can be detected, and MECIII fibers form a sharp boundary with the CA2ï¿½specific RGS14 staining.<br><b>e,</b> Ipsilateral sagittal hippocampus section of wild type mouse infected with AAVrh8ï¿½CaMKIIaï¿½ChR2ï¿½YFP in the superficial lateral entorhinal cortex (LEC). Tissue stained for calbindin (white), RGS14 (red) and DAPI (blue) and ChR2ï¿½YFP (green) expression. Both LECIII (terminating in SLM of CA1) and LECII fibers (terminating in DG, CA3 and CA2) can be seen. LEC infection is confirmed by expression of YFP in the outer oneï¿½third of the dendrites of the DG. Note: the distribution of the YFPï¿½positive LECIII fibers in CA1ï¿½SLM does not reach the proximal end of CA1. Note that YFPï¿½labeled LECII fibers overlap with RGS14ï¿½positive CA2 region.<br><b>f,</b> Contralateral sagittal hippocampal section of mouse depicted in (e) with same staining as (e). On the contralateral side, no LECII fibers can be seen, and LECIII fibers only reach the distal regions of CA1, far away from the RGS14 signal.","Fig. S10",NULL,NULL,NULL,NULL,24336151,0,"ECIII?CA1;ECII?DG/CA2/CA3",NULL,"3100411.png",NULL
3100411,6082,NULL,1027,NULL,"<b>Anatomical segregation between two corticoï¿½hippocampal circuits in wildï¿½type mice: ECIII?CA1 and ECII?DG/CA2/CA3.</b><br><b>a,</b> Experimental design depicting the injection of a nonï¿½Creï¿½dependent AAVrh8ï¿½CaMKIIaï¿½ChR2ï¿½YFP into the superficial medial entorhinal area of wild type mouse.<br><b>b,</b> Confocal image of a sagittal slice depicting YFP expression near the injection site in the MEC.<br><b>c,</b> Ipsilateral sagittal hippocampus section of infected mouse depicted in (b). Tissue stained for calbindin (white), RGS14 (red) and with DAPI (blue) and ChR2ï¿½YFP (green) expression. Both MECIII (terminating in CA1ï¿½SLM) and MECII fibers (terminating in DG, CA3 and CA2) can be seen. MECï¿½specific infection is confirmed by distribution of YFP in the middle oneï¿½third of the dendrites of the DG.<br><b>d,</b> Contralateral sagittal hippocampal section of the same mouse in (c) with same staining as (c). On the contralateral side, no MECII fibers can be detected, and MECIII fibers form a sharp boundary with the CA2ï¿½specific RGS14 staining.<br><b>e,</b> Ipsilateral sagittal hippocampus section of wild type mouse infected with AAVrh8ï¿½CaMKIIaï¿½ChR2ï¿½YFP in the superficial lateral entorhinal cortex (LEC). Tissue stained for calbindin (white), RGS14 (red) and DAPI (blue) and ChR2ï¿½YFP (green) expression. Both LECIII (terminating in SLM of CA1) and LECII fibers (terminating in DG, CA3 and CA2) can be seen. LEC infection is confirmed by expression of YFP in the outer oneï¿½third of the dendrites of the DG. Note: the distribution of the YFPï¿½positive LECIII fibers in CA1ï¿½SLM does not reach the proximal end of CA1. Note that YFPï¿½labeled LECII fibers overlap with RGS14ï¿½positive CA2 region.<br><b>f,</b> Contralateral sagittal hippocampal section of mouse depicted in (e) with same staining as (e). On the contralateral side, no LECII fibers can be seen, and LECIII fibers only reach the distal regions of CA1, far away from the RGS14 signal.","Fig. S10",NULL,NULL,NULL,NULL,24336151,0,"ECIII?CA1;ECII?DG/CA2/CA3",NULL,"3100411.png",NULL
3100411,6082,NULL,1010,NULL,"<b>Anatomical segregation between two corticoï¿½hippocampal circuits in wildï¿½type mice: ECIII?CA1 and ECII?DG/CA2/CA3.</b><br><b>a,</b> Experimental design depicting the injection of a nonï¿½Creï¿½dependent AAVrh8ï¿½CaMKIIaï¿½ChR2ï¿½YFP into the superficial medial entorhinal area of wild type mouse.<br><b>b,</b> Confocal image of a sagittal slice depicting YFP expression near the injection site in the MEC.<br><b>c,</b> Ipsilateral sagittal hippocampus section of infected mouse depicted in (b). Tissue stained for calbindin (white), RGS14 (red) and with DAPI (blue) and ChR2ï¿½YFP (green) expression. Both MECIII (terminating in CA1ï¿½SLM) and MECII fibers (terminating in DG, CA3 and CA2) can be seen. MECï¿½specific infection is confirmed by distribution of YFP in the middle oneï¿½third of the dendrites of the DG.<br><b>d,</b> Contralateral sagittal hippocampal section of the same mouse in (c) with same staining as (c). On the contralateral side, no MECII fibers can be detected, and MECIII fibers form a sharp boundary with the CA2ï¿½specific RGS14 staining.<br><b>e,</b> Ipsilateral sagittal hippocampus section of wild type mouse infected with AAVrh8ï¿½CaMKIIaï¿½ChR2ï¿½YFP in the superficial lateral entorhinal cortex (LEC). Tissue stained for calbindin (white), RGS14 (red) and DAPI (blue) and ChR2ï¿½YFP (green) expression. Both LECIII (terminating in SLM of CA1) and LECII fibers (terminating in DG, CA3 and CA2) can be seen. LEC infection is confirmed by expression of YFP in the outer oneï¿½third of the dendrites of the DG. Note: the distribution of the YFPï¿½positive LECIII fibers in CA1ï¿½SLM does not reach the proximal end of CA1. Note that YFPï¿½labeled LECII fibers overlap with RGS14ï¿½positive CA2 region.<br><b>f,</b> Contralateral sagittal hippocampal section of mouse depicted in (e) with same staining as (e). On the contralateral side, no LECII fibers can be seen, and LECIII fibers only reach the distal regions of CA1, far away from the RGS14 signal.","Fig. S10",NULL,NULL,NULL,NULL,24336151,0,"ECIII?CA1;ECII?DG/CA2/CA3",NULL,"3100411.png",NULL
3100411,6082,NULL,1035,NULL,"<b>Anatomical segregation between two corticoï¿½hippocampal circuits in wildï¿½type mice: ECIII?CA1 and ECII?DG/CA2/CA3.</b><br><b>a,</b> Experimental design depicting the injection of a nonï¿½Creï¿½dependent AAVrh8ï¿½CaMKIIaï¿½ChR2ï¿½YFP into the superficial medial entorhinal area of wild type mouse.<br><b>b,</b> Confocal image of a sagittal slice depicting YFP expression near the injection site in the MEC.<br><b>c,</b> Ipsilateral sagittal hippocampus section of infected mouse depicted in (b). Tissue stained for calbindin (white), RGS14 (red) and with DAPI (blue) and ChR2ï¿½YFP (green) expression. Both MECIII (terminating in CA1ï¿½SLM) and MECII fibers (terminating in DG, CA3 and CA2) can be seen. MECï¿½specific infection is confirmed by distribution of YFP in the middle oneï¿½third of the dendrites of the DG.<br><b>d,</b> Contralateral sagittal hippocampal section of the same mouse in (c) with same staining as (c). On the contralateral side, no MECII fibers can be detected, and MECIII fibers form a sharp boundary with the CA2ï¿½specific RGS14 staining.<br><b>e,</b> Ipsilateral sagittal hippocampus section of wild type mouse infected with AAVrh8ï¿½CaMKIIaï¿½ChR2ï¿½YFP in the superficial lateral entorhinal cortex (LEC). Tissue stained for calbindin (white), RGS14 (red) and DAPI (blue) and ChR2ï¿½YFP (green) expression. Both LECIII (terminating in SLM of CA1) and LECII fibers (terminating in DG, CA3 and CA2) can be seen. LEC infection is confirmed by expression of YFP in the outer oneï¿½third of the dendrites of the DG. Note: the distribution of the YFPï¿½positive LECIII fibers in CA1ï¿½SLM does not reach the proximal end of CA1. Note that YFPï¿½labeled LECII fibers overlap with RGS14ï¿½positive CA2 region.<br><b>f,</b> Contralateral sagittal hippocampal section of mouse depicted in (e) with same staining as (e). On the contralateral side, no LECII fibers can be seen, and LECIII fibers only reach the distal regions of CA1, far away from the RGS14 signal.","Fig. S10",NULL,NULL,NULL,NULL,24336151,0,"ECIII?CA1;ECII?DG/CA2/CA3",NULL,"3100411.png",NULL
3100411,6082,NULL,1036,NULL,"<b>Anatomical segregation between two corticoï¿½hippocampal circuits in wildï¿½type mice: ECIII?CA1 and ECII?DG/CA2/CA3.</b><br><b>a,</b> Experimental design depicting the injection of a nonï¿½Creï¿½dependent AAVrh8ï¿½CaMKIIaï¿½ChR2ï¿½YFP into the superficial medial entorhinal area of wild type mouse.<br><b>b,</b> Confocal image of a sagittal slice depicting YFP expression near the injection site in the MEC.<br><b>c,</b> Ipsilateral sagittal hippocampus section of infected mouse depicted in (b). Tissue stained for calbindin (white), RGS14 (red) and with DAPI (blue) and ChR2ï¿½YFP (green) expression. Both MECIII (terminating in CA1ï¿½SLM) and MECII fibers (terminating in DG, CA3 and CA2) can be seen. MECï¿½specific infection is confirmed by distribution of YFP in the middle oneï¿½third of the dendrites of the DG.<br><b>d,</b> Contralateral sagittal hippocampal section of the same mouse in (c) with same staining as (c). On the contralateral side, no MECII fibers can be detected, and MECIII fibers form a sharp boundary with the CA2ï¿½specific RGS14 staining.<br><b>e,</b> Ipsilateral sagittal hippocampus section of wild type mouse infected with AAVrh8ï¿½CaMKIIaï¿½ChR2ï¿½YFP in the superficial lateral entorhinal cortex (LEC). Tissue stained for calbindin (white), RGS14 (red) and DAPI (blue) and ChR2ï¿½YFP (green) expression. Both LECIII (terminating in SLM of CA1) and LECII fibers (terminating in DG, CA3 and CA2) can be seen. LEC infection is confirmed by expression of YFP in the outer oneï¿½third of the dendrites of the DG. Note: the distribution of the YFPï¿½positive LECIII fibers in CA1ï¿½SLM does not reach the proximal end of CA1. Note that YFPï¿½labeled LECII fibers overlap with RGS14ï¿½positive CA2 region.<br><b>f,</b> Contralateral sagittal hippocampal section of mouse depicted in (e) with same staining as (e). On the contralateral side, no LECII fibers can be seen, and LECIII fibers only reach the distal regions of CA1, far away from the RGS14 signal.","Fig. S10",NULL,NULL,NULL,NULL,24336151,0,"ECIII?CA1;ECII?DG/CA2/CA3",NULL,"3100411.png",NULL
3100411,6082,NULL,1009,NULL,"<b>Anatomical segregation between two corticoï¿½hippocampal circuits in wildï¿½type mice: ECIII?CA1 and ECII?DG/CA2/CA3.</b><br><b>a,</b> Experimental design depicting the injection of a nonï¿½Creï¿½dependent AAVrh8ï¿½CaMKIIaï¿½ChR2ï¿½YFP into the superficial medial entorhinal area of wild type mouse.<br><b>b,</b> Confocal image of a sagittal slice depicting YFP expression near the injection site in the MEC.<br><b>c,</b> Ipsilateral sagittal hippocampus section of infected mouse depicted in (b). Tissue stained for calbindin (white), RGS14 (red) and with DAPI (blue) and ChR2ï¿½YFP (green) expression. Both MECIII (terminating in CA1ï¿½SLM) and MECII fibers (terminating in DG, CA3 and CA2) can be seen. MECï¿½specific infection is confirmed by distribution of YFP in the middle oneï¿½third of the dendrites of the DG.<br><b>d,</b> Contralateral sagittal hippocampal section of the same mouse in (c) with same staining as (c). On the contralateral side, no MECII fibers can be detected, and MECIII fibers form a sharp boundary with the CA2ï¿½specific RGS14 staining.<br><b>e,</b> Ipsilateral sagittal hippocampus section of wild type mouse infected with AAVrh8ï¿½CaMKIIaï¿½ChR2ï¿½YFP in the superficial lateral entorhinal cortex (LEC). Tissue stained for calbindin (white), RGS14 (red) and DAPI (blue) and ChR2ï¿½YFP (green) expression. Both LECIII (terminating in SLM of CA1) and LECII fibers (terminating in DG, CA3 and CA2) can be seen. LEC infection is confirmed by expression of YFP in the outer oneï¿½third of the dendrites of the DG. Note: the distribution of the YFPï¿½positive LECIII fibers in CA1ï¿½SLM does not reach the proximal end of CA1. Note that YFPï¿½labeled LECII fibers overlap with RGS14ï¿½positive CA2 region.<br><b>f,</b> Contralateral sagittal hippocampal section of mouse depicted in (e) with same staining as (e). On the contralateral side, no LECII fibers can be seen, and LECIII fibers only reach the distal regions of CA1, far away from the RGS14 signal.","Fig. S10",NULL,NULL,NULL,NULL,24336151,0,"ECIII?CA1;ECII?DG/CA2/CA3",NULL,"3100411.png",NULL
3100411,6082,NULL,1026,NULL,"<b>Anatomical segregation between two corticoï¿½hippocampal circuits in wildï¿½type mice: ECIII?CA1 and ECII?DG/CA2/CA3.</b><br><b>a,</b> Experimental design depicting the injection of a nonï¿½Creï¿½dependent AAVrh8ï¿½CaMKIIaï¿½ChR2ï¿½YFP into the superficial medial entorhinal area of wild type mouse.<br><b>b,</b> Confocal image of a sagittal slice depicting YFP expression near the injection site in the MEC.<br><b>c,</b> Ipsilateral sagittal hippocampus section of infected mouse depicted in (b). Tissue stained for calbindin (white), RGS14 (red) and with DAPI (blue) and ChR2ï¿½YFP (green) expression. Both MECIII (terminating in CA1ï¿½SLM) and MECII fibers (terminating in DG, CA3 and CA2) can be seen. MECï¿½specific infection is confirmed by distribution of YFP in the middle oneï¿½third of the dendrites of the DG.<br><b>d,</b> Contralateral sagittal hippocampal section of the same mouse in (c) with same staining as (c). On the contralateral side, no MECII fibers can be detected, and MECIII fibers form a sharp boundary with the CA2ï¿½specific RGS14 staining.<br><b>e,</b> Ipsilateral sagittal hippocampus section of wild type mouse infected with AAVrh8ï¿½CaMKIIaï¿½ChR2ï¿½YFP in the superficial lateral entorhinal cortex (LEC). Tissue stained for calbindin (white), RGS14 (red) and DAPI (blue) and ChR2ï¿½YFP (green) expression. Both LECIII (terminating in SLM of CA1) and LECII fibers (terminating in DG, CA3 and CA2) can be seen. LEC infection is confirmed by expression of YFP in the outer oneï¿½third of the dendrites of the DG. Note: the distribution of the YFPï¿½positive LECIII fibers in CA1ï¿½SLM does not reach the proximal end of CA1. Note that YFPï¿½labeled LECII fibers overlap with RGS14ï¿½positive CA2 region.<br><b>f,</b> Contralateral sagittal hippocampal section of mouse depicted in (e) with same staining as (e). On the contralateral side, no LECII fibers can be seen, and LECIII fibers only reach the distal regions of CA1, far away from the RGS14 signal.","Fig. S10",NULL,NULL,NULL,NULL,24336151,0,"ECIII?CA1;ECII?DG/CA2/CA3",NULL,"3100411.png",NULL
3100411,6082,NULL,1040,NULL,"<b>Anatomical segregation between two corticoï¿½hippocampal circuits in wildï¿½type mice: ECIII?CA1 and ECII?DG/CA2/CA3.</b><br><b>a,</b> Experimental design depicting the injection of a nonï¿½Creï¿½dependent AAVrh8ï¿½CaMKIIaï¿½ChR2ï¿½YFP into the superficial medial entorhinal area of wild type mouse.<br><b>b,</b> Confocal image of a sagittal slice depicting YFP expression near the injection site in the MEC.<br><b>c,</b> Ipsilateral sagittal hippocampus section of infected mouse depicted in (b). Tissue stained for calbindin (white), RGS14 (red) and with DAPI (blue) and ChR2ï¿½YFP (green) expression. Both MECIII (terminating in CA1ï¿½SLM) and MECII fibers (terminating in DG, CA3 and CA2) can be seen. MECï¿½specific infection is confirmed by distribution of YFP in the middle oneï¿½third of the dendrites of the DG.<br><b>d,</b> Contralateral sagittal hippocampal section of the same mouse in (c) with same staining as (c). On the contralateral side, no MECII fibers can be detected, and MECIII fibers form a sharp boundary with the CA2ï¿½specific RGS14 staining.<br><b>e,</b> Ipsilateral sagittal hippocampus section of wild type mouse infected with AAVrh8ï¿½CaMKIIaï¿½ChR2ï¿½YFP in the superficial lateral entorhinal cortex (LEC). Tissue stained for calbindin (white), RGS14 (red) and DAPI (blue) and ChR2ï¿½YFP (green) expression. Both LECIII (terminating in SLM of CA1) and LECII fibers (terminating in DG, CA3 and CA2) can be seen. LEC infection is confirmed by expression of YFP in the outer oneï¿½third of the dendrites of the DG. Note: the distribution of the YFPï¿½positive LECIII fibers in CA1ï¿½SLM does not reach the proximal end of CA1. Note that YFPï¿½labeled LECII fibers overlap with RGS14ï¿½positive CA2 region.<br><b>f,</b> Contralateral sagittal hippocampal section of mouse depicted in (e) with same staining as (e). On the contralateral side, no LECII fibers can be seen, and LECIII fibers only reach the distal regions of CA1, far away from the RGS14 signal.","Fig. S10",NULL,NULL,NULL,NULL,24336151,0,"ECIII?CA1;ECII?DG/CA2/CA3",NULL,"3100411.png",NULL
3100411,6082,NULL,1005,NULL,"<b>Anatomical segregation between two corticoï¿½hippocampal circuits in wildï¿½type mice: ECIII?CA1 and ECII?DG/CA2/CA3.</b><br><b>a,</b> Experimental design depicting the injection of a nonï¿½Creï¿½dependent AAVrh8ï¿½CaMKIIaï¿½ChR2ï¿½YFP into the superficial medial entorhinal area of wild type mouse.<br><b>b,</b> Confocal image of a sagittal slice depicting YFP expression near the injection site in the MEC.<br><b>c,</b> Ipsilateral sagittal hippocampus section of infected mouse depicted in (b). Tissue stained for calbindin (white), RGS14 (red) and with DAPI (blue) and ChR2ï¿½YFP (green) expression. Both MECIII (terminating in CA1ï¿½SLM) and MECII fibers (terminating in DG, CA3 and CA2) can be seen. MECï¿½specific infection is confirmed by distribution of YFP in the middle oneï¿½third of the dendrites of the DG.<br><b>d,</b> Contralateral sagittal hippocampal section of the same mouse in (c) with same staining as (c). On the contralateral side, no MECII fibers can be detected, and MECIII fibers form a sharp boundary with the CA2ï¿½specific RGS14 staining.<br><b>e,</b> Ipsilateral sagittal hippocampus section of wild type mouse infected with AAVrh8ï¿½CaMKIIaï¿½ChR2ï¿½YFP in the superficial lateral entorhinal cortex (LEC). Tissue stained for calbindin (white), RGS14 (red) and DAPI (blue) and ChR2ï¿½YFP (green) expression. Both LECIII (terminating in SLM of CA1) and LECII fibers (terminating in DG, CA3 and CA2) can be seen. LEC infection is confirmed by expression of YFP in the outer oneï¿½third of the dendrites of the DG. Note: the distribution of the YFPï¿½positive LECIII fibers in CA1ï¿½SLM does not reach the proximal end of CA1. Note that YFPï¿½labeled LECII fibers overlap with RGS14ï¿½positive CA2 region.<br><b>f,</b> Contralateral sagittal hippocampal section of mouse depicted in (e) with same staining as (e). On the contralateral side, no LECII fibers can be seen, and LECIII fibers only reach the distal regions of CA1, far away from the RGS14 signal.","Fig. S10",NULL,NULL,NULL,NULL,24336151,0,"ECIII?CA1;ECII?DG/CA2/CA3",NULL,"3100411.png",NULL
3100411,6082,NULL,1008,NULL,"<b>Anatomical segregation between two corticoï¿½hippocampal circuits in wildï¿½type mice: ECIII?CA1 and ECII?DG/CA2/CA3.</b><br><b>a,</b> Experimental design depicting the injection of a nonï¿½Creï¿½dependent AAVrh8ï¿½CaMKIIaï¿½ChR2ï¿½YFP into the superficial medial entorhinal area of wild type mouse.<br><b>b,</b> Confocal image of a sagittal slice depicting YFP expression near the injection site in the MEC.<br><b>c,</b> Ipsilateral sagittal hippocampus section of infected mouse depicted in (b). Tissue stained for calbindin (white), RGS14 (red) and with DAPI (blue) and ChR2ï¿½YFP (green) expression. Both MECIII (terminating in CA1ï¿½SLM) and MECII fibers (terminating in DG, CA3 and CA2) can be seen. MECï¿½specific infection is confirmed by distribution of YFP in the middle oneï¿½third of the dendrites of the DG.<br><b>d,</b> Contralateral sagittal hippocampal section of the same mouse in (c) with same staining as (c). On the contralateral side, no MECII fibers can be detected, and MECIII fibers form a sharp boundary with the CA2ï¿½specific RGS14 staining.<br><b>e,</b> Ipsilateral sagittal hippocampus section of wild type mouse infected with AAVrh8ï¿½CaMKIIaï¿½ChR2ï¿½YFP in the superficial lateral entorhinal cortex (LEC). Tissue stained for calbindin (white), RGS14 (red) and DAPI (blue) and ChR2ï¿½YFP (green) expression. Both LECIII (terminating in SLM of CA1) and LECII fibers (terminating in DG, CA3 and CA2) can be seen. LEC infection is confirmed by expression of YFP in the outer oneï¿½third of the dendrites of the DG. Note: the distribution of the YFPï¿½positive LECIII fibers in CA1ï¿½SLM does not reach the proximal end of CA1. Note that YFPï¿½labeled LECII fibers overlap with RGS14ï¿½positive CA2 region.<br><b>f,</b> Contralateral sagittal hippocampal section of mouse depicted in (e) with same staining as (e). On the contralateral side, no LECII fibers can be seen, and LECIII fibers only reach the distal regions of CA1, far away from the RGS14 signal.","Fig. S10",NULL,NULL,NULL,NULL,24336151,0,"ECIII?CA1;ECII?DG/CA2/CA3",NULL,"3100411.png",NULL
3100411,6082,NULL,1007,NULL,"<b>Anatomical segregation between two corticoï¿½hippocampal circuits in wildï¿½type mice: ECIII?CA1 and ECII?DG/CA2/CA3.</b><br><b>a,</b> Experimental design depicting the injection of a nonï¿½Creï¿½dependent AAVrh8ï¿½CaMKIIaï¿½ChR2ï¿½YFP into the superficial medial entorhinal area of wild type mouse.<br><b>b,</b> Confocal image of a sagittal slice depicting YFP expression near the injection site in the MEC.<br><b>c,</b> Ipsilateral sagittal hippocampus section of infected mouse depicted in (b). Tissue stained for calbindin (white), RGS14 (red) and with DAPI (blue) and ChR2ï¿½YFP (green) expression. Both MECIII (terminating in CA1ï¿½SLM) and MECII fibers (terminating in DG, CA3 and CA2) can be seen. MECï¿½specific infection is confirmed by distribution of YFP in the middle oneï¿½third of the dendrites of the DG.<br><b>d,</b> Contralateral sagittal hippocampal section of the same mouse in (c) with same staining as (c). On the contralateral side, no MECII fibers can be detected, and MECIII fibers form a sharp boundary with the CA2ï¿½specific RGS14 staining.<br><b>e,</b> Ipsilateral sagittal hippocampus section of wild type mouse infected with AAVrh8ï¿½CaMKIIaï¿½ChR2ï¿½YFP in the superficial lateral entorhinal cortex (LEC). Tissue stained for calbindin (white), RGS14 (red) and DAPI (blue) and ChR2ï¿½YFP (green) expression. Both LECIII (terminating in SLM of CA1) and LECII fibers (terminating in DG, CA3 and CA2) can be seen. LEC infection is confirmed by expression of YFP in the outer oneï¿½third of the dendrites of the DG. Note: the distribution of the YFPï¿½positive LECIII fibers in CA1ï¿½SLM does not reach the proximal end of CA1. Note that YFPï¿½labeled LECII fibers overlap with RGS14ï¿½positive CA2 region.<br><b>f,</b> Contralateral sagittal hippocampal section of mouse depicted in (e) with same staining as (e). On the contralateral side, no LECII fibers can be seen, and LECIII fibers only reach the distal regions of CA1, far away from the RGS14 signal.","Fig. S10",NULL,NULL,NULL,NULL,24336151,0,"ECIII?CA1;ECII?DG/CA2/CA3",NULL,"3100411.png",NULL
3100411,6082,NULL,1006,NULL,"<b>Anatomical segregation between two corticoï¿½hippocampal circuits in wildï¿½type mice: ECIII?CA1 and ECII?DG/CA2/CA3.</b><br><b>a,</b> Experimental design depicting the injection of a nonï¿½Creï¿½dependent AAVrh8ï¿½CaMKIIaï¿½ChR2ï¿½YFP into the superficial medial entorhinal area of wild type mouse.<br><b>b,</b> Confocal image of a sagittal slice depicting YFP expression near the injection site in the MEC.<br><b>c,</b> Ipsilateral sagittal hippocampus section of infected mouse depicted in (b). Tissue stained for calbindin (white), RGS14 (red) and with DAPI (blue) and ChR2ï¿½YFP (green) expression. Both MECIII (terminating in CA1ï¿½SLM) and MECII fibers (terminating in DG, CA3 and CA2) can be seen. MECï¿½specific infection is confirmed by distribution of YFP in the middle oneï¿½third of the dendrites of the DG.<br><b>d,</b> Contralateral sagittal hippocampal section of the same mouse in (c) with same staining as (c). On the contralateral side, no MECII fibers can be detected, and MECIII fibers form a sharp boundary with the CA2ï¿½specific RGS14 staining.<br><b>e,</b> Ipsilateral sagittal hippocampus section of wild type mouse infected with AAVrh8ï¿½CaMKIIaï¿½ChR2ï¿½YFP in the superficial lateral entorhinal cortex (LEC). Tissue stained for calbindin (white), RGS14 (red) and DAPI (blue) and ChR2ï¿½YFP (green) expression. Both LECIII (terminating in SLM of CA1) and LECII fibers (terminating in DG, CA3 and CA2) can be seen. LEC infection is confirmed by expression of YFP in the outer oneï¿½third of the dendrites of the DG. Note: the distribution of the YFPï¿½positive LECIII fibers in CA1ï¿½SLM does not reach the proximal end of CA1. Note that YFPï¿½labeled LECII fibers overlap with RGS14ï¿½positive CA2 region.<br><b>f,</b> Contralateral sagittal hippocampal section of mouse depicted in (e) with same staining as (e). On the contralateral side, no LECII fibers can be seen, and LECIII fibers only reach the distal regions of CA1, far away from the RGS14 signal.","Fig. S10",NULL,NULL,NULL,NULL,24336151,0,"ECIII?CA1;ECII?DG/CA2/CA3",NULL,"3100411.png",NULL
3100411,6082,NULL,1004,NULL,"<b>Anatomical segregation between two corticoï¿½hippocampal circuits in wildï¿½type mice: ECIII?CA1 and ECII?DG/CA2/CA3.</b><br><b>a,</b> Experimental design depicting the injection of a nonï¿½Creï¿½dependent AAVrh8ï¿½CaMKIIaï¿½ChR2ï¿½YFP into the superficial medial entorhinal area of wild type mouse.<br><b>b,</b> Confocal image of a sagittal slice depicting YFP expression near the injection site in the MEC.<br><b>c,</b> Ipsilateral sagittal hippocampus section of infected mouse depicted in (b). Tissue stained for calbindin (white), RGS14 (red) and with DAPI (blue) and ChR2ï¿½YFP (green) expression. Both MECIII (terminating in CA1ï¿½SLM) and MECII fibers (terminating in DG, CA3 and CA2) can be seen. MECï¿½specific infection is confirmed by distribution of YFP in the middle oneï¿½third of the dendrites of the DG.<br><b>d,</b> Contralateral sagittal hippocampal section of the same mouse in (c) with same staining as (c). On the contralateral side, no MECII fibers can be detected, and MECIII fibers form a sharp boundary with the CA2ï¿½specific RGS14 staining.<br><b>e,</b> Ipsilateral sagittal hippocampus section of wild type mouse infected with AAVrh8ï¿½CaMKIIaï¿½ChR2ï¿½YFP in the superficial lateral entorhinal cortex (LEC). Tissue stained for calbindin (white), RGS14 (red) and DAPI (blue) and ChR2ï¿½YFP (green) expression. Both LECIII (terminating in SLM of CA1) and LECII fibers (terminating in DG, CA3 and CA2) can be seen. LEC infection is confirmed by expression of YFP in the outer oneï¿½third of the dendrites of the DG. Note: the distribution of the YFPï¿½positive LECIII fibers in CA1ï¿½SLM does not reach the proximal end of CA1. Note that YFPï¿½labeled LECII fibers overlap with RGS14ï¿½positive CA2 region.<br><b>f,</b> Contralateral sagittal hippocampal section of mouse depicted in (e) with same staining as (e). On the contralateral side, no LECII fibers can be seen, and LECIII fibers only reach the distal regions of CA1, far away from the RGS14 signal.","Fig. S10",NULL,NULL,NULL,NULL,24336151,0,"ECIII?CA1;ECII?DG/CA2/CA3",NULL,"3100411.png",NULL
3100411,6003,NULL,3000,NULL,"<b>Anatomical segregation between two corticoï¿½hippocampal circuits in wildï¿½type mice: ECIII?CA1 and ECII?DG/CA2/CA3.</b><br><b>a,</b> Experimental design depicting the injection of a nonï¿½Creï¿½dependent AAVrh8ï¿½CaMKIIaï¿½ChR2ï¿½YFP into the superficial medial entorhinal area of wild type mouse.<br><b>b,</b> Confocal image of a sagittal slice depicting YFP expression near the injection site in the MEC.<br><b>c,</b> Ipsilateral sagittal hippocampus section of infected mouse depicted in (b). Tissue stained for calbindin (white), RGS14 (red) and with DAPI (blue) and ChR2ï¿½YFP (green) expression. Both MECIII (terminating in CA1ï¿½SLM) and MECII fibers (terminating in DG, CA3 and CA2) can be seen. MECï¿½specific infection is confirmed by distribution of YFP in the middle oneï¿½third of the dendrites of the DG.<br><b>d,</b> Contralateral sagittal hippocampal section of the same mouse in (c) with same staining as (c). On the contralateral side, no MECII fibers can be detected, and MECIII fibers form a sharp boundary with the CA2ï¿½specific RGS14 staining.<br><b>e,</b> Ipsilateral sagittal hippocampus section of wild type mouse infected with AAVrh8ï¿½CaMKIIaï¿½ChR2ï¿½YFP in the superficial lateral entorhinal cortex (LEC). Tissue stained for calbindin (white), RGS14 (red) and DAPI (blue) and ChR2ï¿½YFP (green) expression. Both LECIII (terminating in SLM of CA1) and LECII fibers (terminating in DG, CA3 and CA2) can be seen. LEC infection is confirmed by expression of YFP in the outer oneï¿½third of the dendrites of the DG. Note: the distribution of the YFPï¿½positive LECIII fibers in CA1ï¿½SLM does not reach the proximal end of CA1. Note that YFPï¿½labeled LECII fibers overlap with RGS14ï¿½positive CA2 region.<br><b>f,</b> Contralateral sagittal hippocampal section of mouse depicted in (e) with same staining as (e). On the contralateral side, no LECII fibers can be seen, and LECIII fibers only reach the distal regions of CA1, far away from the RGS14 signal.","Fig. S10",NULL,NULL,NULL,NULL,24336151,0,"ECIII?CA1;ECII?DG/CA2/CA3",NULL,"3100411.png",NULL
3100411,6003,NULL,3006,NULL,"<b>Anatomical segregation between two corticoï¿½hippocampal circuits in wildï¿½type mice: ECIII?CA1 and ECII?DG/CA2/CA3.</b><br><b>a,</b> Experimental design depicting the injection of a nonï¿½Creï¿½dependent AAVrh8ï¿½CaMKIIaï¿½ChR2ï¿½YFP into the superficial medial entorhinal area of wild type mouse.<br><b>b,</b> Confocal image of a sagittal slice depicting YFP expression near the injection site in the MEC.<br><b>c,</b> Ipsilateral sagittal hippocampus section of infected mouse depicted in (b). Tissue stained for calbindin (white), RGS14 (red) and with DAPI (blue) and ChR2ï¿½YFP (green) expression. Both MECIII (terminating in CA1ï¿½SLM) and MECII fibers (terminating in DG, CA3 and CA2) can be seen. MECï¿½specific infection is confirmed by distribution of YFP in the middle oneï¿½third of the dendrites of the DG.<br><b>d,</b> Contralateral sagittal hippocampal section of the same mouse in (c) with same staining as (c). On the contralateral side, no MECII fibers can be detected, and MECIII fibers form a sharp boundary with the CA2ï¿½specific RGS14 staining.<br><b>e,</b> Ipsilateral sagittal hippocampus section of wild type mouse infected with AAVrh8ï¿½CaMKIIaï¿½ChR2ï¿½YFP in the superficial lateral entorhinal cortex (LEC). Tissue stained for calbindin (white), RGS14 (red) and DAPI (blue) and ChR2ï¿½YFP (green) expression. Both LECIII (terminating in SLM of CA1) and LECII fibers (terminating in DG, CA3 and CA2) can be seen. LEC infection is confirmed by expression of YFP in the outer oneï¿½third of the dendrites of the DG. Note: the distribution of the YFPï¿½positive LECIII fibers in CA1ï¿½SLM does not reach the proximal end of CA1. Note that YFPï¿½labeled LECII fibers overlap with RGS14ï¿½positive CA2 region.<br><b>f,</b> Contralateral sagittal hippocampal section of mouse depicted in (e) with same staining as (e). On the contralateral side, no LECII fibers can be seen, and LECIII fibers only reach the distal regions of CA1, far away from the RGS14 signal.","Fig. S10",NULL,NULL,NULL,NULL,24336151,0,"ECIII?CA1;ECII?DG/CA2/CA3",NULL,"3100411.png",NULL
3100411,6003,NULL,3007,NULL,"<b>Anatomical segregation between two corticoï¿½hippocampal circuits in wildï¿½type mice: ECIII?CA1 and ECII?DG/CA2/CA3.</b><br><b>a,</b> Experimental design depicting the injection of a nonï¿½Creï¿½dependent AAVrh8ï¿½CaMKIIaï¿½ChR2ï¿½YFP into the superficial medial entorhinal area of wild type mouse.<br><b>b,</b> Confocal image of a sagittal slice depicting YFP expression near the injection site in the MEC.<br><b>c,</b> Ipsilateral sagittal hippocampus section of infected mouse depicted in (b). Tissue stained for calbindin (white), RGS14 (red) and with DAPI (blue) and ChR2ï¿½YFP (green) expression. Both MECIII (terminating in CA1ï¿½SLM) and MECII fibers (terminating in DG, CA3 and CA2) can be seen. MECï¿½specific infection is confirmed by distribution of YFP in the middle oneï¿½third of the dendrites of the DG.<br><b>d,</b> Contralateral sagittal hippocampal section of the same mouse in (c) with same staining as (c). On the contralateral side, no MECII fibers can be detected, and MECIII fibers form a sharp boundary with the CA2ï¿½specific RGS14 staining.<br><b>e,</b> Ipsilateral sagittal hippocampus section of wild type mouse infected with AAVrh8ï¿½CaMKIIaï¿½ChR2ï¿½YFP in the superficial lateral entorhinal cortex (LEC). Tissue stained for calbindin (white), RGS14 (red) and DAPI (blue) and ChR2ï¿½YFP (green) expression. Both LECIII (terminating in SLM of CA1) and LECII fibers (terminating in DG, CA3 and CA2) can be seen. LEC infection is confirmed by expression of YFP in the outer oneï¿½third of the dendrites of the DG. Note: the distribution of the YFPï¿½positive LECIII fibers in CA1ï¿½SLM does not reach the proximal end of CA1. Note that YFPï¿½labeled LECII fibers overlap with RGS14ï¿½positive CA2 region.<br><b>f,</b> Contralateral sagittal hippocampal section of mouse depicted in (e) with same staining as (e). On the contralateral side, no LECII fibers can be seen, and LECIII fibers only reach the distal regions of CA1, far away from the RGS14 signal.","Fig. S10",NULL,NULL,NULL,NULL,24336151,0,"ECIII?CA1;ECII?DG/CA2/CA3",NULL,"3100411.png",NULL
3100411,6003,NULL,2000,NULL,"<b>Anatomical segregation between two corticoï¿½hippocampal circuits in wildï¿½type mice: ECIII?CA1 and ECII?DG/CA2/CA3.</b><br><b>a,</b> Experimental design depicting the injection of a nonï¿½Creï¿½dependent AAVrh8ï¿½CaMKIIaï¿½ChR2ï¿½YFP into the superficial medial entorhinal area of wild type mouse.<br><b>b,</b> Confocal image of a sagittal slice depicting YFP expression near the injection site in the MEC.<br><b>c,</b> Ipsilateral sagittal hippocampus section of infected mouse depicted in (b). Tissue stained for calbindin (white), RGS14 (red) and with DAPI (blue) and ChR2ï¿½YFP (green) expression. Both MECIII (terminating in CA1ï¿½SLM) and MECII fibers (terminating in DG, CA3 and CA2) can be seen. MECï¿½specific infection is confirmed by distribution of YFP in the middle oneï¿½third of the dendrites of the DG.<br><b>d,</b> Contralateral sagittal hippocampal section of the same mouse in (c) with same staining as (c). On the contralateral side, no MECII fibers can be detected, and MECIII fibers form a sharp boundary with the CA2ï¿½specific RGS14 staining.<br><b>e,</b> Ipsilateral sagittal hippocampus section of wild type mouse infected with AAVrh8ï¿½CaMKIIaï¿½ChR2ï¿½YFP in the superficial lateral entorhinal cortex (LEC). Tissue stained for calbindin (white), RGS14 (red) and DAPI (blue) and ChR2ï¿½YFP (green) expression. Both LECIII (terminating in SLM of CA1) and LECII fibers (terminating in DG, CA3 and CA2) can be seen. LEC infection is confirmed by expression of YFP in the outer oneï¿½third of the dendrites of the DG. Note: the distribution of the YFPï¿½positive LECIII fibers in CA1ï¿½SLM does not reach the proximal end of CA1. Note that YFPï¿½labeled LECII fibers overlap with RGS14ï¿½positive CA2 region.<br><b>f,</b> Contralateral sagittal hippocampal section of mouse depicted in (e) with same staining as (e). On the contralateral side, no LECII fibers can be seen, and LECIII fibers only reach the distal regions of CA1, far away from the RGS14 signal.","Fig. S10",NULL,NULL,NULL,NULL,24336151,0,"ECIII?CA1;ECII?DG/CA2/CA3",NULL,"3100411.png",NULL
3100411,6003,NULL,2003,NULL,"<b>Anatomical segregation between two corticoï¿½hippocampal circuits in wildï¿½type mice: ECIII?CA1 and ECII?DG/CA2/CA3.</b><br><b>a,</b> Experimental design depicting the injection of a nonï¿½Creï¿½dependent AAVrh8ï¿½CaMKIIaï¿½ChR2ï¿½YFP into the superficial medial entorhinal area of wild type mouse.<br><b>b,</b> Confocal image of a sagittal slice depicting YFP expression near the injection site in the MEC.<br><b>c,</b> Ipsilateral sagittal hippocampus section of infected mouse depicted in (b). Tissue stained for calbindin (white), RGS14 (red) and with DAPI (blue) and ChR2ï¿½YFP (green) expression. Both MECIII (terminating in CA1ï¿½SLM) and MECII fibers (terminating in DG, CA3 and CA2) can be seen. MECï¿½specific infection is confirmed by distribution of YFP in the middle oneï¿½third of the dendrites of the DG.<br><b>d,</b> Contralateral sagittal hippocampal section of the same mouse in (c) with same staining as (c). On the contralateral side, no MECII fibers can be detected, and MECIII fibers form a sharp boundary with the CA2ï¿½specific RGS14 staining.<br><b>e,</b> Ipsilateral sagittal hippocampus section of wild type mouse infected with AAVrh8ï¿½CaMKIIaï¿½ChR2ï¿½YFP in the superficial lateral entorhinal cortex (LEC). Tissue stained for calbindin (white), RGS14 (red) and DAPI (blue) and ChR2ï¿½YFP (green) expression. Both LECIII (terminating in SLM of CA1) and LECII fibers (terminating in DG, CA3 and CA2) can be seen. LEC infection is confirmed by expression of YFP in the outer oneï¿½third of the dendrites of the DG. Note: the distribution of the YFPï¿½positive LECIII fibers in CA1ï¿½SLM does not reach the proximal end of CA1. Note that YFPï¿½labeled LECII fibers overlap with RGS14ï¿½positive CA2 region.<br><b>f,</b> Contralateral sagittal hippocampal section of mouse depicted in (e) with same staining as (e). On the contralateral side, no LECII fibers can be seen, and LECIII fibers only reach the distal regions of CA1, far away from the RGS14 signal.","Fig. S10",NULL,NULL,NULL,NULL,24336151,0,"ECIII?CA1;ECII?DG/CA2/CA3",NULL,"3100411.png",NULL
3100411,6003,NULL,2001,NULL,"<b>Anatomical segregation between two corticoï¿½hippocampal circuits in wildï¿½type mice: ECIII?CA1 and ECII?DG/CA2/CA3.</b><br><b>a,</b> Experimental design depicting the injection of a nonï¿½Creï¿½dependent AAVrh8ï¿½CaMKIIaï¿½ChR2ï¿½YFP into the superficial medial entorhinal area of wild type mouse.<br><b>b,</b> Confocal image of a sagittal slice depicting YFP expression near the injection site in the MEC.<br><b>c,</b> Ipsilateral sagittal hippocampus section of infected mouse depicted in (b). Tissue stained for calbindin (white), RGS14 (red) and with DAPI (blue) and ChR2ï¿½YFP (green) expression. Both MECIII (terminating in CA1ï¿½SLM) and MECII fibers (terminating in DG, CA3 and CA2) can be seen. MECï¿½specific infection is confirmed by distribution of YFP in the middle oneï¿½third of the dendrites of the DG.<br><b>d,</b> Contralateral sagittal hippocampal section of the same mouse in (c) with same staining as (c). On the contralateral side, no MECII fibers can be detected, and MECIII fibers form a sharp boundary with the CA2ï¿½specific RGS14 staining.<br><b>e,</b> Ipsilateral sagittal hippocampus section of wild type mouse infected with AAVrh8ï¿½CaMKIIaï¿½ChR2ï¿½YFP in the superficial lateral entorhinal cortex (LEC). Tissue stained for calbindin (white), RGS14 (red) and DAPI (blue) and ChR2ï¿½YFP (green) expression. Both LECIII (terminating in SLM of CA1) and LECII fibers (terminating in DG, CA3 and CA2) can be seen. LEC infection is confirmed by expression of YFP in the outer oneï¿½third of the dendrites of the DG. Note: the distribution of the YFPï¿½positive LECIII fibers in CA1ï¿½SLM does not reach the proximal end of CA1. Note that YFPï¿½labeled LECII fibers overlap with RGS14ï¿½positive CA2 region.<br><b>f,</b> Contralateral sagittal hippocampal section of mouse depicted in (e) with same staining as (e). On the contralateral side, no LECII fibers can be seen, and LECIII fibers only reach the distal regions of CA1, far away from the RGS14 signal.","Fig. S10",NULL,NULL,NULL,NULL,24336151,0,"ECIII?CA1;ECII?DG/CA2/CA3",NULL,"3100411.png",NULL
3100411,6003,NULL,2028,NULL,"<b>Anatomical segregation between two corticoï¿½hippocampal circuits in wildï¿½type mice: ECIII?CA1 and ECII?DG/CA2/CA3.</b><br><b>a,</b> Experimental design depicting the injection of a nonï¿½Creï¿½dependent AAVrh8ï¿½CaMKIIaï¿½ChR2ï¿½YFP into the superficial medial entorhinal area of wild type mouse.<br><b>b,</b> Confocal image of a sagittal slice depicting YFP expression near the injection site in the MEC.<br><b>c,</b> Ipsilateral sagittal hippocampus section of infected mouse depicted in (b). Tissue stained for calbindin (white), RGS14 (red) and with DAPI (blue) and ChR2ï¿½YFP (green) expression. Both MECIII (terminating in CA1ï¿½SLM) and MECII fibers (terminating in DG, CA3 and CA2) can be seen. MECï¿½specific infection is confirmed by distribution of YFP in the middle oneï¿½third of the dendrites of the DG.<br><b>d,</b> Contralateral sagittal hippocampal section of the same mouse in (c) with same staining as (c). On the contralateral side, no MECII fibers can be detected, and MECIII fibers form a sharp boundary with the CA2ï¿½specific RGS14 staining.<br><b>e,</b> Ipsilateral sagittal hippocampus section of wild type mouse infected with AAVrh8ï¿½CaMKIIaï¿½ChR2ï¿½YFP in the superficial lateral entorhinal cortex (LEC). Tissue stained for calbindin (white), RGS14 (red) and DAPI (blue) and ChR2ï¿½YFP (green) expression. Both LECIII (terminating in SLM of CA1) and LECII fibers (terminating in DG, CA3 and CA2) can be seen. LEC infection is confirmed by expression of YFP in the outer oneï¿½third of the dendrites of the DG. Note: the distribution of the YFPï¿½positive LECIII fibers in CA1ï¿½SLM does not reach the proximal end of CA1. Note that YFPï¿½labeled LECII fibers overlap with RGS14ï¿½positive CA2 region.<br><b>f,</b> Contralateral sagittal hippocampal section of mouse depicted in (e) with same staining as (e). On the contralateral side, no LECII fibers can be seen, and LECIII fibers only reach the distal regions of CA1, far away from the RGS14 signal.","Fig. S10",NULL,NULL,NULL,NULL,24336151,0,"ECIII?CA1;ECII?DG/CA2/CA3",NULL,"3100411.png",NULL
3100411,6003,NULL,2043,NULL,"<b>Anatomical segregation between two corticoï¿½hippocampal circuits in wildï¿½type mice: ECIII?CA1 and ECII?DG/CA2/CA3.</b><br><b>a,</b> Experimental design depicting the injection of a nonï¿½Creï¿½dependent AAVrh8ï¿½CaMKIIaï¿½ChR2ï¿½YFP into the superficial medial entorhinal area of wild type mouse.<br><b>b,</b> Confocal image of a sagittal slice depicting YFP expression near the injection site in the MEC.<br><b>c,</b> Ipsilateral sagittal hippocampus section of infected mouse depicted in (b). Tissue stained for calbindin (white), RGS14 (red) and with DAPI (blue) and ChR2ï¿½YFP (green) expression. Both MECIII (terminating in CA1ï¿½SLM) and MECII fibers (terminating in DG, CA3 and CA2) can be seen. MECï¿½specific infection is confirmed by distribution of YFP in the middle oneï¿½third of the dendrites of the DG.<br><b>d,</b> Contralateral sagittal hippocampal section of the same mouse in (c) with same staining as (c). On the contralateral side, no MECII fibers can be detected, and MECIII fibers form a sharp boundary with the CA2ï¿½specific RGS14 staining.<br><b>e,</b> Ipsilateral sagittal hippocampus section of wild type mouse infected with AAVrh8ï¿½CaMKIIaï¿½ChR2ï¿½YFP in the superficial lateral entorhinal cortex (LEC). Tissue stained for calbindin (white), RGS14 (red) and DAPI (blue) and ChR2ï¿½YFP (green) expression. Both LECIII (terminating in SLM of CA1) and LECII fibers (terminating in DG, CA3 and CA2) can be seen. LEC infection is confirmed by expression of YFP in the outer oneï¿½third of the dendrites of the DG. Note: the distribution of the YFPï¿½positive LECIII fibers in CA1ï¿½SLM does not reach the proximal end of CA1. Note that YFPï¿½labeled LECII fibers overlap with RGS14ï¿½positive CA2 region.<br><b>f,</b> Contralateral sagittal hippocampal section of mouse depicted in (e) with same staining as (e). On the contralateral side, no LECII fibers can be seen, and LECIII fibers only reach the distal regions of CA1, far away from the RGS14 signal.","Fig. S10",NULL,NULL,NULL,NULL,24336151,0,"ECIII?CA1;ECII?DG/CA2/CA3",NULL,"3100411.png",NULL
3100411,6003,NULL,2044,NULL,"<b>Anatomical segregation between two corticoï¿½hippocampal circuits in wildï¿½type mice: ECIII?CA1 and ECII?DG/CA2/CA3.</b><br><b>a,</b> Experimental design depicting the injection of a nonï¿½Creï¿½dependent AAVrh8ï¿½CaMKIIaï¿½ChR2ï¿½YFP into the superficial medial entorhinal area of wild type mouse.<br><b>b,</b> Confocal image of a sagittal slice depicting YFP expression near the injection site in the MEC.<br><b>c,</b> Ipsilateral sagittal hippocampus section of infected mouse depicted in (b). Tissue stained for calbindin (white), RGS14 (red) and with DAPI (blue) and ChR2ï¿½YFP (green) expression. Both MECIII (terminating in CA1ï¿½SLM) and MECII fibers (terminating in DG, CA3 and CA2) can be seen. MECï¿½specific infection is confirmed by distribution of YFP in the middle oneï¿½third of the dendrites of the DG.<br><b>d,</b> Contralateral sagittal hippocampal section of the same mouse in (c) with same staining as (c). On the contralateral side, no MECII fibers can be detected, and MECIII fibers form a sharp boundary with the CA2ï¿½specific RGS14 staining.<br><b>e,</b> Ipsilateral sagittal hippocampus section of wild type mouse infected with AAVrh8ï¿½CaMKIIaï¿½ChR2ï¿½YFP in the superficial lateral entorhinal cortex (LEC). Tissue stained for calbindin (white), RGS14 (red) and DAPI (blue) and ChR2ï¿½YFP (green) expression. Both LECIII (terminating in SLM of CA1) and LECII fibers (terminating in DG, CA3 and CA2) can be seen. LEC infection is confirmed by expression of YFP in the outer oneï¿½third of the dendrites of the DG. Note: the distribution of the YFPï¿½positive LECIII fibers in CA1ï¿½SLM does not reach the proximal end of CA1. Note that YFPï¿½labeled LECII fibers overlap with RGS14ï¿½positive CA2 region.<br><b>f,</b> Contralateral sagittal hippocampal section of mouse depicted in (e) with same staining as (e). On the contralateral side, no LECII fibers can be seen, and LECIII fibers only reach the distal regions of CA1, far away from the RGS14 signal.","Fig. S10",NULL,NULL,NULL,NULL,24336151,0,"ECIII?CA1;ECII?DG/CA2/CA3",NULL,"3100411.png",NULL
3100411,6003,NULL,2005,NULL,"<b>Anatomical segregation between two corticoï¿½hippocampal circuits in wildï¿½type mice: ECIII?CA1 and ECII?DG/CA2/CA3.</b><br><b>a,</b> Experimental design depicting the injection of a nonï¿½Creï¿½dependent AAVrh8ï¿½CaMKIIaï¿½ChR2ï¿½YFP into the superficial medial entorhinal area of wild type mouse.<br><b>b,</b> Confocal image of a sagittal slice depicting YFP expression near the injection site in the MEC.<br><b>c,</b> Ipsilateral sagittal hippocampus section of infected mouse depicted in (b). Tissue stained for calbindin (white), RGS14 (red) and with DAPI (blue) and ChR2ï¿½YFP (green) expression. Both MECIII (terminating in CA1ï¿½SLM) and MECII fibers (terminating in DG, CA3 and CA2) can be seen. MECï¿½specific infection is confirmed by distribution of YFP in the middle oneï¿½third of the dendrites of the DG.<br><b>d,</b> Contralateral sagittal hippocampal section of the same mouse in (c) with same staining as (c). On the contralateral side, no MECII fibers can be detected, and MECIII fibers form a sharp boundary with the CA2ï¿½specific RGS14 staining.<br><b>e,</b> Ipsilateral sagittal hippocampus section of wild type mouse infected with AAVrh8ï¿½CaMKIIaï¿½ChR2ï¿½YFP in the superficial lateral entorhinal cortex (LEC). Tissue stained for calbindin (white), RGS14 (red) and DAPI (blue) and ChR2ï¿½YFP (green) expression. Both LECIII (terminating in SLM of CA1) and LECII fibers (terminating in DG, CA3 and CA2) can be seen. LEC infection is confirmed by expression of YFP in the outer oneï¿½third of the dendrites of the DG. Note: the distribution of the YFPï¿½positive LECIII fibers in CA1ï¿½SLM does not reach the proximal end of CA1. Note that YFPï¿½labeled LECII fibers overlap with RGS14ï¿½positive CA2 region.<br><b>f,</b> Contralateral sagittal hippocampal section of mouse depicted in (e) with same staining as (e). On the contralateral side, no LECII fibers can be seen, and LECIII fibers only reach the distal regions of CA1, far away from the RGS14 signal.","Fig. S10",NULL,NULL,NULL,NULL,24336151,0,"ECIII?CA1;ECII?DG/CA2/CA3",NULL,"3100411.png",NULL
3100412,NULL,NULL,3000,NULL,"<b>Lack of excitatory synaptic transmission in distal CA2 pyramidal cells in response to optogenetic stimulation of MECIII.</b><br><b>aï¿½c,</b> Zï¿½projected confocal images of biocytin filled distal CA2 pyramidal cells (red). Note the ChR2ï¿½YFPï¿½positive MECIII fibers in green. <b>Dotted line:</b> stratum lucidum. Inset from the dotted lineï¿½boxes in yellow: magnified single confocal stacks showing biocytin filled CA2 pyramidal cells RGS14ï¿½positive. <b>Bottom:</b> electrophysiological recordings in current mode (averages in red) of the same CA2 cells in response to optogenetic stimulation of MECIII fibers (30 Hz train followed 500 ms later by a single recovery light pulse). Note in <b>(c)</b> the presence of a strong <i>polysynaptic inhibition</i>.","Fig. S12",NULL,NULL,NULL,NULL,24336151,0,"MECIIIï¿½CA2 Pyramidal",NULL,"3100412.png",NULL
3100413,6017,NULL,4000,NULL,"<b>Mutually exclusive corticoï¿½hippocampal circuits: ECIII?CA1 and ECII?DG/CA2/CA3.</b><br><b>a,</b> Diagram depicting pOxr1ï¿½Cre mouse injected with two viruses: Creï¿½dependent AAV9ï¿½EF1?ï¿½DIOï¿½ChR2ï¿½YFP and nonï¿½Creï¿½dependent AAV8ï¿½CMVï¿½Synaptophysinï¿½mCherry.<br><b>b,</b> Schematic of double virus injection from (a) and expression patterns in the entorhinal cortex (EC) as well as the projection patterns into the hippocampus.<br><b>c,</b> Sagittal EC section of injection area showing mCherry and YFP expression. Insets from the dottedï¿½line box: mCherry labeling in MECII and in MECIII (II, III) and YFP only labeling MECIII and not MECII or any other cell type (I, III). Fibers in MECI are pyramidal MECIII dendrites.<br><b>d,</b> Sagittal section showing MECIII fiber projection (YFP, green) into the SLM region of the CA1 area.<br><b>e,</b> Same section showing MECIII and MECII synaptophysinï¿½labeled terminals (red).<br><b>f,</b> Overlay of (d) and (e). Note the yellow signal in CA1ï¿½SLM indicating coï¿½expression of MECIIIï¿½specific YFP and mCherry signals, as well as the lack of YFP in the Uï¿½turn indicating MECII exclusive projection. Bottom: enlarged confocal images from the dotted lineï¿½box showing RGS14 staining (purple) of the CA2 region. Note the overlap between RGS14ï¿½positive CA2 dendrites and putative MECII fibers, but not with MECIII fibers.","Fig. S13",NULL,NULL,NULL,NULL,24336151,0,"MECIII?CA1;MECII?DG/CA2/CA3",NULL,"3100413.png",NULL
3100413,6017,NULL,4094,NULL,"<b>Mutually exclusive corticoï¿½hippocampal circuits: ECIII?CA1 and ECII?DG/CA2/CA3.</b><br><b>a,</b> Diagram depicting pOxr1ï¿½Cre mouse injected with two viruses: Creï¿½dependent AAV9ï¿½EF1?ï¿½DIOï¿½ChR2ï¿½YFP and nonï¿½Creï¿½dependent AAV8ï¿½CMVï¿½Synaptophysinï¿½mCherry.<br><b>b,</b> Schematic of double virus injection from (a) and expression patterns in the entorhinal cortex (EC) as well as the projection patterns into the hippocampus.<br><b>c,</b> Sagittal EC section of injection area showing mCherry and YFP expression. Insets from the dottedï¿½line box: mCherry labeling in MECII and in MECIII (II, III) and YFP only labeling MECIII and not MECII or any other cell type (I, III). Fibers in MECI are pyramidal MECIII dendrites.<br><b>d,</b> Sagittal section showing MECIII fiber projection (YFP, green) into the SLM region of the CA1 area.<br><b>e,</b> Same section showing MECIII and MECII synaptophysinï¿½labeled terminals (red).<br><b>f,</b> Overlay of (d) and (e). Note the yellow signal in CA1ï¿½SLM indicating coï¿½expression of MECIIIï¿½specific YFP and mCherry signals, as well as the lack of YFP in the Uï¿½turn indicating MECII exclusive projection. Bottom: enlarged confocal images from the dotted lineï¿½box showing RGS14 staining (purple) of the CA2 region. Note the overlap between RGS14ï¿½positive CA2 dendrites and putative MECII fibers, but not with MECIII fibers.","Fig. S13",NULL,NULL,NULL,NULL,24336151,0,"MECIII?CA1;MECII?DG/CA2/CA3",NULL,"3100413.png",NULL
3100413,6017,NULL,4054,NULL,"<b>Mutually exclusive corticoï¿½hippocampal circuits: ECIII?CA1 and ECII?DG/CA2/CA3.</b><br><b>a,</b> Diagram depicting pOxr1ï¿½Cre mouse injected with two viruses: Creï¿½dependent AAV9ï¿½EF1?ï¿½DIOï¿½ChR2ï¿½YFP and nonï¿½Creï¿½dependent AAV8ï¿½CMVï¿½Synaptophysinï¿½mCherry.<br><b>b,</b> Schematic of double virus injection from (a) and expression patterns in the entorhinal cortex (EC) as well as the projection patterns into the hippocampus.<br><b>c,</b> Sagittal EC section of injection area showing mCherry and YFP expression. Insets from the dottedï¿½line box: mCherry labeling in MECII and in MECIII (II, III) and YFP only labeling MECIII and not MECII or any other cell type (I, III). Fibers in MECI are pyramidal MECIII dendrites.<br><b>d,</b> Sagittal section showing MECIII fiber projection (YFP, green) into the SLM region of the CA1 area.<br><b>e,</b> Same section showing MECIII and MECII synaptophysinï¿½labeled terminals (red).<br><b>f,</b> Overlay of (d) and (e). Note the yellow signal in CA1ï¿½SLM indicating coï¿½expression of MECIIIï¿½specific YFP and mCherry signals, as well as the lack of YFP in the Uï¿½turn indicating MECII exclusive projection. Bottom: enlarged confocal images from the dotted lineï¿½box showing RGS14 staining (purple) of the CA2 region. Note the overlap between RGS14ï¿½positive CA2 dendrites and putative MECII fibers, but not with MECIII fibers.","Fig. S13",NULL,NULL,NULL,NULL,24336151,0,"MECIII?CA1;MECII?DG/CA2/CA3",NULL,"3100413.png",NULL
3100413,6017,NULL,4036,NULL,"<b>Mutually exclusive corticoï¿½hippocampal circuits: ECIII?CA1 and ECII?DG/CA2/CA3.</b><br><b>a,</b> Diagram depicting pOxr1ï¿½Cre mouse injected with two viruses: Creï¿½dependent AAV9ï¿½EF1?ï¿½DIOï¿½ChR2ï¿½YFP and nonï¿½Creï¿½dependent AAV8ï¿½CMVï¿½Synaptophysinï¿½mCherry.<br><b>b,</b> Schematic of double virus injection from (a) and expression patterns in the entorhinal cortex (EC) as well as the projection patterns into the hippocampus.<br><b>c,</b> Sagittal EC section of injection area showing mCherry and YFP expression. Insets from the dottedï¿½line box: mCherry labeling in MECII and in MECIII (II, III) and YFP only labeling MECIII and not MECII or any other cell type (I, III). Fibers in MECI are pyramidal MECIII dendrites.<br><b>d,</b> Sagittal section showing MECIII fiber projection (YFP, green) into the SLM region of the CA1 area.<br><b>e,</b> Same section showing MECIII and MECII synaptophysinï¿½labeled terminals (red).<br><b>f,</b> Overlay of (d) and (e). Note the yellow signal in CA1ï¿½SLM indicating coï¿½expression of MECIIIï¿½specific YFP and mCherry signals, as well as the lack of YFP in the Uï¿½turn indicating MECII exclusive projection. Bottom: enlarged confocal images from the dotted lineï¿½box showing RGS14 staining (purple) of the CA2 region. Note the overlap between RGS14ï¿½positive CA2 dendrites and putative MECII fibers, but not with MECIII fibers.","Fig. S13",NULL,NULL,NULL,NULL,24336151,0,"MECIII?CA1;MECII?DG/CA2/CA3",NULL,"3100413.png",NULL
3100413,6017,NULL,4078,NULL,"<b>Mutually exclusive corticoï¿½hippocampal circuits: ECIII?CA1 and ECII?DG/CA2/CA3.</b><br><b>a,</b> Diagram depicting pOxr1ï¿½Cre mouse injected with two viruses: Creï¿½dependent AAV9ï¿½EF1?ï¿½DIOï¿½ChR2ï¿½YFP and nonï¿½Creï¿½dependent AAV8ï¿½CMVï¿½Synaptophysinï¿½mCherry.<br><b>b,</b> Schematic of double virus injection from (a) and expression patterns in the entorhinal cortex (EC) as well as the projection patterns into the hippocampus.<br><b>c,</b> Sagittal EC section of injection area showing mCherry and YFP expression. Insets from the dottedï¿½line box: mCherry labeling in MECII and in MECIII (II, III) and YFP only labeling MECIII and not MECII or any other cell type (I, III). Fibers in MECI are pyramidal MECIII dendrites.<br><b>d,</b> Sagittal section showing MECIII fiber projection (YFP, green) into the SLM region of the CA1 area.<br><b>e,</b> Same section showing MECIII and MECII synaptophysinï¿½labeled terminals (red).<br><b>f,</b> Overlay of (d) and (e). Note the yellow signal in CA1ï¿½SLM indicating coï¿½expression of MECIIIï¿½specific YFP and mCherry signals, as well as the lack of YFP in the Uï¿½turn indicating MECII exclusive projection. Bottom: enlarged confocal images from the dotted lineï¿½box showing RGS14 staining (purple) of the CA2 region. Note the overlap between RGS14ï¿½positive CA2 dendrites and putative MECII fibers, but not with MECIII fibers.","Fig. S13",NULL,NULL,NULL,NULL,24336151,0,"MECIII?CA1;MECII?DG/CA2/CA3",NULL,"3100413.png",NULL
3100413,6017,NULL,4079,NULL,"<b>Mutually exclusive corticoï¿½hippocampal circuits: ECIII?CA1 and ECII?DG/CA2/CA3.</b><br><b>a,</b> Diagram depicting pOxr1ï¿½Cre mouse injected with two viruses: Creï¿½dependent AAV9ï¿½EF1?ï¿½DIOï¿½ChR2ï¿½YFP and nonï¿½Creï¿½dependent AAV8ï¿½CMVï¿½Synaptophysinï¿½mCherry.<br><b>b,</b> Schematic of double virus injection from (a) and expression patterns in the entorhinal cortex (EC) as well as the projection patterns into the hippocampus.<br><b>c,</b> Sagittal EC section of injection area showing mCherry and YFP expression. Insets from the dottedï¿½line box: mCherry labeling in MECII and in MECIII (II, III) and YFP only labeling MECIII and not MECII or any other cell type (I, III). Fibers in MECI are pyramidal MECIII dendrites.<br><b>d,</b> Sagittal section showing MECIII fiber projection (YFP, green) into the SLM region of the CA1 area.<br><b>e,</b> Same section showing MECIII and MECII synaptophysinï¿½labeled terminals (red).<br><b>f,</b> Overlay of (d) and (e). Note the yellow signal in CA1ï¿½SLM indicating coï¿½expression of MECIIIï¿½specific YFP and mCherry signals, as well as the lack of YFP in the Uï¿½turn indicating MECII exclusive projection. Bottom: enlarged confocal images from the dotted lineï¿½box showing RGS14 staining (purple) of the CA2 region. Note the overlap between RGS14ï¿½positive CA2 dendrites and putative MECII fibers, but not with MECIII fibers.","Fig. S13",NULL,NULL,NULL,NULL,24336151,0,"MECIII?CA1;MECII?DG/CA2/CA3",NULL,"3100413.png",NULL
3100413,6017,NULL,4022,NULL,"<b>Mutually exclusive corticoï¿½hippocampal circuits: ECIII?CA1 and ECII?DG/CA2/CA3.</b><br><b>a,</b> Diagram depicting pOxr1ï¿½Cre mouse injected with two viruses: Creï¿½dependent AAV9ï¿½EF1?ï¿½DIOï¿½ChR2ï¿½YFP and nonï¿½Creï¿½dependent AAV8ï¿½CMVï¿½Synaptophysinï¿½mCherry.<br><b>b,</b> Schematic of double virus injection from (a) and expression patterns in the entorhinal cortex (EC) as well as the projection patterns into the hippocampus.<br><b>c,</b> Sagittal EC section of injection area showing mCherry and YFP expression. Insets from the dottedï¿½line box: mCherry labeling in MECII and in MECIII (II, III) and YFP only labeling MECIII and not MECII or any other cell type (I, III). Fibers in MECI are pyramidal MECIII dendrites.<br><b>d,</b> Sagittal section showing MECIII fiber projection (YFP, green) into the SLM region of the CA1 area.<br><b>e,</b> Same section showing MECIII and MECII synaptophysinï¿½labeled terminals (red).<br><b>f,</b> Overlay of (d) and (e). Note the yellow signal in CA1ï¿½SLM indicating coï¿½expression of MECIIIï¿½specific YFP and mCherry signals, as well as the lack of YFP in the Uï¿½turn indicating MECII exclusive projection. Bottom: enlarged confocal images from the dotted lineï¿½box showing RGS14 staining (purple) of the CA2 region. Note the overlap between RGS14ï¿½positive CA2 dendrites and putative MECII fibers, but not with MECIII fibers.","Fig. S13",NULL,NULL,NULL,NULL,24336151,0,"MECIII?CA1;MECII?DG/CA2/CA3",NULL,"3100413.png",NULL
3100413,6017,NULL,4021,NULL,"<b>Mutually exclusive corticoï¿½hippocampal circuits: ECIII?CA1 and ECII?DG/CA2/CA3.</b><br><b>a,</b> Diagram depicting pOxr1ï¿½Cre mouse injected with two viruses: Creï¿½dependent AAV9ï¿½EF1?ï¿½DIOï¿½ChR2ï¿½YFP and nonï¿½Creï¿½dependent AAV8ï¿½CMVï¿½Synaptophysinï¿½mCherry.<br><b>b,</b> Schematic of double virus injection from (a) and expression patterns in the entorhinal cortex (EC) as well as the projection patterns into the hippocampus.<br><b>c,</b> Sagittal EC section of injection area showing mCherry and YFP expression. Insets from the dottedï¿½line box: mCherry labeling in MECII and in MECIII (II, III) and YFP only labeling MECIII and not MECII or any other cell type (I, III). Fibers in MECI are pyramidal MECIII dendrites.<br><b>d,</b> Sagittal section showing MECIII fiber projection (YFP, green) into the SLM region of the CA1 area.<br><b>e,</b> Same section showing MECIII and MECII synaptophysinï¿½labeled terminals (red).<br><b>f,</b> Overlay of (d) and (e). Note the yellow signal in CA1ï¿½SLM indicating coï¿½expression of MECIIIï¿½specific YFP and mCherry signals, as well as the lack of YFP in the Uï¿½turn indicating MECII exclusive projection. Bottom: enlarged confocal images from the dotted lineï¿½box showing RGS14 staining (purple) of the CA2 region. Note the overlap between RGS14ï¿½positive CA2 dendrites and putative MECII fibers, but not with MECIII fibers.","Fig. S13",NULL,NULL,NULL,NULL,24336151,0,"MECIII?CA1;MECII?DG/CA2/CA3",NULL,"3100413.png",NULL
3100413,6017,NULL,4056,NULL,"<b>Mutually exclusive corticoï¿½hippocampal circuits: ECIII?CA1 and ECII?DG/CA2/CA3.</b><br><b>a,</b> Diagram depicting pOxr1ï¿½Cre mouse injected with two viruses: Creï¿½dependent AAV9ï¿½EF1?ï¿½DIOï¿½ChR2ï¿½YFP and nonï¿½Creï¿½dependent AAV8ï¿½CMVï¿½Synaptophysinï¿½mCherry.<br><b>b,</b> Schematic of double virus injection from (a) and expression patterns in the entorhinal cortex (EC) as well as the projection patterns into the hippocampus.<br><b>c,</b> Sagittal EC section of injection area showing mCherry and YFP expression. Insets from the dottedï¿½line box: mCherry labeling in MECII and in MECIII (II, III) and YFP only labeling MECIII and not MECII or any other cell type (I, III). Fibers in MECI are pyramidal MECIII dendrites.<br><b>d,</b> Sagittal section showing MECIII fiber projection (YFP, green) into the SLM region of the CA1 area.<br><b>e,</b> Same section showing MECIII and MECII synaptophysinï¿½labeled terminals (red).<br><b>f,</b> Overlay of (d) and (e). Note the yellow signal in CA1ï¿½SLM indicating coï¿½expression of MECIIIï¿½specific YFP and mCherry signals, as well as the lack of YFP in the Uï¿½turn indicating MECII exclusive projection. Bottom: enlarged confocal images from the dotted lineï¿½box showing RGS14 staining (purple) of the CA2 region. Note the overlap between RGS14ï¿½positive CA2 dendrites and putative MECII fibers, but not with MECIII fibers.","Fig. S13",NULL,NULL,NULL,NULL,24336151,0,"MECIII?CA1;MECII?DG/CA2/CA3",NULL,"3100413.png",NULL
3100413,6017,NULL,4020,NULL,"<b>Mutually exclusive corticoï¿½hippocampal circuits: ECIII?CA1 and ECII?DG/CA2/CA3.</b><br><b>a,</b> Diagram depicting pOxr1ï¿½Cre mouse injected with two viruses: Creï¿½dependent AAV9ï¿½EF1?ï¿½DIOï¿½ChR2ï¿½YFP and nonï¿½Creï¿½dependent AAV8ï¿½CMVï¿½Synaptophysinï¿½mCherry.<br><b>b,</b> Schematic of double virus injection from (a) and expression patterns in the entorhinal cortex (EC) as well as the projection patterns into the hippocampus.<br><b>c,</b> Sagittal EC section of injection area showing mCherry and YFP expression. Insets from the dottedï¿½line box: mCherry labeling in MECII and in MECIII (II, III) and YFP only labeling MECIII and not MECII or any other cell type (I, III). Fibers in MECI are pyramidal MECIII dendrites.<br><b>d,</b> Sagittal section showing MECIII fiber projection (YFP, green) into the SLM region of the CA1 area.<br><b>e,</b> Same section showing MECIII and MECII synaptophysinï¿½labeled terminals (red).<br><b>f,</b> Overlay of (d) and (e). Note the yellow signal in CA1ï¿½SLM indicating coï¿½expression of MECIIIï¿½specific YFP and mCherry signals, as well as the lack of YFP in the Uï¿½turn indicating MECII exclusive projection. Bottom: enlarged confocal images from the dotted lineï¿½box showing RGS14 staining (purple) of the CA2 region. Note the overlap between RGS14ï¿½positive CA2 dendrites and putative MECII fibers, but not with MECIII fibers.","Fig. S13",NULL,NULL,NULL,NULL,24336151,0,"MECIII?CA1;MECII?DG/CA2/CA3",NULL,"3100413.png",NULL
3100413,6017,NULL,4005,NULL,"<b>Mutually exclusive corticoï¿½hippocampal circuits: ECIII?CA1 and ECII?DG/CA2/CA3.</b><br><b>a,</b> Diagram depicting pOxr1ï¿½Cre mouse injected with two viruses: Creï¿½dependent AAV9ï¿½EF1?ï¿½DIOï¿½ChR2ï¿½YFP and nonï¿½Creï¿½dependent AAV8ï¿½CMVï¿½Synaptophysinï¿½mCherry.<br><b>b,</b> Schematic of double virus injection from (a) and expression patterns in the entorhinal cortex (EC) as well as the projection patterns into the hippocampus.<br><b>c,</b> Sagittal EC section of injection area showing mCherry and YFP expression. Insets from the dottedï¿½line box: mCherry labeling in MECII and in MECIII (II, III) and YFP only labeling MECIII and not MECII or any other cell type (I, III). Fibers in MECI are pyramidal MECIII dendrites.<br><b>d,</b> Sagittal section showing MECIII fiber projection (YFP, green) into the SLM region of the CA1 area.<br><b>e,</b> Same section showing MECIII and MECII synaptophysinï¿½labeled terminals (red).<br><b>f,</b> Overlay of (d) and (e). Note the yellow signal in CA1ï¿½SLM indicating coï¿½expression of MECIIIï¿½specific YFP and mCherry signals, as well as the lack of YFP in the Uï¿½turn indicating MECII exclusive projection. Bottom: enlarged confocal images from the dotted lineï¿½box showing RGS14 staining (purple) of the CA2 region. Note the overlap between RGS14ï¿½positive CA2 dendrites and putative MECII fibers, but not with MECIII fibers.","Fig. S13",NULL,NULL,NULL,NULL,24336151,0,"MECIII?CA1;MECII?DG/CA2/CA3",NULL,"3100413.png",NULL
3100413,6017,NULL,4004,NULL,"<b>Mutually exclusive corticoï¿½hippocampal circuits: ECIII?CA1 and ECII?DG/CA2/CA3.</b><br><b>a,</b> Diagram depicting pOxr1ï¿½Cre mouse injected with two viruses: Creï¿½dependent AAV9ï¿½EF1?ï¿½DIOï¿½ChR2ï¿½YFP and nonï¿½Creï¿½dependent AAV8ï¿½CMVï¿½Synaptophysinï¿½mCherry.<br><b>b,</b> Schematic of double virus injection from (a) and expression patterns in the entorhinal cortex (EC) as well as the projection patterns into the hippocampus.<br><b>c,</b> Sagittal EC section of injection area showing mCherry and YFP expression. Insets from the dottedï¿½line box: mCherry labeling in MECII and in MECIII (II, III) and YFP only labeling MECIII and not MECII or any other cell type (I, III). Fibers in MECI are pyramidal MECIII dendrites.<br><b>d,</b> Sagittal section showing MECIII fiber projection (YFP, green) into the SLM region of the CA1 area.<br><b>e,</b> Same section showing MECIII and MECII synaptophysinï¿½labeled terminals (red).<br><b>f,</b> Overlay of (d) and (e). Note the yellow signal in CA1ï¿½SLM indicating coï¿½expression of MECIIIï¿½specific YFP and mCherry signals, as well as the lack of YFP in the Uï¿½turn indicating MECII exclusive projection. Bottom: enlarged confocal images from the dotted lineï¿½box showing RGS14 staining (purple) of the CA2 region. Note the overlap between RGS14ï¿½positive CA2 dendrites and putative MECII fibers, but not with MECIII fibers.","Fig. S13",NULL,NULL,NULL,NULL,24336151,0,"MECIII?CA1;MECII?DG/CA2/CA3",NULL,"3100413.png",NULL
3100413,6017,NULL,4012,NULL,"<b>Mutually exclusive corticoï¿½hippocampal circuits: ECIII?CA1 and ECII?DG/CA2/CA3.</b><br><b>a,</b> Diagram depicting pOxr1ï¿½Cre mouse injected with two viruses: Creï¿½dependent AAV9ï¿½EF1?ï¿½DIOï¿½ChR2ï¿½YFP and nonï¿½Creï¿½dependent AAV8ï¿½CMVï¿½Synaptophysinï¿½mCherry.<br><b>b,</b> Schematic of double virus injection from (a) and expression patterns in the entorhinal cortex (EC) as well as the projection patterns into the hippocampus.<br><b>c,</b> Sagittal EC section of injection area showing mCherry and YFP expression. Insets from the dottedï¿½line box: mCherry labeling in MECII and in MECIII (II, III) and YFP only labeling MECIII and not MECII or any other cell type (I, III). Fibers in MECI are pyramidal MECIII dendrites.<br><b>d,</b> Sagittal section showing MECIII fiber projection (YFP, green) into the SLM region of the CA1 area.<br><b>e,</b> Same section showing MECIII and MECII synaptophysinï¿½labeled terminals (red).<br><b>f,</b> Overlay of (d) and (e). Note the yellow signal in CA1ï¿½SLM indicating coï¿½expression of MECIIIï¿½specific YFP and mCherry signals, as well as the lack of YFP in the Uï¿½turn indicating MECII exclusive projection. Bottom: enlarged confocal images from the dotted lineï¿½box showing RGS14 staining (purple) of the CA2 region. Note the overlap between RGS14ï¿½positive CA2 dendrites and putative MECII fibers, but not with MECIII fibers.","Fig. S13",NULL,NULL,NULL,NULL,24336151,0,"MECIII?CA1;MECII?DG/CA2/CA3",NULL,"3100413.png",NULL
3100413,6017,NULL,4011,NULL,"<b>Mutually exclusive corticoï¿½hippocampal circuits: ECIII?CA1 and ECII?DG/CA2/CA3.</b><br><b>a,</b> Diagram depicting pOxr1ï¿½Cre mouse injected with two viruses: Creï¿½dependent AAV9ï¿½EF1?ï¿½DIOï¿½ChR2ï¿½YFP and nonï¿½Creï¿½dependent AAV8ï¿½CMVï¿½Synaptophysinï¿½mCherry.<br><b>b,</b> Schematic of double virus injection from (a) and expression patterns in the entorhinal cortex (EC) as well as the projection patterns into the hippocampus.<br><b>c,</b> Sagittal EC section of injection area showing mCherry and YFP expression. Insets from the dottedï¿½line box: mCherry labeling in MECII and in MECIII (II, III) and YFP only labeling MECIII and not MECII or any other cell type (I, III). Fibers in MECI are pyramidal MECIII dendrites.<br><b>d,</b> Sagittal section showing MECIII fiber projection (YFP, green) into the SLM region of the CA1 area.<br><b>e,</b> Same section showing MECIII and MECII synaptophysinï¿½labeled terminals (red).<br><b>f,</b> Overlay of (d) and (e). Note the yellow signal in CA1ï¿½SLM indicating coï¿½expression of MECIIIï¿½specific YFP and mCherry signals, as well as the lack of YFP in the Uï¿½turn indicating MECII exclusive projection. Bottom: enlarged confocal images from the dotted lineï¿½box showing RGS14 staining (purple) of the CA2 region. Note the overlap between RGS14ï¿½positive CA2 dendrites and putative MECII fibers, but not with MECIII fibers.","Fig. S13",NULL,NULL,NULL,NULL,24336151,0,"MECIII?CA1;MECII?DG/CA2/CA3",NULL,"3100413.png",NULL
3100413,6017,NULL,4055,NULL,"<b>Mutually exclusive corticoï¿½hippocampal circuits: ECIII?CA1 and ECII?DG/CA2/CA3.</b><br><b>a,</b> Diagram depicting pOxr1ï¿½Cre mouse injected with two viruses: Creï¿½dependent AAV9ï¿½EF1?ï¿½DIOï¿½ChR2ï¿½YFP and nonï¿½Creï¿½dependent AAV8ï¿½CMVï¿½Synaptophysinï¿½mCherry.<br><b>b,</b> Schematic of double virus injection from (a) and expression patterns in the entorhinal cortex (EC) as well as the projection patterns into the hippocampus.<br><b>c,</b> Sagittal EC section of injection area showing mCherry and YFP expression. Insets from the dottedï¿½line box: mCherry labeling in MECII and in MECIII (II, III) and YFP only labeling MECIII and not MECII or any other cell type (I, III). Fibers in MECI are pyramidal MECIII dendrites.<br><b>d,</b> Sagittal section showing MECIII fiber projection (YFP, green) into the SLM region of the CA1 area.<br><b>e,</b> Same section showing MECIII and MECII synaptophysinï¿½labeled terminals (red).<br><b>f,</b> Overlay of (d) and (e). Note the yellow signal in CA1ï¿½SLM indicating coï¿½expression of MECIIIï¿½specific YFP and mCherry signals, as well as the lack of YFP in the Uï¿½turn indicating MECII exclusive projection. Bottom: enlarged confocal images from the dotted lineï¿½box showing RGS14 staining (purple) of the CA2 region. Note the overlap between RGS14ï¿½positive CA2 dendrites and putative MECII fibers, but not with MECIII fibers.","Fig. S13",NULL,NULL,NULL,NULL,24336151,0,"MECIII?CA1;MECII?DG/CA2/CA3",NULL,"3100413.png",NULL
3100413,6017,NULL,4006,NULL,"<b>Mutually exclusive corticoï¿½hippocampal circuits: ECIII?CA1 and ECII?DG/CA2/CA3.</b><br><b>a,</b> Diagram depicting pOxr1ï¿½Cre mouse injected with two viruses: Creï¿½dependent AAV9ï¿½EF1?ï¿½DIOï¿½ChR2ï¿½YFP and nonï¿½Creï¿½dependent AAV8ï¿½CMVï¿½Synaptophysinï¿½mCherry.<br><b>b,</b> Schematic of double virus injection from (a) and expression patterns in the entorhinal cortex (EC) as well as the projection patterns into the hippocampus.<br><b>c,</b> Sagittal EC section of injection area showing mCherry and YFP expression. Insets from the dottedï¿½line box: mCherry labeling in MECII and in MECIII (II, III) and YFP only labeling MECIII and not MECII or any other cell type (I, III). Fibers in MECI are pyramidal MECIII dendrites.<br><b>d,</b> Sagittal section showing MECIII fiber projection (YFP, green) into the SLM region of the CA1 area.<br><b>e,</b> Same section showing MECIII and MECII synaptophysinï¿½labeled terminals (red).<br><b>f,</b> Overlay of (d) and (e). Note the yellow signal in CA1ï¿½SLM indicating coï¿½expression of MECIIIï¿½specific YFP and mCherry signals, as well as the lack of YFP in the Uï¿½turn indicating MECII exclusive projection. Bottom: enlarged confocal images from the dotted lineï¿½box showing RGS14 staining (purple) of the CA2 region. Note the overlap between RGS14ï¿½positive CA2 dendrites and putative MECII fibers, but not with MECIII fibers.","Fig. S13",NULL,NULL,NULL,NULL,24336151,0,"MECIII?CA1;MECII?DG/CA2/CA3",NULL,"3100413.png",NULL
3100413,6017,NULL,4076,NULL,"<b>Mutually exclusive corticoï¿½hippocampal circuits: ECIII?CA1 and ECII?DG/CA2/CA3.</b><br><b>a,</b> Diagram depicting pOxr1ï¿½Cre mouse injected with two viruses: Creï¿½dependent AAV9ï¿½EF1?ï¿½DIOï¿½ChR2ï¿½YFP and nonï¿½Creï¿½dependent AAV8ï¿½CMVï¿½Synaptophysinï¿½mCherry.<br><b>b,</b> Schematic of double virus injection from (a) and expression patterns in the entorhinal cortex (EC) as well as the projection patterns into the hippocampus.<br><b>c,</b> Sagittal EC section of injection area showing mCherry and YFP expression. Insets from the dottedï¿½line box: mCherry labeling in MECII and in MECIII (II, III) and YFP only labeling MECIII and not MECII or any other cell type (I, III). Fibers in MECI are pyramidal MECIII dendrites.<br><b>d,</b> Sagittal section showing MECIII fiber projection (YFP, green) into the SLM region of the CA1 area.<br><b>e,</b> Same section showing MECIII and MECII synaptophysinï¿½labeled terminals (red).<br><b>f,</b> Overlay of (d) and (e). Note the yellow signal in CA1ï¿½SLM indicating coï¿½expression of MECIIIï¿½specific YFP and mCherry signals, as well as the lack of YFP in the Uï¿½turn indicating MECII exclusive projection. Bottom: enlarged confocal images from the dotted lineï¿½box showing RGS14 staining (purple) of the CA2 region. Note the overlap between RGS14ï¿½positive CA2 dendrites and putative MECII fibers, but not with MECIII fibers.","Fig. S13",NULL,NULL,NULL,NULL,24336151,0,"MECIII?CA1;MECII?DG/CA2/CA3",NULL,"3100413.png",NULL
3100413,6017,NULL,4003,NULL,"<b>Mutually exclusive corticoï¿½hippocampal circuits: ECIII?CA1 and ECII?DG/CA2/CA3.</b><br><b>a,</b> Diagram depicting pOxr1ï¿½Cre mouse injected with two viruses: Creï¿½dependent AAV9ï¿½EF1?ï¿½DIOï¿½ChR2ï¿½YFP and nonï¿½Creï¿½dependent AAV8ï¿½CMVï¿½Synaptophysinï¿½mCherry.<br><b>b,</b> Schematic of double virus injection from (a) and expression patterns in the entorhinal cortex (EC) as well as the projection patterns into the hippocampus.<br><b>c,</b> Sagittal EC section of injection area showing mCherry and YFP expression. Insets from the dottedï¿½line box: mCherry labeling in MECII and in MECIII (II, III) and YFP only labeling MECIII and not MECII or any other cell type (I, III). Fibers in MECI are pyramidal MECIII dendrites.<br><b>d,</b> Sagittal section showing MECIII fiber projection (YFP, green) into the SLM region of the CA1 area.<br><b>e,</b> Same section showing MECIII and MECII synaptophysinï¿½labeled terminals (red).<br><b>f,</b> Overlay of (d) and (e). Note the yellow signal in CA1ï¿½SLM indicating coï¿½expression of MECIIIï¿½specific YFP and mCherry signals, as well as the lack of YFP in the Uï¿½turn indicating MECII exclusive projection. Bottom: enlarged confocal images from the dotted lineï¿½box showing RGS14 staining (purple) of the CA2 region. Note the overlap between RGS14ï¿½positive CA2 dendrites and putative MECII fibers, but not with MECIII fibers.","Fig. S13",NULL,NULL,NULL,NULL,24336151,0,"MECIII?CA1;MECII?DG/CA2/CA3",NULL,"3100413.png",NULL
3100413,6017,NULL,4015,NULL,"<b>Mutually exclusive corticoï¿½hippocampal circuits: ECIII?CA1 and ECII?DG/CA2/CA3.</b><br><b>a,</b> Diagram depicting pOxr1ï¿½Cre mouse injected with two viruses: Creï¿½dependent AAV9ï¿½EF1?ï¿½DIOï¿½ChR2ï¿½YFP and nonï¿½Creï¿½dependent AAV8ï¿½CMVï¿½Synaptophysinï¿½mCherry.<br><b>b,</b> Schematic of double virus injection from (a) and expression patterns in the entorhinal cortex (EC) as well as the projection patterns into the hippocampus.<br><b>c,</b> Sagittal EC section of injection area showing mCherry and YFP expression. Insets from the dottedï¿½line box: mCherry labeling in MECII and in MECIII (II, III) and YFP only labeling MECIII and not MECII or any other cell type (I, III). Fibers in MECI are pyramidal MECIII dendrites.<br><b>d,</b> Sagittal section showing MECIII fiber projection (YFP, green) into the SLM region of the CA1 area.<br><b>e,</b> Same section showing MECIII and MECII synaptophysinï¿½labeled terminals (red).<br><b>f,</b> Overlay of (d) and (e). Note the yellow signal in CA1ï¿½SLM indicating coï¿½expression of MECIIIï¿½specific YFP and mCherry signals, as well as the lack of YFP in the Uï¿½turn indicating MECII exclusive projection. Bottom: enlarged confocal images from the dotted lineï¿½box showing RGS14 staining (purple) of the CA2 region. Note the overlap between RGS14ï¿½positive CA2 dendrites and putative MECII fibers, but not with MECIII fibers.","Fig. S13",NULL,NULL,NULL,NULL,24336151,0,"MECIII?CA1;MECII?DG/CA2/CA3",NULL,"3100413.png",NULL
3100413,6017,NULL,4013,NULL,"<b>Mutually exclusive corticoï¿½hippocampal circuits: ECIII?CA1 and ECII?DG/CA2/CA3.</b><br><b>a,</b> Diagram depicting pOxr1ï¿½Cre mouse injected with two viruses: Creï¿½dependent AAV9ï¿½EF1?ï¿½DIOï¿½ChR2ï¿½YFP and nonï¿½Creï¿½dependent AAV8ï¿½CMVï¿½Synaptophysinï¿½mCherry.<br><b>b,</b> Schematic of double virus injection from (a) and expression patterns in the entorhinal cortex (EC) as well as the projection patterns into the hippocampus.<br><b>c,</b> Sagittal EC section of injection area showing mCherry and YFP expression. Insets from the dottedï¿½line box: mCherry labeling in MECII and in MECIII (II, III) and YFP only labeling MECIII and not MECII or any other cell type (I, III). Fibers in MECI are pyramidal MECIII dendrites.<br><b>d,</b> Sagittal section showing MECIII fiber projection (YFP, green) into the SLM region of the CA1 area.<br><b>e,</b> Same section showing MECIII and MECII synaptophysinï¿½labeled terminals (red).<br><b>f,</b> Overlay of (d) and (e). Note the yellow signal in CA1ï¿½SLM indicating coï¿½expression of MECIIIï¿½specific YFP and mCherry signals, as well as the lack of YFP in the Uï¿½turn indicating MECII exclusive projection. Bottom: enlarged confocal images from the dotted lineï¿½box showing RGS14 staining (purple) of the CA2 region. Note the overlap between RGS14ï¿½positive CA2 dendrites and putative MECII fibers, but not with MECIII fibers.","Fig. S13",NULL,NULL,NULL,NULL,24336151,0,"MECIII?CA1;MECII?DG/CA2/CA3",NULL,"3100413.png",NULL
3100413,6092,NULL,4000,NULL,"<b>Mutually exclusive corticoï¿½hippocampal circuits: ECIII?CA1 and ECII?DG/CA2/CA3.</b><br><b>a,</b> Diagram depicting pOxr1ï¿½Cre mouse injected with two viruses: Creï¿½dependent AAV9ï¿½EF1?ï¿½DIOï¿½ChR2ï¿½YFP and nonï¿½Creï¿½dependent AAV8ï¿½CMVï¿½Synaptophysinï¿½mCherry.<br><b>b,</b> Schematic of double virus injection from (a) and expression patterns in the entorhinal cortex (EC) as well as the projection patterns into the hippocampus.<br><b>c,</b> Sagittal EC section of injection area showing mCherry and YFP expression. Insets from the dottedï¿½line box: mCherry labeling in MECII and in MECIII (II, III) and YFP only labeling MECIII and not MECII or any other cell type (I, III). Fibers in MECI are pyramidal MECIII dendrites.<br><b>d,</b> Sagittal section showing MECIII fiber projection (YFP, green) into the SLM region of the CA1 area.<br><b>e,</b> Same section showing MECIII and MECII synaptophysinï¿½labeled terminals (red).<br><b>f,</b> Overlay of (d) and (e). Note the yellow signal in CA1ï¿½SLM indicating coï¿½expression of MECIIIï¿½specific YFP and mCherry signals, as well as the lack of YFP in the Uï¿½turn indicating MECII exclusive projection. Bottom: enlarged confocal images from the dotted lineï¿½box showing RGS14 staining (purple) of the CA2 region. Note the overlap between RGS14ï¿½positive CA2 dendrites and putative MECII fibers, but not with MECIII fibers.","Fig. S13",NULL,NULL,NULL,NULL,24336151,0,"MECIII?CA1;MECII?DG/CA2/CA3",NULL,"3100413.png",NULL
3100413,6092,NULL,4094,NULL,"<b>Mutually exclusive corticoï¿½hippocampal circuits: ECIII?CA1 and ECII?DG/CA2/CA3.</b><br><b>a,</b> Diagram depicting pOxr1ï¿½Cre mouse injected with two viruses: Creï¿½dependent AAV9ï¿½EF1?ï¿½DIOï¿½ChR2ï¿½YFP and nonï¿½Creï¿½dependent AAV8ï¿½CMVï¿½Synaptophysinï¿½mCherry.<br><b>b,</b> Schematic of double virus injection from (a) and expression patterns in the entorhinal cortex (EC) as well as the projection patterns into the hippocampus.<br><b>c,</b> Sagittal EC section of injection area showing mCherry and YFP expression. Insets from the dottedï¿½line box: mCherry labeling in MECII and in MECIII (II, III) and YFP only labeling MECIII and not MECII or any other cell type (I, III). Fibers in MECI are pyramidal MECIII dendrites.<br><b>d,</b> Sagittal section showing MECIII fiber projection (YFP, green) into the SLM region of the CA1 area.<br><b>e,</b> Same section showing MECIII and MECII synaptophysinï¿½labeled terminals (red).<br><b>f,</b> Overlay of (d) and (e). Note the yellow signal in CA1ï¿½SLM indicating coï¿½expression of MECIIIï¿½specific YFP and mCherry signals, as well as the lack of YFP in the Uï¿½turn indicating MECII exclusive projection. Bottom: enlarged confocal images from the dotted lineï¿½box showing RGS14 staining (purple) of the CA2 region. Note the overlap between RGS14ï¿½positive CA2 dendrites and putative MECII fibers, but not with MECIII fibers.","Fig. S13",NULL,NULL,NULL,NULL,24336151,0,"MECIII?CA1;MECII?DG/CA2/CA3",NULL,"3100413.png",NULL
3100413,6092,NULL,4054,NULL,"<b>Mutually exclusive corticoï¿½hippocampal circuits: ECIII?CA1 and ECII?DG/CA2/CA3.</b><br><b>a,</b> Diagram depicting pOxr1ï¿½Cre mouse injected with two viruses: Creï¿½dependent AAV9ï¿½EF1?ï¿½DIOï¿½ChR2ï¿½YFP and nonï¿½Creï¿½dependent AAV8ï¿½CMVï¿½Synaptophysinï¿½mCherry.<br><b>b,</b> Schematic of double virus injection from (a) and expression patterns in the entorhinal cortex (EC) as well as the projection patterns into the hippocampus.<br><b>c,</b> Sagittal EC section of injection area showing mCherry and YFP expression. Insets from the dottedï¿½line box: mCherry labeling in MECII and in MECIII (II, III) and YFP only labeling MECIII and not MECII or any other cell type (I, III). Fibers in MECI are pyramidal MECIII dendrites.<br><b>d,</b> Sagittal section showing MECIII fiber projection (YFP, green) into the SLM region of the CA1 area.<br><b>e,</b> Same section showing MECIII and MECII synaptophysinï¿½labeled terminals (red).<br><b>f,</b> Overlay of (d) and (e). Note the yellow signal in CA1ï¿½SLM indicating coï¿½expression of MECIIIï¿½specific YFP and mCherry signals, as well as the lack of YFP in the Uï¿½turn indicating MECII exclusive projection. Bottom: enlarged confocal images from the dotted lineï¿½box showing RGS14 staining (purple) of the CA2 region. Note the overlap between RGS14ï¿½positive CA2 dendrites and putative MECII fibers, but not with MECIII fibers.","Fig. S13",NULL,NULL,NULL,NULL,24336151,0,"MECIII?CA1;MECII?DG/CA2/CA3",NULL,"3100413.png",NULL
3100413,6092,NULL,4036,NULL,"<b>Mutually exclusive corticoï¿½hippocampal circuits: ECIII?CA1 and ECII?DG/CA2/CA3.</b><br><b>a,</b> Diagram depicting pOxr1ï¿½Cre mouse injected with two viruses: Creï¿½dependent AAV9ï¿½EF1?ï¿½DIOï¿½ChR2ï¿½YFP and nonï¿½Creï¿½dependent AAV8ï¿½CMVï¿½Synaptophysinï¿½mCherry.<br><b>b,</b> Schematic of double virus injection from (a) and expression patterns in the entorhinal cortex (EC) as well as the projection patterns into the hippocampus.<br><b>c,</b> Sagittal EC section of injection area showing mCherry and YFP expression. Insets from the dottedï¿½line box: mCherry labeling in MECII and in MECIII (II, III) and YFP only labeling MECIII and not MECII or any other cell type (I, III). Fibers in MECI are pyramidal MECIII dendrites.<br><b>d,</b> Sagittal section showing MECIII fiber projection (YFP, green) into the SLM region of the CA1 area.<br><b>e,</b> Same section showing MECIII and MECII synaptophysinï¿½labeled terminals (red).<br><b>f,</b> Overlay of (d) and (e). Note the yellow signal in CA1ï¿½SLM indicating coï¿½expression of MECIIIï¿½specific YFP and mCherry signals, as well as the lack of YFP in the Uï¿½turn indicating MECII exclusive projection. Bottom: enlarged confocal images from the dotted lineï¿½box showing RGS14 staining (purple) of the CA2 region. Note the overlap between RGS14ï¿½positive CA2 dendrites and putative MECII fibers, but not with MECIII fibers.","Fig. S13",NULL,NULL,NULL,NULL,24336151,0,"MECIII?CA1;MECII?DG/CA2/CA3",NULL,"3100413.png",NULL
3100413,6092,NULL,4078,NULL,"<b>Mutually exclusive corticoï¿½hippocampal circuits: ECIII?CA1 and ECII?DG/CA2/CA3.</b><br><b>a,</b> Diagram depicting pOxr1ï¿½Cre mouse injected with two viruses: Creï¿½dependent AAV9ï¿½EF1?ï¿½DIOï¿½ChR2ï¿½YFP and nonï¿½Creï¿½dependent AAV8ï¿½CMVï¿½Synaptophysinï¿½mCherry.<br><b>b,</b> Schematic of double virus injection from (a) and expression patterns in the entorhinal cortex (EC) as well as the projection patterns into the hippocampus.<br><b>c,</b> Sagittal EC section of injection area showing mCherry and YFP expression. Insets from the dottedï¿½line box: mCherry labeling in MECII and in MECIII (II, III) and YFP only labeling MECIII and not MECII or any other cell type (I, III). Fibers in MECI are pyramidal MECIII dendrites.<br><b>d,</b> Sagittal section showing MECIII fiber projection (YFP, green) into the SLM region of the CA1 area.<br><b>e,</b> Same section showing MECIII and MECII synaptophysinï¿½labeled terminals (red).<br><b>f,</b> Overlay of (d) and (e). Note the yellow signal in CA1ï¿½SLM indicating coï¿½expression of MECIIIï¿½specific YFP and mCherry signals, as well as the lack of YFP in the Uï¿½turn indicating MECII exclusive projection. Bottom: enlarged confocal images from the dotted lineï¿½box showing RGS14 staining (purple) of the CA2 region. Note the overlap between RGS14ï¿½positive CA2 dendrites and putative MECII fibers, but not with MECIII fibers.","Fig. S13",NULL,NULL,NULL,NULL,24336151,0,"MECIII?CA1;MECII?DG/CA2/CA3",NULL,"3100413.png",NULL
3100413,6092,NULL,4079,NULL,"<b>Mutually exclusive corticoï¿½hippocampal circuits: ECIII?CA1 and ECII?DG/CA2/CA3.</b><br><b>a,</b> Diagram depicting pOxr1ï¿½Cre mouse injected with two viruses: Creï¿½dependent AAV9ï¿½EF1?ï¿½DIOï¿½ChR2ï¿½YFP and nonï¿½Creï¿½dependent AAV8ï¿½CMVï¿½Synaptophysinï¿½mCherry.<br><b>b,</b> Schematic of double virus injection from (a) and expression patterns in the entorhinal cortex (EC) as well as the projection patterns into the hippocampus.<br><b>c,</b> Sagittal EC section of injection area showing mCherry and YFP expression. Insets from the dottedï¿½line box: mCherry labeling in MECII and in MECIII (II, III) and YFP only labeling MECIII and not MECII or any other cell type (I, III). Fibers in MECI are pyramidal MECIII dendrites.<br><b>d,</b> Sagittal section showing MECIII fiber projection (YFP, green) into the SLM region of the CA1 area.<br><b>e,</b> Same section showing MECIII and MECII synaptophysinï¿½labeled terminals (red).<br><b>f,</b> Overlay of (d) and (e). Note the yellow signal in CA1ï¿½SLM indicating coï¿½expression of MECIIIï¿½specific YFP and mCherry signals, as well as the lack of YFP in the Uï¿½turn indicating MECII exclusive projection. Bottom: enlarged confocal images from the dotted lineï¿½box showing RGS14 staining (purple) of the CA2 region. Note the overlap between RGS14ï¿½positive CA2 dendrites and putative MECII fibers, but not with MECIII fibers.","Fig. S13",NULL,NULL,NULL,NULL,24336151,0,"MECIII?CA1;MECII?DG/CA2/CA3",NULL,"3100413.png",NULL
3100413,6092,NULL,4022,NULL,"<b>Mutually exclusive corticoï¿½hippocampal circuits: ECIII?CA1 and ECII?DG/CA2/CA3.</b><br><b>a,</b> Diagram depicting pOxr1ï¿½Cre mouse injected with two viruses: Creï¿½dependent AAV9ï¿½EF1?ï¿½DIOï¿½ChR2ï¿½YFP and nonï¿½Creï¿½dependent AAV8ï¿½CMVï¿½Synaptophysinï¿½mCherry.<br><b>b,</b> Schematic of double virus injection from (a) and expression patterns in the entorhinal cortex (EC) as well as the projection patterns into the hippocampus.<br><b>c,</b> Sagittal EC section of injection area showing mCherry and YFP expression. Insets from the dottedï¿½line box: mCherry labeling in MECII and in MECIII (II, III) and YFP only labeling MECIII and not MECII or any other cell type (I, III). Fibers in MECI are pyramidal MECIII dendrites.<br><b>d,</b> Sagittal section showing MECIII fiber projection (YFP, green) into the SLM region of the CA1 area.<br><b>e,</b> Same section showing MECIII and MECII synaptophysinï¿½labeled terminals (red).<br><b>f,</b> Overlay of (d) and (e). Note the yellow signal in CA1ï¿½SLM indicating coï¿½expression of MECIIIï¿½specific YFP and mCherry signals, as well as the lack of YFP in the Uï¿½turn indicating MECII exclusive projection. Bottom: enlarged confocal images from the dotted lineï¿½box showing RGS14 staining (purple) of the CA2 region. Note the overlap between RGS14ï¿½positive CA2 dendrites and putative MECII fibers, but not with MECIII fibers.","Fig. S13",NULL,NULL,NULL,NULL,24336151,0,"MECIII?CA1;MECII?DG/CA2/CA3",NULL,"3100413.png",NULL
3100413,6092,NULL,4021,NULL,"<b>Mutually exclusive corticoï¿½hippocampal circuits: ECIII?CA1 and ECII?DG/CA2/CA3.</b><br><b>a,</b> Diagram depicting pOxr1ï¿½Cre mouse injected with two viruses: Creï¿½dependent AAV9ï¿½EF1?ï¿½DIOï¿½ChR2ï¿½YFP and nonï¿½Creï¿½dependent AAV8ï¿½CMVï¿½Synaptophysinï¿½mCherry.<br><b>b,</b> Schematic of double virus injection from (a) and expression patterns in the entorhinal cortex (EC) as well as the projection patterns into the hippocampus.<br><b>c,</b> Sagittal EC section of injection area showing mCherry and YFP expression. Insets from the dottedï¿½line box: mCherry labeling in MECII and in MECIII (II, III) and YFP only labeling MECIII and not MECII or any other cell type (I, III). Fibers in MECI are pyramidal MECIII dendrites.<br><b>d,</b> Sagittal section showing MECIII fiber projection (YFP, green) into the SLM region of the CA1 area.<br><b>e,</b> Same section showing MECIII and MECII synaptophysinï¿½labeled terminals (red).<br><b>f,</b> Overlay of (d) and (e). Note the yellow signal in CA1ï¿½SLM indicating coï¿½expression of MECIIIï¿½specific YFP and mCherry signals, as well as the lack of YFP in the Uï¿½turn indicating MECII exclusive projection. Bottom: enlarged confocal images from the dotted lineï¿½box showing RGS14 staining (purple) of the CA2 region. Note the overlap between RGS14ï¿½positive CA2 dendrites and putative MECII fibers, but not with MECIII fibers.","Fig. S13",NULL,NULL,NULL,NULL,24336151,0,"MECIII?CA1;MECII?DG/CA2/CA3",NULL,"3100413.png",NULL
3100413,6092,NULL,4056,NULL,"<b>Mutually exclusive corticoï¿½hippocampal circuits: ECIII?CA1 and ECII?DG/CA2/CA3.</b><br><b>a,</b> Diagram depicting pOxr1ï¿½Cre mouse injected with two viruses: Creï¿½dependent AAV9ï¿½EF1?ï¿½DIOï¿½ChR2ï¿½YFP and nonï¿½Creï¿½dependent AAV8ï¿½CMVï¿½Synaptophysinï¿½mCherry.<br><b>b,</b> Schematic of double virus injection from (a) and expression patterns in the entorhinal cortex (EC) as well as the projection patterns into the hippocampus.<br><b>c,</b> Sagittal EC section of injection area showing mCherry and YFP expression. Insets from the dottedï¿½line box: mCherry labeling in MECII and in MECIII (II, III) and YFP only labeling MECIII and not MECII or any other cell type (I, III). Fibers in MECI are pyramidal MECIII dendrites.<br><b>d,</b> Sagittal section showing MECIII fiber projection (YFP, green) into the SLM region of the CA1 area.<br><b>e,</b> Same section showing MECIII and MECII synaptophysinï¿½labeled terminals (red).<br><b>f,</b> Overlay of (d) and (e). Note the yellow signal in CA1ï¿½SLM indicating coï¿½expression of MECIIIï¿½specific YFP and mCherry signals, as well as the lack of YFP in the Uï¿½turn indicating MECII exclusive projection. Bottom: enlarged confocal images from the dotted lineï¿½box showing RGS14 staining (purple) of the CA2 region. Note the overlap between RGS14ï¿½positive CA2 dendrites and putative MECII fibers, but not with MECIII fibers.","Fig. S13",NULL,NULL,NULL,NULL,24336151,0,"MECIII?CA1;MECII?DG/CA2/CA3",NULL,"3100413.png",NULL
3100413,6092,NULL,4020,NULL,"<b>Mutually exclusive corticoï¿½hippocampal circuits: ECIII?CA1 and ECII?DG/CA2/CA3.</b><br><b>a,</b> Diagram depicting pOxr1ï¿½Cre mouse injected with two viruses: Creï¿½dependent AAV9ï¿½EF1?ï¿½DIOï¿½ChR2ï¿½YFP and nonï¿½Creï¿½dependent AAV8ï¿½CMVï¿½Synaptophysinï¿½mCherry.<br><b>b,</b> Schematic of double virus injection from (a) and expression patterns in the entorhinal cortex (EC) as well as the projection patterns into the hippocampus.<br><b>c,</b> Sagittal EC section of injection area showing mCherry and YFP expression. Insets from the dottedï¿½line box: mCherry labeling in MECII and in MECIII (II, III) and YFP only labeling MECIII and not MECII or any other cell type (I, III). Fibers in MECI are pyramidal MECIII dendrites.<br><b>d,</b> Sagittal section showing MECIII fiber projection (YFP, green) into the SLM region of the CA1 area.<br><b>e,</b> Same section showing MECIII and MECII synaptophysinï¿½labeled terminals (red).<br><b>f,</b> Overlay of (d) and (e). Note the yellow signal in CA1ï¿½SLM indicating coï¿½expression of MECIIIï¿½specific YFP and mCherry signals, as well as the lack of YFP in the Uï¿½turn indicating MECII exclusive projection. Bottom: enlarged confocal images from the dotted lineï¿½box showing RGS14 staining (purple) of the CA2 region. Note the overlap between RGS14ï¿½positive CA2 dendrites and putative MECII fibers, but not with MECIII fibers.","Fig. S13",NULL,NULL,NULL,NULL,24336151,0,"MECIII?CA1;MECII?DG/CA2/CA3",NULL,"3100413.png",NULL
3100413,6092,NULL,4005,NULL,"<b>Mutually exclusive corticoï¿½hippocampal circuits: ECIII?CA1 and ECII?DG/CA2/CA3.</b><br><b>a,</b> Diagram depicting pOxr1ï¿½Cre mouse injected with two viruses: Creï¿½dependent AAV9ï¿½EF1?ï¿½DIOï¿½ChR2ï¿½YFP and nonï¿½Creï¿½dependent AAV8ï¿½CMVï¿½Synaptophysinï¿½mCherry.<br><b>b,</b> Schematic of double virus injection from (a) and expression patterns in the entorhinal cortex (EC) as well as the projection patterns into the hippocampus.<br><b>c,</b> Sagittal EC section of injection area showing mCherry and YFP expression. Insets from the dottedï¿½line box: mCherry labeling in MECII and in MECIII (II, III) and YFP only labeling MECIII and not MECII or any other cell type (I, III). Fibers in MECI are pyramidal MECIII dendrites.<br><b>d,</b> Sagittal section showing MECIII fiber projection (YFP, green) into the SLM region of the CA1 area.<br><b>e,</b> Same section showing MECIII and MECII synaptophysinï¿½labeled terminals (red).<br><b>f,</b> Overlay of (d) and (e). Note the yellow signal in CA1ï¿½SLM indicating coï¿½expression of MECIIIï¿½specific YFP and mCherry signals, as well as the lack of YFP in the Uï¿½turn indicating MECII exclusive projection. Bottom: enlarged confocal images from the dotted lineï¿½box showing RGS14 staining (purple) of the CA2 region. Note the overlap between RGS14ï¿½positive CA2 dendrites and putative MECII fibers, but not with MECIII fibers.","Fig. S13",NULL,NULL,NULL,NULL,24336151,0,"MECIII?CA1;MECII?DG/CA2/CA3",NULL,"3100413.png",NULL
3100413,6092,NULL,4004,NULL,"<b>Mutually exclusive corticoï¿½hippocampal circuits: ECIII?CA1 and ECII?DG/CA2/CA3.</b><br><b>a,</b> Diagram depicting pOxr1ï¿½Cre mouse injected with two viruses: Creï¿½dependent AAV9ï¿½EF1?ï¿½DIOï¿½ChR2ï¿½YFP and nonï¿½Creï¿½dependent AAV8ï¿½CMVï¿½Synaptophysinï¿½mCherry.<br><b>b,</b> Schematic of double virus injection from (a) and expression patterns in the entorhinal cortex (EC) as well as the projection patterns into the hippocampus.<br><b>c,</b> Sagittal EC section of injection area showing mCherry and YFP expression. Insets from the dottedï¿½line box: mCherry labeling in MECII and in MECIII (II, III) and YFP only labeling MECIII and not MECII or any other cell type (I, III). Fibers in MECI are pyramidal MECIII dendrites.<br><b>d,</b> Sagittal section showing MECIII fiber projection (YFP, green) into the SLM region of the CA1 area.<br><b>e,</b> Same section showing MECIII and MECII synaptophysinï¿½labeled terminals (red).<br><b>f,</b> Overlay of (d) and (e). Note the yellow signal in CA1ï¿½SLM indicating coï¿½expression of MECIIIï¿½specific YFP and mCherry signals, as well as the lack of YFP in the Uï¿½turn indicating MECII exclusive projection. Bottom: enlarged confocal images from the dotted lineï¿½box showing RGS14 staining (purple) of the CA2 region. Note the overlap between RGS14ï¿½positive CA2 dendrites and putative MECII fibers, but not with MECIII fibers.","Fig. S13",NULL,NULL,NULL,NULL,24336151,0,"MECIII?CA1;MECII?DG/CA2/CA3",NULL,"3100413.png",NULL
3100413,6092,NULL,4012,NULL,"<b>Mutually exclusive corticoï¿½hippocampal circuits: ECIII?CA1 and ECII?DG/CA2/CA3.</b><br><b>a,</b> Diagram depicting pOxr1ï¿½Cre mouse injected with two viruses: Creï¿½dependent AAV9ï¿½EF1?ï¿½DIOï¿½ChR2ï¿½YFP and nonï¿½Creï¿½dependent AAV8ï¿½CMVï¿½Synaptophysinï¿½mCherry.<br><b>b,</b> Schematic of double virus injection from (a) and expression patterns in the entorhinal cortex (EC) as well as the projection patterns into the hippocampus.<br><b>c,</b> Sagittal EC section of injection area showing mCherry and YFP expression. Insets from the dottedï¿½line box: mCherry labeling in MECII and in MECIII (II, III) and YFP only labeling MECIII and not MECII or any other cell type (I, III). Fibers in MECI are pyramidal MECIII dendrites.<br><b>d,</b> Sagittal section showing MECIII fiber projection (YFP, green) into the SLM region of the CA1 area.<br><b>e,</b> Same section showing MECIII and MECII synaptophysinï¿½labeled terminals (red).<br><b>f,</b> Overlay of (d) and (e). Note the yellow signal in CA1ï¿½SLM indicating coï¿½expression of MECIIIï¿½specific YFP and mCherry signals, as well as the lack of YFP in the Uï¿½turn indicating MECII exclusive projection. Bottom: enlarged confocal images from the dotted lineï¿½box showing RGS14 staining (purple) of the CA2 region. Note the overlap between RGS14ï¿½positive CA2 dendrites and putative MECII fibers, but not with MECIII fibers.","Fig. S13",NULL,NULL,NULL,NULL,24336151,0,"MECIII?CA1;MECII?DG/CA2/CA3",NULL,"3100413.png",NULL
3100413,6092,NULL,4011,NULL,"<b>Mutually exclusive corticoï¿½hippocampal circuits: ECIII?CA1 and ECII?DG/CA2/CA3.</b><br><b>a,</b> Diagram depicting pOxr1ï¿½Cre mouse injected with two viruses: Creï¿½dependent AAV9ï¿½EF1?ï¿½DIOï¿½ChR2ï¿½YFP and nonï¿½Creï¿½dependent AAV8ï¿½CMVï¿½Synaptophysinï¿½mCherry.<br><b>b,</b> Schematic of double virus injection from (a) and expression patterns in the entorhinal cortex (EC) as well as the projection patterns into the hippocampus.<br><b>c,</b> Sagittal EC section of injection area showing mCherry and YFP expression. Insets from the dottedï¿½line box: mCherry labeling in MECII and in MECIII (II, III) and YFP only labeling MECIII and not MECII or any other cell type (I, III). Fibers in MECI are pyramidal MECIII dendrites.<br><b>d,</b> Sagittal section showing MECIII fiber projection (YFP, green) into the SLM region of the CA1 area.<br><b>e,</b> Same section showing MECIII and MECII synaptophysinï¿½labeled terminals (red).<br><b>f,</b> Overlay of (d) and (e). Note the yellow signal in CA1ï¿½SLM indicating coï¿½expression of MECIIIï¿½specific YFP and mCherry signals, as well as the lack of YFP in the Uï¿½turn indicating MECII exclusive projection. Bottom: enlarged confocal images from the dotted lineï¿½box showing RGS14 staining (purple) of the CA2 region. Note the overlap between RGS14ï¿½positive CA2 dendrites and putative MECII fibers, but not with MECIII fibers.","Fig. S13",NULL,NULL,NULL,NULL,24336151,0,"MECIII?CA1;MECII?DG/CA2/CA3",NULL,"3100413.png",NULL
3100413,6092,NULL,4055,NULL,"<b>Mutually exclusive corticoï¿½hippocampal circuits: ECIII?CA1 and ECII?DG/CA2/CA3.</b><br><b>a,</b> Diagram depicting pOxr1ï¿½Cre mouse injected with two viruses: Creï¿½dependent AAV9ï¿½EF1?ï¿½DIOï¿½ChR2ï¿½YFP and nonï¿½Creï¿½dependent AAV8ï¿½CMVï¿½Synaptophysinï¿½mCherry.<br><b>b,</b> Schematic of double virus injection from (a) and expression patterns in the entorhinal cortex (EC) as well as the projection patterns into the hippocampus.<br><b>c,</b> Sagittal EC section of injection area showing mCherry and YFP expression. Insets from the dottedï¿½line box: mCherry labeling in MECII and in MECIII (II, III) and YFP only labeling MECIII and not MECII or any other cell type (I, III). Fibers in MECI are pyramidal MECIII dendrites.<br><b>d,</b> Sagittal section showing MECIII fiber projection (YFP, green) into the SLM region of the CA1 area.<br><b>e,</b> Same section showing MECIII and MECII synaptophysinï¿½labeled terminals (red).<br><b>f,</b> Overlay of (d) and (e). Note the yellow signal in CA1ï¿½SLM indicating coï¿½expression of MECIIIï¿½specific YFP and mCherry signals, as well as the lack of YFP in the Uï¿½turn indicating MECII exclusive projection. Bottom: enlarged confocal images from the dotted lineï¿½box showing RGS14 staining (purple) of the CA2 region. Note the overlap between RGS14ï¿½positive CA2 dendrites and putative MECII fibers, but not with MECIII fibers.","Fig. S13",NULL,NULL,NULL,NULL,24336151,0,"MECIII?CA1;MECII?DG/CA2/CA3",NULL,"3100413.png",NULL
3100413,6092,NULL,4006,NULL,"<b>Mutually exclusive corticoï¿½hippocampal circuits: ECIII?CA1 and ECII?DG/CA2/CA3.</b><br><b>a,</b> Diagram depicting pOxr1ï¿½Cre mouse injected with two viruses: Creï¿½dependent AAV9ï¿½EF1?ï¿½DIOï¿½ChR2ï¿½YFP and nonï¿½Creï¿½dependent AAV8ï¿½CMVï¿½Synaptophysinï¿½mCherry.<br><b>b,</b> Schematic of double virus injection from (a) and expression patterns in the entorhinal cortex (EC) as well as the projection patterns into the hippocampus.<br><b>c,</b> Sagittal EC section of injection area showing mCherry and YFP expression. Insets from the dottedï¿½line box: mCherry labeling in MECII and in MECIII (II, III) and YFP only labeling MECIII and not MECII or any other cell type (I, III). Fibers in MECI are pyramidal MECIII dendrites.<br><b>d,</b> Sagittal section showing MECIII fiber projection (YFP, green) into the SLM region of the CA1 area.<br><b>e,</b> Same section showing MECIII and MECII synaptophysinï¿½labeled terminals (red).<br><b>f,</b> Overlay of (d) and (e). Note the yellow signal in CA1ï¿½SLM indicating coï¿½expression of MECIIIï¿½specific YFP and mCherry signals, as well as the lack of YFP in the Uï¿½turn indicating MECII exclusive projection. Bottom: enlarged confocal images from the dotted lineï¿½box showing RGS14 staining (purple) of the CA2 region. Note the overlap between RGS14ï¿½positive CA2 dendrites and putative MECII fibers, but not with MECIII fibers.","Fig. S13",NULL,NULL,NULL,NULL,24336151,0,"MECIII?CA1;MECII?DG/CA2/CA3",NULL,"3100413.png",NULL
3100413,6092,NULL,4076,NULL,"<b>Mutually exclusive corticoï¿½hippocampal circuits: ECIII?CA1 and ECII?DG/CA2/CA3.</b><br><b>a,</b> Diagram depicting pOxr1ï¿½Cre mouse injected with two viruses: Creï¿½dependent AAV9ï¿½EF1?ï¿½DIOï¿½ChR2ï¿½YFP and nonï¿½Creï¿½dependent AAV8ï¿½CMVï¿½Synaptophysinï¿½mCherry.<br><b>b,</b> Schematic of double virus injection from (a) and expression patterns in the entorhinal cortex (EC) as well as the projection patterns into the hippocampus.<br><b>c,</b> Sagittal EC section of injection area showing mCherry and YFP expression. Insets from the dottedï¿½line box: mCherry labeling in MECII and in MECIII (II, III) and YFP only labeling MECIII and not MECII or any other cell type (I, III). Fibers in MECI are pyramidal MECIII dendrites.<br><b>d,</b> Sagittal section showing MECIII fiber projection (YFP, green) into the SLM region of the CA1 area.<br><b>e,</b> Same section showing MECIII and MECII synaptophysinï¿½labeled terminals (red).<br><b>f,</b> Overlay of (d) and (e). Note the yellow signal in CA1ï¿½SLM indicating coï¿½expression of MECIIIï¿½specific YFP and mCherry signals, as well as the lack of YFP in the Uï¿½turn indicating MECII exclusive projection. Bottom: enlarged confocal images from the dotted lineï¿½box showing RGS14 staining (purple) of the CA2 region. Note the overlap between RGS14ï¿½positive CA2 dendrites and putative MECII fibers, but not with MECIII fibers.","Fig. S13",NULL,NULL,NULL,NULL,24336151,0,"MECIII?CA1;MECII?DG/CA2/CA3",NULL,"3100413.png",NULL
3100413,6092,NULL,4003,NULL,"<b>Mutually exclusive corticoï¿½hippocampal circuits: ECIII?CA1 and ECII?DG/CA2/CA3.</b><br><b>a,</b> Diagram depicting pOxr1ï¿½Cre mouse injected with two viruses: Creï¿½dependent AAV9ï¿½EF1?ï¿½DIOï¿½ChR2ï¿½YFP and nonï¿½Creï¿½dependent AAV8ï¿½CMVï¿½Synaptophysinï¿½mCherry.<br><b>b,</b> Schematic of double virus injection from (a) and expression patterns in the entorhinal cortex (EC) as well as the projection patterns into the hippocampus.<br><b>c,</b> Sagittal EC section of injection area showing mCherry and YFP expression. Insets from the dottedï¿½line box: mCherry labeling in MECII and in MECIII (II, III) and YFP only labeling MECIII and not MECII or any other cell type (I, III). Fibers in MECI are pyramidal MECIII dendrites.<br><b>d,</b> Sagittal section showing MECIII fiber projection (YFP, green) into the SLM region of the CA1 area.<br><b>e,</b> Same section showing MECIII and MECII synaptophysinï¿½labeled terminals (red).<br><b>f,</b> Overlay of (d) and (e). Note the yellow signal in CA1ï¿½SLM indicating coï¿½expression of MECIIIï¿½specific YFP and mCherry signals, as well as the lack of YFP in the Uï¿½turn indicating MECII exclusive projection. Bottom: enlarged confocal images from the dotted lineï¿½box showing RGS14 staining (purple) of the CA2 region. Note the overlap between RGS14ï¿½positive CA2 dendrites and putative MECII fibers, but not with MECIII fibers.","Fig. S13",NULL,NULL,NULL,NULL,24336151,0,"MECIII?CA1;MECII?DG/CA2/CA3",NULL,"3100413.png",NULL
3100413,6092,NULL,4015,NULL,"<b>Mutually exclusive corticoï¿½hippocampal circuits: ECIII?CA1 and ECII?DG/CA2/CA3.</b><br><b>a,</b> Diagram depicting pOxr1ï¿½Cre mouse injected with two viruses: Creï¿½dependent AAV9ï¿½EF1?ï¿½DIOï¿½ChR2ï¿½YFP and nonï¿½Creï¿½dependent AAV8ï¿½CMVï¿½Synaptophysinï¿½mCherry.<br><b>b,</b> Schematic of double virus injection from (a) and expression patterns in the entorhinal cortex (EC) as well as the projection patterns into the hippocampus.<br><b>c,</b> Sagittal EC section of injection area showing mCherry and YFP expression. Insets from the dottedï¿½line box: mCherry labeling in MECII and in MECIII (II, III) and YFP only labeling MECIII and not MECII or any other cell type (I, III). Fibers in MECI are pyramidal MECIII dendrites.<br><b>d,</b> Sagittal section showing MECIII fiber projection (YFP, green) into the SLM region of the CA1 area.<br><b>e,</b> Same section showing MECIII and MECII synaptophysinï¿½labeled terminals (red).<br><b>f,</b> Overlay of (d) and (e). Note the yellow signal in CA1ï¿½SLM indicating coï¿½expression of MECIIIï¿½specific YFP and mCherry signals, as well as the lack of YFP in the Uï¿½turn indicating MECII exclusive projection. Bottom: enlarged confocal images from the dotted lineï¿½box showing RGS14 staining (purple) of the CA2 region. Note the overlap between RGS14ï¿½positive CA2 dendrites and putative MECII fibers, but not with MECIII fibers.","Fig. S13",NULL,NULL,NULL,NULL,24336151,0,"MECIII?CA1;MECII?DG/CA2/CA3",NULL,"3100413.png",NULL
3100413,6092,NULL,4013,NULL,"<b>Mutually exclusive corticoï¿½hippocampal circuits: ECIII?CA1 and ECII?DG/CA2/CA3.</b><br><b>a,</b> Diagram depicting pOxr1ï¿½Cre mouse injected with two viruses: Creï¿½dependent AAV9ï¿½EF1?ï¿½DIOï¿½ChR2ï¿½YFP and nonï¿½Creï¿½dependent AAV8ï¿½CMVï¿½Synaptophysinï¿½mCherry.<br><b>b,</b> Schematic of double virus injection from (a) and expression patterns in the entorhinal cortex (EC) as well as the projection patterns into the hippocampus.<br><b>c,</b> Sagittal EC section of injection area showing mCherry and YFP expression. Insets from the dottedï¿½line box: mCherry labeling in MECII and in MECIII (II, III) and YFP only labeling MECIII and not MECII or any other cell type (I, III). Fibers in MECI are pyramidal MECIII dendrites.<br><b>d,</b> Sagittal section showing MECIII fiber projection (YFP, green) into the SLM region of the CA1 area.<br><b>e,</b> Same section showing MECIII and MECII synaptophysinï¿½labeled terminals (red).<br><b>f,</b> Overlay of (d) and (e). Note the yellow signal in CA1ï¿½SLM indicating coï¿½expression of MECIIIï¿½specific YFP and mCherry signals, as well as the lack of YFP in the Uï¿½turn indicating MECII exclusive projection. Bottom: enlarged confocal images from the dotted lineï¿½box showing RGS14 staining (purple) of the CA2 region. Note the overlap between RGS14ï¿½positive CA2 dendrites and putative MECII fibers, but not with MECIII fibers.","Fig. S13",NULL,NULL,NULL,NULL,24336151,0,"MECIII?CA1;MECII?DG/CA2/CA3",NULL,"3100413.png",NULL
3100413,6005,NULL,1000,NULL,"<b>Mutually exclusive corticoï¿½hippocampal circuits: ECIII?CA1 and ECII?DG/CA2/CA3.</b><br><b>a,</b> Diagram depicting pOxr1ï¿½Cre mouse injected with two viruses: Creï¿½dependent AAV9ï¿½EF1?ï¿½DIOï¿½ChR2ï¿½YFP and nonï¿½Creï¿½dependent AAV8ï¿½CMVï¿½Synaptophysinï¿½mCherry.<br><b>b,</b> Schematic of double virus injection from (a) and expression patterns in the entorhinal cortex (EC) as well as the projection patterns into the hippocampus.<br><b>c,</b> Sagittal EC section of injection area showing mCherry and YFP expression. Insets from the dottedï¿½line box: mCherry labeling in MECII and in MECIII (II, III) and YFP only labeling MECIII and not MECII or any other cell type (I, III). Fibers in MECI are pyramidal MECIII dendrites.<br><b>d,</b> Sagittal section showing MECIII fiber projection (YFP, green) into the SLM region of the CA1 area.<br><b>e,</b> Same section showing MECIII and MECII synaptophysinï¿½labeled terminals (red).<br><b>f,</b> Overlay of (d) and (e). Note the yellow signal in CA1ï¿½SLM indicating coï¿½expression of MECIIIï¿½specific YFP and mCherry signals, as well as the lack of YFP in the Uï¿½turn indicating MECII exclusive projection. Bottom: enlarged confocal images from the dotted lineï¿½box showing RGS14 staining (purple) of the CA2 region. Note the overlap between RGS14ï¿½positive CA2 dendrites and putative MECII fibers, but not with MECIII fibers.","Fig. S13",NULL,NULL,NULL,NULL,24336151,0,"MECIII?CA1;MECII?DG/CA2/CA3",NULL,"3100413.png",NULL
3100413,6005,NULL,1041,NULL,"<b>Mutually exclusive corticoï¿½hippocampal circuits: ECIII?CA1 and ECII?DG/CA2/CA3.</b><br><b>a,</b> Diagram depicting pOxr1ï¿½Cre mouse injected with two viruses: Creï¿½dependent AAV9ï¿½EF1?ï¿½DIOï¿½ChR2ï¿½YFP and nonï¿½Creï¿½dependent AAV8ï¿½CMVï¿½Synaptophysinï¿½mCherry.<br><b>b,</b> Schematic of double virus injection from (a) and expression patterns in the entorhinal cortex (EC) as well as the projection patterns into the hippocampus.<br><b>c,</b> Sagittal EC section of injection area showing mCherry and YFP expression. Insets from the dottedï¿½line box: mCherry labeling in MECII and in MECIII (II, III) and YFP only labeling MECIII and not MECII or any other cell type (I, III). Fibers in MECI are pyramidal MECIII dendrites.<br><b>d,</b> Sagittal section showing MECIII fiber projection (YFP, green) into the SLM region of the CA1 area.<br><b>e,</b> Same section showing MECIII and MECII synaptophysinï¿½labeled terminals (red).<br><b>f,</b> Overlay of (d) and (e). Note the yellow signal in CA1ï¿½SLM indicating coï¿½expression of MECIIIï¿½specific YFP and mCherry signals, as well as the lack of YFP in the Uï¿½turn indicating MECII exclusive projection. Bottom: enlarged confocal images from the dotted lineï¿½box showing RGS14 staining (purple) of the CA2 region. Note the overlap between RGS14ï¿½positive CA2 dendrites and putative MECII fibers, but not with MECIII fibers.","Fig. S13",NULL,NULL,NULL,NULL,24336151,0,"MECIII?CA1;MECII?DG/CA2/CA3",NULL,"3100413.png",NULL
3100413,6005,NULL,1001,NULL,"<b>Mutually exclusive corticoï¿½hippocampal circuits: ECIII?CA1 and ECII?DG/CA2/CA3.</b><br><b>a,</b> Diagram depicting pOxr1ï¿½Cre mouse injected with two viruses: Creï¿½dependent AAV9ï¿½EF1?ï¿½DIOï¿½ChR2ï¿½YFP and nonï¿½Creï¿½dependent AAV8ï¿½CMVï¿½Synaptophysinï¿½mCherry.<br><b>b,</b> Schematic of double virus injection from (a) and expression patterns in the entorhinal cortex (EC) as well as the projection patterns into the hippocampus.<br><b>c,</b> Sagittal EC section of injection area showing mCherry and YFP expression. Insets from the dottedï¿½line box: mCherry labeling in MECII and in MECIII (II, III) and YFP only labeling MECIII and not MECII or any other cell type (I, III). Fibers in MECI are pyramidal MECIII dendrites.<br><b>d,</b> Sagittal section showing MECIII fiber projection (YFP, green) into the SLM region of the CA1 area.<br><b>e,</b> Same section showing MECIII and MECII synaptophysinï¿½labeled terminals (red).<br><b>f,</b> Overlay of (d) and (e). Note the yellow signal in CA1ï¿½SLM indicating coï¿½expression of MECIIIï¿½specific YFP and mCherry signals, as well as the lack of YFP in the Uï¿½turn indicating MECII exclusive projection. Bottom: enlarged confocal images from the dotted lineï¿½box showing RGS14 staining (purple) of the CA2 region. Note the overlap between RGS14ï¿½positive CA2 dendrites and putative MECII fibers, but not with MECIII fibers.","Fig. S13",NULL,NULL,NULL,NULL,24336151,0,"MECIII?CA1;MECII?DG/CA2/CA3",NULL,"3100413.png",NULL
3100413,6005,NULL,1002,NULL,"<b>Mutually exclusive corticoï¿½hippocampal circuits: ECIII?CA1 and ECII?DG/CA2/CA3.</b><br><b>a,</b> Diagram depicting pOxr1ï¿½Cre mouse injected with two viruses: Creï¿½dependent AAV9ï¿½EF1?ï¿½DIOï¿½ChR2ï¿½YFP and nonï¿½Creï¿½dependent AAV8ï¿½CMVï¿½Synaptophysinï¿½mCherry.<br><b>b,</b> Schematic of double virus injection from (a) and expression patterns in the entorhinal cortex (EC) as well as the projection patterns into the hippocampus.<br><b>c,</b> Sagittal EC section of injection area showing mCherry and YFP expression. Insets from the dottedï¿½line box: mCherry labeling in MECII and in MECIII (II, III) and YFP only labeling MECIII and not MECII or any other cell type (I, III). Fibers in MECI are pyramidal MECIII dendrites.<br><b>d,</b> Sagittal section showing MECIII fiber projection (YFP, green) into the SLM region of the CA1 area.<br><b>e,</b> Same section showing MECIII and MECII synaptophysinï¿½labeled terminals (red).<br><b>f,</b> Overlay of (d) and (e). Note the yellow signal in CA1ï¿½SLM indicating coï¿½expression of MECIIIï¿½specific YFP and mCherry signals, as well as the lack of YFP in the Uï¿½turn indicating MECII exclusive projection. Bottom: enlarged confocal images from the dotted lineï¿½box showing RGS14 staining (purple) of the CA2 region. Note the overlap between RGS14ï¿½positive CA2 dendrites and putative MECII fibers, but not with MECIII fibers.","Fig. S13",NULL,NULL,NULL,NULL,24336151,0,"MECIII?CA1;MECII?DG/CA2/CA3",NULL,"3100413.png",NULL
3100413,6005,NULL,1043,NULL,"<b>Mutually exclusive corticoï¿½hippocampal circuits: ECIII?CA1 and ECII?DG/CA2/CA3.</b><br><b>a,</b> Diagram depicting pOxr1ï¿½Cre mouse injected with two viruses: Creï¿½dependent AAV9ï¿½EF1?ï¿½DIOï¿½ChR2ï¿½YFP and nonï¿½Creï¿½dependent AAV8ï¿½CMVï¿½Synaptophysinï¿½mCherry.<br><b>b,</b> Schematic of double virus injection from (a) and expression patterns in the entorhinal cortex (EC) as well as the projection patterns into the hippocampus.<br><b>c,</b> Sagittal EC section of injection area showing mCherry and YFP expression. Insets from the dottedï¿½line box: mCherry labeling in MECII and in MECIII (II, III) and YFP only labeling MECIII and not MECII or any other cell type (I, III). Fibers in MECI are pyramidal MECIII dendrites.<br><b>d,</b> Sagittal section showing MECIII fiber projection (YFP, green) into the SLM region of the CA1 area.<br><b>e,</b> Same section showing MECIII and MECII synaptophysinï¿½labeled terminals (red).<br><b>f,</b> Overlay of (d) and (e). Note the yellow signal in CA1ï¿½SLM indicating coï¿½expression of MECIIIï¿½specific YFP and mCherry signals, as well as the lack of YFP in the Uï¿½turn indicating MECII exclusive projection. Bottom: enlarged confocal images from the dotted lineï¿½box showing RGS14 staining (purple) of the CA2 region. Note the overlap between RGS14ï¿½positive CA2 dendrites and putative MECII fibers, but not with MECIII fibers.","Fig. S13",NULL,NULL,NULL,NULL,24336151,0,"MECIII?CA1;MECII?DG/CA2/CA3",NULL,"3100413.png",NULL
3100413,6005,NULL,1027,NULL,"<b>Mutually exclusive corticoï¿½hippocampal circuits: ECIII?CA1 and ECII?DG/CA2/CA3.</b><br><b>a,</b> Diagram depicting pOxr1ï¿½Cre mouse injected with two viruses: Creï¿½dependent AAV9ï¿½EF1?ï¿½DIOï¿½ChR2ï¿½YFP and nonï¿½Creï¿½dependent AAV8ï¿½CMVï¿½Synaptophysinï¿½mCherry.<br><b>b,</b> Schematic of double virus injection from (a) and expression patterns in the entorhinal cortex (EC) as well as the projection patterns into the hippocampus.<br><b>c,</b> Sagittal EC section of injection area showing mCherry and YFP expression. Insets from the dottedï¿½line box: mCherry labeling in MECII and in MECIII (II, III) and YFP only labeling MECIII and not MECII or any other cell type (I, III). Fibers in MECI are pyramidal MECIII dendrites.<br><b>d,</b> Sagittal section showing MECIII fiber projection (YFP, green) into the SLM region of the CA1 area.<br><b>e,</b> Same section showing MECIII and MECII synaptophysinï¿½labeled terminals (red).<br><b>f,</b> Overlay of (d) and (e). Note the yellow signal in CA1ï¿½SLM indicating coï¿½expression of MECIIIï¿½specific YFP and mCherry signals, as well as the lack of YFP in the Uï¿½turn indicating MECII exclusive projection. Bottom: enlarged confocal images from the dotted lineï¿½box showing RGS14 staining (purple) of the CA2 region. Note the overlap between RGS14ï¿½positive CA2 dendrites and putative MECII fibers, but not with MECIII fibers.","Fig. S13",NULL,NULL,NULL,NULL,24336151,0,"MECIII?CA1;MECII?DG/CA2/CA3",NULL,"3100413.png",NULL
3100413,6005,NULL,1010,NULL,"<b>Mutually exclusive corticoï¿½hippocampal circuits: ECIII?CA1 and ECII?DG/CA2/CA3.</b><br><b>a,</b> Diagram depicting pOxr1ï¿½Cre mouse injected with two viruses: Creï¿½dependent AAV9ï¿½EF1?ï¿½DIOï¿½ChR2ï¿½YFP and nonï¿½Creï¿½dependent AAV8ï¿½CMVï¿½Synaptophysinï¿½mCherry.<br><b>b,</b> Schematic of double virus injection from (a) and expression patterns in the entorhinal cortex (EC) as well as the projection patterns into the hippocampus.<br><b>c,</b> Sagittal EC section of injection area showing mCherry and YFP expression. Insets from the dottedï¿½line box: mCherry labeling in MECII and in MECIII (II, III) and YFP only labeling MECIII and not MECII or any other cell type (I, III). Fibers in MECI are pyramidal MECIII dendrites.<br><b>d,</b> Sagittal section showing MECIII fiber projection (YFP, green) into the SLM region of the CA1 area.<br><b>e,</b> Same section showing MECIII and MECII synaptophysinï¿½labeled terminals (red).<br><b>f,</b> Overlay of (d) and (e). Note the yellow signal in CA1ï¿½SLM indicating coï¿½expression of MECIIIï¿½specific YFP and mCherry signals, as well as the lack of YFP in the Uï¿½turn indicating MECII exclusive projection. Bottom: enlarged confocal images from the dotted lineï¿½box showing RGS14 staining (purple) of the CA2 region. Note the overlap between RGS14ï¿½positive CA2 dendrites and putative MECII fibers, but not with MECIII fibers.","Fig. S13",NULL,NULL,NULL,NULL,24336151,0,"MECIII?CA1;MECII?DG/CA2/CA3",NULL,"3100413.png",NULL
3100413,6005,NULL,1035,NULL,"<b>Mutually exclusive corticoï¿½hippocampal circuits: ECIII?CA1 and ECII?DG/CA2/CA3.</b><br><b>a,</b> Diagram depicting pOxr1ï¿½Cre mouse injected with two viruses: Creï¿½dependent AAV9ï¿½EF1?ï¿½DIOï¿½ChR2ï¿½YFP and nonï¿½Creï¿½dependent AAV8ï¿½CMVï¿½Synaptophysinï¿½mCherry.<br><b>b,</b> Schematic of double virus injection from (a) and expression patterns in the entorhinal cortex (EC) as well as the projection patterns into the hippocampus.<br><b>c,</b> Sagittal EC section of injection area showing mCherry and YFP expression. Insets from the dottedï¿½line box: mCherry labeling in MECII and in MECIII (II, III) and YFP only labeling MECIII and not MECII or any other cell type (I, III). Fibers in MECI are pyramidal MECIII dendrites.<br><b>d,</b> Sagittal section showing MECIII fiber projection (YFP, green) into the SLM region of the CA1 area.<br><b>e,</b> Same section showing MECIII and MECII synaptophysinï¿½labeled terminals (red).<br><b>f,</b> Overlay of (d) and (e). Note the yellow signal in CA1ï¿½SLM indicating coï¿½expression of MECIIIï¿½specific YFP and mCherry signals, as well as the lack of YFP in the Uï¿½turn indicating MECII exclusive projection. Bottom: enlarged confocal images from the dotted lineï¿½box showing RGS14 staining (purple) of the CA2 region. Note the overlap between RGS14ï¿½positive CA2 dendrites and putative MECII fibers, but not with MECIII fibers.","Fig. S13",NULL,NULL,NULL,NULL,24336151,0,"MECIII?CA1;MECII?DG/CA2/CA3",NULL,"3100413.png",NULL
3100413,6005,NULL,1036,NULL,"<b>Mutually exclusive corticoï¿½hippocampal circuits: ECIII?CA1 and ECII?DG/CA2/CA3.</b><br><b>a,</b> Diagram depicting pOxr1ï¿½Cre mouse injected with two viruses: Creï¿½dependent AAV9ï¿½EF1?ï¿½DIOï¿½ChR2ï¿½YFP and nonï¿½Creï¿½dependent AAV8ï¿½CMVï¿½Synaptophysinï¿½mCherry.<br><b>b,</b> Schematic of double virus injection from (a) and expression patterns in the entorhinal cortex (EC) as well as the projection patterns into the hippocampus.<br><b>c,</b> Sagittal EC section of injection area showing mCherry and YFP expression. Insets from the dottedï¿½line box: mCherry labeling in MECII and in MECIII (II, III) and YFP only labeling MECIII and not MECII or any other cell type (I, III). Fibers in MECI are pyramidal MECIII dendrites.<br><b>d,</b> Sagittal section showing MECIII fiber projection (YFP, green) into the SLM region of the CA1 area.<br><b>e,</b> Same section showing MECIII and MECII synaptophysinï¿½labeled terminals (red).<br><b>f,</b> Overlay of (d) and (e). Note the yellow signal in CA1ï¿½SLM indicating coï¿½expression of MECIIIï¿½specific YFP and mCherry signals, as well as the lack of YFP in the Uï¿½turn indicating MECII exclusive projection. Bottom: enlarged confocal images from the dotted lineï¿½box showing RGS14 staining (purple) of the CA2 region. Note the overlap between RGS14ï¿½positive CA2 dendrites and putative MECII fibers, but not with MECIII fibers.","Fig. S13",NULL,NULL,NULL,NULL,24336151,0,"MECIII?CA1;MECII?DG/CA2/CA3",NULL,"3100413.png",NULL
3100413,6005,NULL,1009,NULL,"<b>Mutually exclusive corticoï¿½hippocampal circuits: ECIII?CA1 and ECII?DG/CA2/CA3.</b><br><b>a,</b> Diagram depicting pOxr1ï¿½Cre mouse injected with two viruses: Creï¿½dependent AAV9ï¿½EF1?ï¿½DIOï¿½ChR2ï¿½YFP and nonï¿½Creï¿½dependent AAV8ï¿½CMVï¿½Synaptophysinï¿½mCherry.<br><b>b,</b> Schematic of double virus injection from (a) and expression patterns in the entorhinal cortex (EC) as well as the projection patterns into the hippocampus.<br><b>c,</b> Sagittal EC section of injection area showing mCherry and YFP expression. Insets from the dottedï¿½line box: mCherry labeling in MECII and in MECIII (II, III) and YFP only labeling MECIII and not MECII or any other cell type (I, III). Fibers in MECI are pyramidal MECIII dendrites.<br><b>d,</b> Sagittal section showing MECIII fiber projection (YFP, green) into the SLM region of the CA1 area.<br><b>e,</b> Same section showing MECIII and MECII synaptophysinï¿½labeled terminals (red).<br><b>f,</b> Overlay of (d) and (e). Note the yellow signal in CA1ï¿½SLM indicating coï¿½expression of MECIIIï¿½specific YFP and mCherry signals, as well as the lack of YFP in the Uï¿½turn indicating MECII exclusive projection. Bottom: enlarged confocal images from the dotted lineï¿½box showing RGS14 staining (purple) of the CA2 region. Note the overlap between RGS14ï¿½positive CA2 dendrites and putative MECII fibers, but not with MECIII fibers.","Fig. S13",NULL,NULL,NULL,NULL,24336151,0,"MECIII?CA1;MECII?DG/CA2/CA3",NULL,"3100413.png",NULL
3100413,6005,NULL,1026,NULL,"<b>Mutually exclusive corticoï¿½hippocampal circuits: ECIII?CA1 and ECII?DG/CA2/CA3.</b><br><b>a,</b> Diagram depicting pOxr1ï¿½Cre mouse injected with two viruses: Creï¿½dependent AAV9ï¿½EF1?ï¿½DIOï¿½ChR2ï¿½YFP and nonï¿½Creï¿½dependent AAV8ï¿½CMVï¿½Synaptophysinï¿½mCherry.<br><b>b,</b> Schematic of double virus injection from (a) and expression patterns in the entorhinal cortex (EC) as well as the projection patterns into the hippocampus.<br><b>c,</b> Sagittal EC section of injection area showing mCherry and YFP expression. Insets from the dottedï¿½line box: mCherry labeling in MECII and in MECIII (II, III) and YFP only labeling MECIII and not MECII or any other cell type (I, III). Fibers in MECI are pyramidal MECIII dendrites.<br><b>d,</b> Sagittal section showing MECIII fiber projection (YFP, green) into the SLM region of the CA1 area.<br><b>e,</b> Same section showing MECIII and MECII synaptophysinï¿½labeled terminals (red).<br><b>f,</b> Overlay of (d) and (e). Note the yellow signal in CA1ï¿½SLM indicating coï¿½expression of MECIIIï¿½specific YFP and mCherry signals, as well as the lack of YFP in the Uï¿½turn indicating MECII exclusive projection. Bottom: enlarged confocal images from the dotted lineï¿½box showing RGS14 staining (purple) of the CA2 region. Note the overlap between RGS14ï¿½positive CA2 dendrites and putative MECII fibers, but not with MECIII fibers.","Fig. S13",NULL,NULL,NULL,NULL,24336151,0,"MECIII?CA1;MECII?DG/CA2/CA3",NULL,"3100413.png",NULL
3100413,6005,NULL,1040,NULL,"<b>Mutually exclusive corticoï¿½hippocampal circuits: ECIII?CA1 and ECII?DG/CA2/CA3.</b><br><b>a,</b> Diagram depicting pOxr1ï¿½Cre mouse injected with two viruses: Creï¿½dependent AAV9ï¿½EF1?ï¿½DIOï¿½ChR2ï¿½YFP and nonï¿½Creï¿½dependent AAV8ï¿½CMVï¿½Synaptophysinï¿½mCherry.<br><b>b,</b> Schematic of double virus injection from (a) and expression patterns in the entorhinal cortex (EC) as well as the projection patterns into the hippocampus.<br><b>c,</b> Sagittal EC section of injection area showing mCherry and YFP expression. Insets from the dottedï¿½line box: mCherry labeling in MECII and in MECIII (II, III) and YFP only labeling MECIII and not MECII or any other cell type (I, III). Fibers in MECI are pyramidal MECIII dendrites.<br><b>d,</b> Sagittal section showing MECIII fiber projection (YFP, green) into the SLM region of the CA1 area.<br><b>e,</b> Same section showing MECIII and MECII synaptophysinï¿½labeled terminals (red).<br><b>f,</b> Overlay of (d) and (e). Note the yellow signal in CA1ï¿½SLM indicating coï¿½expression of MECIIIï¿½specific YFP and mCherry signals, as well as the lack of YFP in the Uï¿½turn indicating MECII exclusive projection. Bottom: enlarged confocal images from the dotted lineï¿½box showing RGS14 staining (purple) of the CA2 region. Note the overlap between RGS14ï¿½positive CA2 dendrites and putative MECII fibers, but not with MECIII fibers.","Fig. S13",NULL,NULL,NULL,NULL,24336151,0,"MECIII?CA1;MECII?DG/CA2/CA3",NULL,"3100413.png",NULL
3100413,6005,NULL,1005,NULL,"<b>Mutually exclusive corticoï¿½hippocampal circuits: ECIII?CA1 and ECII?DG/CA2/CA3.</b><br><b>a,</b> Diagram depicting pOxr1ï¿½Cre mouse injected with two viruses: Creï¿½dependent AAV9ï¿½EF1?ï¿½DIOï¿½ChR2ï¿½YFP and nonï¿½Creï¿½dependent AAV8ï¿½CMVï¿½Synaptophysinï¿½mCherry.<br><b>b,</b> Schematic of double virus injection from (a) and expression patterns in the entorhinal cortex (EC) as well as the projection patterns into the hippocampus.<br><b>c,</b> Sagittal EC section of injection area showing mCherry and YFP expression. Insets from the dottedï¿½line box: mCherry labeling in MECII and in MECIII (II, III) and YFP only labeling MECIII and not MECII or any other cell type (I, III). Fibers in MECI are pyramidal MECIII dendrites.<br><b>d,</b> Sagittal section showing MECIII fiber projection (YFP, green) into the SLM region of the CA1 area.<br><b>e,</b> Same section showing MECIII and MECII synaptophysinï¿½labeled terminals (red).<br><b>f,</b> Overlay of (d) and (e). Note the yellow signal in CA1ï¿½SLM indicating coï¿½expression of MECIIIï¿½specific YFP and mCherry signals, as well as the lack of YFP in the Uï¿½turn indicating MECII exclusive projection. Bottom: enlarged confocal images from the dotted lineï¿½box showing RGS14 staining (purple) of the CA2 region. Note the overlap between RGS14ï¿½positive CA2 dendrites and putative MECII fibers, but not with MECIII fibers.","Fig. S13",NULL,NULL,NULL,NULL,24336151,0,"MECIII?CA1;MECII?DG/CA2/CA3",NULL,"3100413.png",NULL
3100413,6005,NULL,1008,NULL,"<b>Mutually exclusive corticoï¿½hippocampal circuits: ECIII?CA1 and ECII?DG/CA2/CA3.</b><br><b>a,</b> Diagram depicting pOxr1ï¿½Cre mouse injected with two viruses: Creï¿½dependent AAV9ï¿½EF1?ï¿½DIOï¿½ChR2ï¿½YFP and nonï¿½Creï¿½dependent AAV8ï¿½CMVï¿½Synaptophysinï¿½mCherry.<br><b>b,</b> Schematic of double virus injection from (a) and expression patterns in the entorhinal cortex (EC) as well as the projection patterns into the hippocampus.<br><b>c,</b> Sagittal EC section of injection area showing mCherry and YFP expression. Insets from the dottedï¿½line box: mCherry labeling in MECII and in MECIII (II, III) and YFP only labeling MECIII and not MECII or any other cell type (I, III). Fibers in MECI are pyramidal MECIII dendrites.<br><b>d,</b> Sagittal section showing MECIII fiber projection (YFP, green) into the SLM region of the CA1 area.<br><b>e,</b> Same section showing MECIII and MECII synaptophysinï¿½labeled terminals (red).<br><b>f,</b> Overlay of (d) and (e). Note the yellow signal in CA1ï¿½SLM indicating coï¿½expression of MECIIIï¿½specific YFP and mCherry signals, as well as the lack of YFP in the Uï¿½turn indicating MECII exclusive projection. Bottom: enlarged confocal images from the dotted lineï¿½box showing RGS14 staining (purple) of the CA2 region. Note the overlap between RGS14ï¿½positive CA2 dendrites and putative MECII fibers, but not with MECIII fibers.","Fig. S13",NULL,NULL,NULL,NULL,24336151,0,"MECIII?CA1;MECII?DG/CA2/CA3",NULL,"3100413.png",NULL
3100413,6005,NULL,1007,NULL,"<b>Mutually exclusive corticoï¿½hippocampal circuits: ECIII?CA1 and ECII?DG/CA2/CA3.</b><br><b>a,</b> Diagram depicting pOxr1ï¿½Cre mouse injected with two viruses: Creï¿½dependent AAV9ï¿½EF1?ï¿½DIOï¿½ChR2ï¿½YFP and nonï¿½Creï¿½dependent AAV8ï¿½CMVï¿½Synaptophysinï¿½mCherry.<br><b>b,</b> Schematic of double virus injection from (a) and expression patterns in the entorhinal cortex (EC) as well as the projection patterns into the hippocampus.<br><b>c,</b> Sagittal EC section of injection area showing mCherry and YFP expression. Insets from the dottedï¿½line box: mCherry labeling in MECII and in MECIII (II, III) and YFP only labeling MECIII and not MECII or any other cell type (I, III). Fibers in MECI are pyramidal MECIII dendrites.<br><b>d,</b> Sagittal section showing MECIII fiber projection (YFP, green) into the SLM region of the CA1 area.<br><b>e,</b> Same section showing MECIII and MECII synaptophysinï¿½labeled terminals (red).<br><b>f,</b> Overlay of (d) and (e). Note the yellow signal in CA1ï¿½SLM indicating coï¿½expression of MECIIIï¿½specific YFP and mCherry signals, as well as the lack of YFP in the Uï¿½turn indicating MECII exclusive projection. Bottom: enlarged confocal images from the dotted lineï¿½box showing RGS14 staining (purple) of the CA2 region. Note the overlap between RGS14ï¿½positive CA2 dendrites and putative MECII fibers, but not with MECIII fibers.","Fig. S13",NULL,NULL,NULL,NULL,24336151,0,"MECIII?CA1;MECII?DG/CA2/CA3",NULL,"3100413.png",NULL
3100413,6005,NULL,1006,NULL,"<b>Mutually exclusive corticoï¿½hippocampal circuits: ECIII?CA1 and ECII?DG/CA2/CA3.</b><br><b>a,</b> Diagram depicting pOxr1ï¿½Cre mouse injected with two viruses: Creï¿½dependent AAV9ï¿½EF1?ï¿½DIOï¿½ChR2ï¿½YFP and nonï¿½Creï¿½dependent AAV8ï¿½CMVï¿½Synaptophysinï¿½mCherry.<br><b>b,</b> Schematic of double virus injection from (a) and expression patterns in the entorhinal cortex (EC) as well as the projection patterns into the hippocampus.<br><b>c,</b> Sagittal EC section of injection area showing mCherry and YFP expression. Insets from the dottedï¿½line box: mCherry labeling in MECII and in MECIII (II, III) and YFP only labeling MECIII and not MECII or any other cell type (I, III). Fibers in MECI are pyramidal MECIII dendrites.<br><b>d,</b> Sagittal section showing MECIII fiber projection (YFP, green) into the SLM region of the CA1 area.<br><b>e,</b> Same section showing MECIII and MECII synaptophysinï¿½labeled terminals (red).<br><b>f,</b> Overlay of (d) and (e). Note the yellow signal in CA1ï¿½SLM indicating coï¿½expression of MECIIIï¿½specific YFP and mCherry signals, as well as the lack of YFP in the Uï¿½turn indicating MECII exclusive projection. Bottom: enlarged confocal images from the dotted lineï¿½box showing RGS14 staining (purple) of the CA2 region. Note the overlap between RGS14ï¿½positive CA2 dendrites and putative MECII fibers, but not with MECIII fibers.","Fig. S13",NULL,NULL,NULL,NULL,24336151,0,"MECIII?CA1;MECII?DG/CA2/CA3",NULL,"3100413.png",NULL
3100413,6005,NULL,1004,NULL,"<b>Mutually exclusive corticoï¿½hippocampal circuits: ECIII?CA1 and ECII?DG/CA2/CA3.</b><br><b>a,</b> Diagram depicting pOxr1ï¿½Cre mouse injected with two viruses: Creï¿½dependent AAV9ï¿½EF1?ï¿½DIOï¿½ChR2ï¿½YFP and nonï¿½Creï¿½dependent AAV8ï¿½CMVï¿½Synaptophysinï¿½mCherry.<br><b>b,</b> Schematic of double virus injection from (a) and expression patterns in the entorhinal cortex (EC) as well as the projection patterns into the hippocampus.<br><b>c,</b> Sagittal EC section of injection area showing mCherry and YFP expression. Insets from the dottedï¿½line box: mCherry labeling in MECII and in MECIII (II, III) and YFP only labeling MECIII and not MECII or any other cell type (I, III). Fibers in MECI are pyramidal MECIII dendrites.<br><b>d,</b> Sagittal section showing MECIII fiber projection (YFP, green) into the SLM region of the CA1 area.<br><b>e,</b> Same section showing MECIII and MECII synaptophysinï¿½labeled terminals (red).<br><b>f,</b> Overlay of (d) and (e). Note the yellow signal in CA1ï¿½SLM indicating coï¿½expression of MECIIIï¿½specific YFP and mCherry signals, as well as the lack of YFP in the Uï¿½turn indicating MECII exclusive projection. Bottom: enlarged confocal images from the dotted lineï¿½box showing RGS14 staining (purple) of the CA2 region. Note the overlap between RGS14ï¿½positive CA2 dendrites and putative MECII fibers, but not with MECIII fibers.","Fig. S13",NULL,NULL,NULL,NULL,24336151,0,"MECIII?CA1;MECII?DG/CA2/CA3",NULL,"3100413.png",NULL
3100413,6003,NULL,1000,NULL,"<b>Mutually exclusive corticoï¿½hippocampal circuits: ECIII?CA1 and ECII?DG/CA2/CA3.</b><br><b>a,</b> Diagram depicting pOxr1ï¿½Cre mouse injected with two viruses: Creï¿½dependent AAV9ï¿½EF1?ï¿½DIOï¿½ChR2ï¿½YFP and nonï¿½Creï¿½dependent AAV8ï¿½CMVï¿½Synaptophysinï¿½mCherry.<br><b>b,</b> Schematic of double virus injection from (a) and expression patterns in the entorhinal cortex (EC) as well as the projection patterns into the hippocampus.<br><b>c,</b> Sagittal EC section of injection area showing mCherry and YFP expression. Insets from the dottedï¿½line box: mCherry labeling in MECII and in MECIII (II, III) and YFP only labeling MECIII and not MECII or any other cell type (I, III). Fibers in MECI are pyramidal MECIII dendrites.<br><b>d,</b> Sagittal section showing MECIII fiber projection (YFP, green) into the SLM region of the CA1 area.<br><b>e,</b> Same section showing MECIII and MECII synaptophysinï¿½labeled terminals (red).<br><b>f,</b> Overlay of (d) and (e). Note the yellow signal in CA1ï¿½SLM indicating coï¿½expression of MECIIIï¿½specific YFP and mCherry signals, as well as the lack of YFP in the Uï¿½turn indicating MECII exclusive projection. Bottom: enlarged confocal images from the dotted lineï¿½box showing RGS14 staining (purple) of the CA2 region. Note the overlap between RGS14ï¿½positive CA2 dendrites and putative MECII fibers, but not with MECIII fibers.","Fig. S13",NULL,NULL,NULL,NULL,24336151,0,"MECIII?CA1;MECII?DG/CA2/CA3",NULL,"3100413.png",NULL
3100413,6003,NULL,1041,NULL,"<b>Mutually exclusive corticoï¿½hippocampal circuits: ECIII?CA1 and ECII?DG/CA2/CA3.</b><br><b>a,</b> Diagram depicting pOxr1ï¿½Cre mouse injected with two viruses: Creï¿½dependent AAV9ï¿½EF1?ï¿½DIOï¿½ChR2ï¿½YFP and nonï¿½Creï¿½dependent AAV8ï¿½CMVï¿½Synaptophysinï¿½mCherry.<br><b>b,</b> Schematic of double virus injection from (a) and expression patterns in the entorhinal cortex (EC) as well as the projection patterns into the hippocampus.<br><b>c,</b> Sagittal EC section of injection area showing mCherry and YFP expression. Insets from the dottedï¿½line box: mCherry labeling in MECII and in MECIII (II, III) and YFP only labeling MECIII and not MECII or any other cell type (I, III). Fibers in MECI are pyramidal MECIII dendrites.<br><b>d,</b> Sagittal section showing MECIII fiber projection (YFP, green) into the SLM region of the CA1 area.<br><b>e,</b> Same section showing MECIII and MECII synaptophysinï¿½labeled terminals (red).<br><b>f,</b> Overlay of (d) and (e). Note the yellow signal in CA1ï¿½SLM indicating coï¿½expression of MECIIIï¿½specific YFP and mCherry signals, as well as the lack of YFP in the Uï¿½turn indicating MECII exclusive projection. Bottom: enlarged confocal images from the dotted lineï¿½box showing RGS14 staining (purple) of the CA2 region. Note the overlap between RGS14ï¿½positive CA2 dendrites and putative MECII fibers, but not with MECIII fibers.","Fig. S13",NULL,NULL,NULL,NULL,24336151,0,"MECIII?CA1;MECII?DG/CA2/CA3",NULL,"3100413.png",NULL
3100413,6003,NULL,1001,NULL,"<b>Mutually exclusive corticoï¿½hippocampal circuits: ECIII?CA1 and ECII?DG/CA2/CA3.</b><br><b>a,</b> Diagram depicting pOxr1ï¿½Cre mouse injected with two viruses: Creï¿½dependent AAV9ï¿½EF1?ï¿½DIOï¿½ChR2ï¿½YFP and nonï¿½Creï¿½dependent AAV8ï¿½CMVï¿½Synaptophysinï¿½mCherry.<br><b>b,</b> Schematic of double virus injection from (a) and expression patterns in the entorhinal cortex (EC) as well as the projection patterns into the hippocampus.<br><b>c,</b> Sagittal EC section of injection area showing mCherry and YFP expression. Insets from the dottedï¿½line box: mCherry labeling in MECII and in MECIII (II, III) and YFP only labeling MECIII and not MECII or any other cell type (I, III). Fibers in MECI are pyramidal MECIII dendrites.<br><b>d,</b> Sagittal section showing MECIII fiber projection (YFP, green) into the SLM region of the CA1 area.<br><b>e,</b> Same section showing MECIII and MECII synaptophysinï¿½labeled terminals (red).<br><b>f,</b> Overlay of (d) and (e). Note the yellow signal in CA1ï¿½SLM indicating coï¿½expression of MECIIIï¿½specific YFP and mCherry signals, as well as the lack of YFP in the Uï¿½turn indicating MECII exclusive projection. Bottom: enlarged confocal images from the dotted lineï¿½box showing RGS14 staining (purple) of the CA2 region. Note the overlap between RGS14ï¿½positive CA2 dendrites and putative MECII fibers, but not with MECIII fibers.","Fig. S13",NULL,NULL,NULL,NULL,24336151,0,"MECIII?CA1;MECII?DG/CA2/CA3",NULL,"3100413.png",NULL
3100413,6003,NULL,1002,NULL,"<b>Mutually exclusive corticoï¿½hippocampal circuits: ECIII?CA1 and ECII?DG/CA2/CA3.</b><br><b>a,</b> Diagram depicting pOxr1ï¿½Cre mouse injected with two viruses: Creï¿½dependent AAV9ï¿½EF1?ï¿½DIOï¿½ChR2ï¿½YFP and nonï¿½Creï¿½dependent AAV8ï¿½CMVï¿½Synaptophysinï¿½mCherry.<br><b>b,</b> Schematic of double virus injection from (a) and expression patterns in the entorhinal cortex (EC) as well as the projection patterns into the hippocampus.<br><b>c,</b> Sagittal EC section of injection area showing mCherry and YFP expression. Insets from the dottedï¿½line box: mCherry labeling in MECII and in MECIII (II, III) and YFP only labeling MECIII and not MECII or any other cell type (I, III). Fibers in MECI are pyramidal MECIII dendrites.<br><b>d,</b> Sagittal section showing MECIII fiber projection (YFP, green) into the SLM region of the CA1 area.<br><b>e,</b> Same section showing MECIII and MECII synaptophysinï¿½labeled terminals (red).<br><b>f,</b> Overlay of (d) and (e). Note the yellow signal in CA1ï¿½SLM indicating coï¿½expression of MECIIIï¿½specific YFP and mCherry signals, as well as the lack of YFP in the Uï¿½turn indicating MECII exclusive projection. Bottom: enlarged confocal images from the dotted lineï¿½box showing RGS14 staining (purple) of the CA2 region. Note the overlap between RGS14ï¿½positive CA2 dendrites and putative MECII fibers, but not with MECIII fibers.","Fig. S13",NULL,NULL,NULL,NULL,24336151,0,"MECIII?CA1;MECII?DG/CA2/CA3",NULL,"3100413.png",NULL
3100413,6003,NULL,1043,NULL,"<b>Mutually exclusive corticoï¿½hippocampal circuits: ECIII?CA1 and ECII?DG/CA2/CA3.</b><br><b>a,</b> Diagram depicting pOxr1ï¿½Cre mouse injected with two viruses: Creï¿½dependent AAV9ï¿½EF1?ï¿½DIOï¿½ChR2ï¿½YFP and nonï¿½Creï¿½dependent AAV8ï¿½CMVï¿½Synaptophysinï¿½mCherry.<br><b>b,</b> Schematic of double virus injection from (a) and expression patterns in the entorhinal cortex (EC) as well as the projection patterns into the hippocampus.<br><b>c,</b> Sagittal EC section of injection area showing mCherry and YFP expression. Insets from the dottedï¿½line box: mCherry labeling in MECII and in MECIII (II, III) and YFP only labeling MECIII and not MECII or any other cell type (I, III). Fibers in MECI are pyramidal MECIII dendrites.<br><b>d,</b> Sagittal section showing MECIII fiber projection (YFP, green) into the SLM region of the CA1 area.<br><b>e,</b> Same section showing MECIII and MECII synaptophysinï¿½labeled terminals (red).<br><b>f,</b> Overlay of (d) and (e). Note the yellow signal in CA1ï¿½SLM indicating coï¿½expression of MECIIIï¿½specific YFP and mCherry signals, as well as the lack of YFP in the Uï¿½turn indicating MECII exclusive projection. Bottom: enlarged confocal images from the dotted lineï¿½box showing RGS14 staining (purple) of the CA2 region. Note the overlap between RGS14ï¿½positive CA2 dendrites and putative MECII fibers, but not with MECIII fibers.","Fig. S13",NULL,NULL,NULL,NULL,24336151,0,"MECIII?CA1;MECII?DG/CA2/CA3",NULL,"3100413.png",NULL
3100413,6003,NULL,1027,NULL,"<b>Mutually exclusive corticoï¿½hippocampal circuits: ECIII?CA1 and ECII?DG/CA2/CA3.</b><br><b>a,</b> Diagram depicting pOxr1ï¿½Cre mouse injected with two viruses: Creï¿½dependent AAV9ï¿½EF1?ï¿½DIOï¿½ChR2ï¿½YFP and nonï¿½Creï¿½dependent AAV8ï¿½CMVï¿½Synaptophysinï¿½mCherry.<br><b>b,</b> Schematic of double virus injection from (a) and expression patterns in the entorhinal cortex (EC) as well as the projection patterns into the hippocampus.<br><b>c,</b> Sagittal EC section of injection area showing mCherry and YFP expression. Insets from the dottedï¿½line box: mCherry labeling in MECII and in MECIII (II, III) and YFP only labeling MECIII and not MECII or any other cell type (I, III). Fibers in MECI are pyramidal MECIII dendrites.<br><b>d,</b> Sagittal section showing MECIII fiber projection (YFP, green) into the SLM region of the CA1 area.<br><b>e,</b> Same section showing MECIII and MECII synaptophysinï¿½labeled terminals (red).<br><b>f,</b> Overlay of (d) and (e). Note the yellow signal in CA1ï¿½SLM indicating coï¿½expression of MECIIIï¿½specific YFP and mCherry signals, as well as the lack of YFP in the Uï¿½turn indicating MECII exclusive projection. Bottom: enlarged confocal images from the dotted lineï¿½box showing RGS14 staining (purple) of the CA2 region. Note the overlap between RGS14ï¿½positive CA2 dendrites and putative MECII fibers, but not with MECIII fibers.","Fig. S13",NULL,NULL,NULL,NULL,24336151,0,"MECIII?CA1;MECII?DG/CA2/CA3",NULL,"3100413.png",NULL
3100413,6003,NULL,1010,NULL,"<b>Mutually exclusive corticoï¿½hippocampal circuits: ECIII?CA1 and ECII?DG/CA2/CA3.</b><br><b>a,</b> Diagram depicting pOxr1ï¿½Cre mouse injected with two viruses: Creï¿½dependent AAV9ï¿½EF1?ï¿½DIOï¿½ChR2ï¿½YFP and nonï¿½Creï¿½dependent AAV8ï¿½CMVï¿½Synaptophysinï¿½mCherry.<br><b>b,</b> Schematic of double virus injection from (a) and expression patterns in the entorhinal cortex (EC) as well as the projection patterns into the hippocampus.<br><b>c,</b> Sagittal EC section of injection area showing mCherry and YFP expression. Insets from the dottedï¿½line box: mCherry labeling in MECII and in MECIII (II, III) and YFP only labeling MECIII and not MECII or any other cell type (I, III). Fibers in MECI are pyramidal MECIII dendrites.<br><b>d,</b> Sagittal section showing MECIII fiber projection (YFP, green) into the SLM region of the CA1 area.<br><b>e,</b> Same section showing MECIII and MECII synaptophysinï¿½labeled terminals (red).<br><b>f,</b> Overlay of (d) and (e). Note the yellow signal in CA1ï¿½SLM indicating coï¿½expression of MECIIIï¿½specific YFP and mCherry signals, as well as the lack of YFP in the Uï¿½turn indicating MECII exclusive projection. Bottom: enlarged confocal images from the dotted lineï¿½box showing RGS14 staining (purple) of the CA2 region. Note the overlap between RGS14ï¿½positive CA2 dendrites and putative MECII fibers, but not with MECIII fibers.","Fig. S13",NULL,NULL,NULL,NULL,24336151,0,"MECIII?CA1;MECII?DG/CA2/CA3",NULL,"3100413.png",NULL
3100413,6003,NULL,1035,NULL,"<b>Mutually exclusive corticoï¿½hippocampal circuits: ECIII?CA1 and ECII?DG/CA2/CA3.</b><br><b>a,</b> Diagram depicting pOxr1ï¿½Cre mouse injected with two viruses: Creï¿½dependent AAV9ï¿½EF1?ï¿½DIOï¿½ChR2ï¿½YFP and nonï¿½Creï¿½dependent AAV8ï¿½CMVï¿½Synaptophysinï¿½mCherry.<br><b>b,</b> Schematic of double virus injection from (a) and expression patterns in the entorhinal cortex (EC) as well as the projection patterns into the hippocampus.<br><b>c,</b> Sagittal EC section of injection area showing mCherry and YFP expression. Insets from the dottedï¿½line box: mCherry labeling in MECII and in MECIII (II, III) and YFP only labeling MECIII and not MECII or any other cell type (I, III). Fibers in MECI are pyramidal MECIII dendrites.<br><b>d,</b> Sagittal section showing MECIII fiber projection (YFP, green) into the SLM region of the CA1 area.<br><b>e,</b> Same section showing MECIII and MECII synaptophysinï¿½labeled terminals (red).<br><b>f,</b> Overlay of (d) and (e). Note the yellow signal in CA1ï¿½SLM indicating coï¿½expression of MECIIIï¿½specific YFP and mCherry signals, as well as the lack of YFP in the Uï¿½turn indicating MECII exclusive projection. Bottom: enlarged confocal images from the dotted lineï¿½box showing RGS14 staining (purple) of the CA2 region. Note the overlap between RGS14ï¿½positive CA2 dendrites and putative MECII fibers, but not with MECIII fibers.","Fig. S13",NULL,NULL,NULL,NULL,24336151,0,"MECIII?CA1;MECII?DG/CA2/CA3",NULL,"3100413.png",NULL
3100413,6003,NULL,1036,NULL,"<b>Mutually exclusive corticoï¿½hippocampal circuits: ECIII?CA1 and ECII?DG/CA2/CA3.</b><br><b>a,</b> Diagram depicting pOxr1ï¿½Cre mouse injected with two viruses: Creï¿½dependent AAV9ï¿½EF1?ï¿½DIOï¿½ChR2ï¿½YFP and nonï¿½Creï¿½dependent AAV8ï¿½CMVï¿½Synaptophysinï¿½mCherry.<br><b>b,</b> Schematic of double virus injection from (a) and expression patterns in the entorhinal cortex (EC) as well as the projection patterns into the hippocampus.<br><b>c,</b> Sagittal EC section of injection area showing mCherry and YFP expression. Insets from the dottedï¿½line box: mCherry labeling in MECII and in MECIII (II, III) and YFP only labeling MECIII and not MECII or any other cell type (I, III). Fibers in MECI are pyramidal MECIII dendrites.<br><b>d,</b> Sagittal section showing MECIII fiber projection (YFP, green) into the SLM region of the CA1 area.<br><b>e,</b> Same section showing MECIII and MECII synaptophysinï¿½labeled terminals (red).<br><b>f,</b> Overlay of (d) and (e). Note the yellow signal in CA1ï¿½SLM indicating coï¿½expression of MECIIIï¿½specific YFP and mCherry signals, as well as the lack of YFP in the Uï¿½turn indicating MECII exclusive projection. Bottom: enlarged confocal images from the dotted lineï¿½box showing RGS14 staining (purple) of the CA2 region. Note the overlap between RGS14ï¿½positive CA2 dendrites and putative MECII fibers, but not with MECIII fibers.","Fig. S13",NULL,NULL,NULL,NULL,24336151,0,"MECIII?CA1;MECII?DG/CA2/CA3",NULL,"3100413.png",NULL
3100413,6003,NULL,1009,NULL,"<b>Mutually exclusive corticoï¿½hippocampal circuits: ECIII?CA1 and ECII?DG/CA2/CA3.</b><br><b>a,</b> Diagram depicting pOxr1ï¿½Cre mouse injected with two viruses: Creï¿½dependent AAV9ï¿½EF1?ï¿½DIOï¿½ChR2ï¿½YFP and nonï¿½Creï¿½dependent AAV8ï¿½CMVï¿½Synaptophysinï¿½mCherry.<br><b>b,</b> Schematic of double virus injection from (a) and expression patterns in the entorhinal cortex (EC) as well as the projection patterns into the hippocampus.<br><b>c,</b> Sagittal EC section of injection area showing mCherry and YFP expression. Insets from the dottedï¿½line box: mCherry labeling in MECII and in MECIII (II, III) and YFP only labeling MECIII and not MECII or any other cell type (I, III). Fibers in MECI are pyramidal MECIII dendrites.<br><b>d,</b> Sagittal section showing MECIII fiber projection (YFP, green) into the SLM region of the CA1 area.<br><b>e,</b> Same section showing MECIII and MECII synaptophysinï¿½labeled terminals (red).<br><b>f,</b> Overlay of (d) and (e). Note the yellow signal in CA1ï¿½SLM indicating coï¿½expression of MECIIIï¿½specific YFP and mCherry signals, as well as the lack of YFP in the Uï¿½turn indicating MECII exclusive projection. Bottom: enlarged confocal images from the dotted lineï¿½box showing RGS14 staining (purple) of the CA2 region. Note the overlap between RGS14ï¿½positive CA2 dendrites and putative MECII fibers, but not with MECIII fibers.","Fig. S13",NULL,NULL,NULL,NULL,24336151,0,"MECIII?CA1;MECII?DG/CA2/CA3",NULL,"3100413.png",NULL
3100413,6003,NULL,1026,NULL,"<b>Mutually exclusive corticoï¿½hippocampal circuits: ECIII?CA1 and ECII?DG/CA2/CA3.</b><br><b>a,</b> Diagram depicting pOxr1ï¿½Cre mouse injected with two viruses: Creï¿½dependent AAV9ï¿½EF1?ï¿½DIOï¿½ChR2ï¿½YFP and nonï¿½Creï¿½dependent AAV8ï¿½CMVï¿½Synaptophysinï¿½mCherry.<br><b>b,</b> Schematic of double virus injection from (a) and expression patterns in the entorhinal cortex (EC) as well as the projection patterns into the hippocampus.<br><b>c,</b> Sagittal EC section of injection area showing mCherry and YFP expression. Insets from the dottedï¿½line box: mCherry labeling in MECII and in MECIII (II, III) and YFP only labeling MECIII and not MECII or any other cell type (I, III). Fibers in MECI are pyramidal MECIII dendrites.<br><b>d,</b> Sagittal section showing MECIII fiber projection (YFP, green) into the SLM region of the CA1 area.<br><b>e,</b> Same section showing MECIII and MECII synaptophysinï¿½labeled terminals (red).<br><b>f,</b> Overlay of (d) and (e). Note the yellow signal in CA1ï¿½SLM indicating coï¿½expression of MECIIIï¿½specific YFP and mCherry signals, as well as the lack of YFP in the Uï¿½turn indicating MECII exclusive projection. Bottom: enlarged confocal images from the dotted lineï¿½box showing RGS14 staining (purple) of the CA2 region. Note the overlap between RGS14ï¿½positive CA2 dendrites and putative MECII fibers, but not with MECIII fibers.","Fig. S13",NULL,NULL,NULL,NULL,24336151,0,"MECIII?CA1;MECII?DG/CA2/CA3",NULL,"3100413.png",NULL
3100413,6003,NULL,1040,NULL,"<b>Mutually exclusive corticoï¿½hippocampal circuits: ECIII?CA1 and ECII?DG/CA2/CA3.</b><br><b>a,</b> Diagram depicting pOxr1ï¿½Cre mouse injected with two viruses: Creï¿½dependent AAV9ï¿½EF1?ï¿½DIOï¿½ChR2ï¿½YFP and nonï¿½Creï¿½dependent AAV8ï¿½CMVï¿½Synaptophysinï¿½mCherry.<br><b>b,</b> Schematic of double virus injection from (a) and expression patterns in the entorhinal cortex (EC) as well as the projection patterns into the hippocampus.<br><b>c,</b> Sagittal EC section of injection area showing mCherry and YFP expression. Insets from the dottedï¿½line box: mCherry labeling in MECII and in MECIII (II, III) and YFP only labeling MECIII and not MECII or any other cell type (I, III). Fibers in MECI are pyramidal MECIII dendrites.<br><b>d,</b> Sagittal section showing MECIII fiber projection (YFP, green) into the SLM region of the CA1 area.<br><b>e,</b> Same section showing MECIII and MECII synaptophysinï¿½labeled terminals (red).<br><b>f,</b> Overlay of (d) and (e). Note the yellow signal in CA1ï¿½SLM indicating coï¿½expression of MECIIIï¿½specific YFP and mCherry signals, as well as the lack of YFP in the Uï¿½turn indicating MECII exclusive projection. Bottom: enlarged confocal images from the dotted lineï¿½box showing RGS14 staining (purple) of the CA2 region. Note the overlap between RGS14ï¿½positive CA2 dendrites and putative MECII fibers, but not with MECIII fibers.","Fig. S13",NULL,NULL,NULL,NULL,24336151,0,"MECIII?CA1;MECII?DG/CA2/CA3",NULL,"3100413.png",NULL
3100413,6003,NULL,1005,NULL,"<b>Mutually exclusive corticoï¿½hippocampal circuits: ECIII?CA1 and ECII?DG/CA2/CA3.</b><br><b>a,</b> Diagram depicting pOxr1ï¿½Cre mouse injected with two viruses: Creï¿½dependent AAV9ï¿½EF1?ï¿½DIOï¿½ChR2ï¿½YFP and nonï¿½Creï¿½dependent AAV8ï¿½CMVï¿½Synaptophysinï¿½mCherry.<br><b>b,</b> Schematic of double virus injection from (a) and expression patterns in the entorhinal cortex (EC) as well as the projection patterns into the hippocampus.<br><b>c,</b> Sagittal EC section of injection area showing mCherry and YFP expression. Insets from the dottedï¿½line box: mCherry labeling in MECII and in MECIII (II, III) and YFP only labeling MECIII and not MECII or any other cell type (I, III). Fibers in MECI are pyramidal MECIII dendrites.<br><b>d,</b> Sagittal section showing MECIII fiber projection (YFP, green) into the SLM region of the CA1 area.<br><b>e,</b> Same section showing MECIII and MECII synaptophysinï¿½labeled terminals (red).<br><b>f,</b> Overlay of (d) and (e). Note the yellow signal in CA1ï¿½SLM indicating coï¿½expression of MECIIIï¿½specific YFP and mCherry signals, as well as the lack of YFP in the Uï¿½turn indicating MECII exclusive projection. Bottom: enlarged confocal images from the dotted lineï¿½box showing RGS14 staining (purple) of the CA2 region. Note the overlap between RGS14ï¿½positive CA2 dendrites and putative MECII fibers, but not with MECIII fibers.","Fig. S13",NULL,NULL,NULL,NULL,24336151,0,"MECIII?CA1;MECII?DG/CA2/CA3",NULL,"3100413.png",NULL
3100413,6003,NULL,1008,NULL,"<b>Mutually exclusive corticoï¿½hippocampal circuits: ECIII?CA1 and ECII?DG/CA2/CA3.</b><br><b>a,</b> Diagram depicting pOxr1ï¿½Cre mouse injected with two viruses: Creï¿½dependent AAV9ï¿½EF1?ï¿½DIOï¿½ChR2ï¿½YFP and nonï¿½Creï¿½dependent AAV8ï¿½CMVï¿½Synaptophysinï¿½mCherry.<br><b>b,</b> Schematic of double virus injection from (a) and expression patterns in the entorhinal cortex (EC) as well as the projection patterns into the hippocampus.<br><b>c,</b> Sagittal EC section of injection area showing mCherry and YFP expression. Insets from the dottedï¿½line box: mCherry labeling in MECII and in MECIII (II, III) and YFP only labeling MECIII and not MECII or any other cell type (I, III). Fibers in MECI are pyramidal MECIII dendrites.<br><b>d,</b> Sagittal section showing MECIII fiber projection (YFP, green) into the SLM region of the CA1 area.<br><b>e,</b> Same section showing MECIII and MECII synaptophysinï¿½labeled terminals (red).<br><b>f,</b> Overlay of (d) and (e). Note the yellow signal in CA1ï¿½SLM indicating coï¿½expression of MECIIIï¿½specific YFP and mCherry signals, as well as the lack of YFP in the Uï¿½turn indicating MECII exclusive projection. Bottom: enlarged confocal images from the dotted lineï¿½box showing RGS14 staining (purple) of the CA2 region. Note the overlap between RGS14ï¿½positive CA2 dendrites and putative MECII fibers, but not with MECIII fibers.","Fig. S13",NULL,NULL,NULL,NULL,24336151,0,"MECIII?CA1;MECII?DG/CA2/CA3",NULL,"3100413.png",NULL
3100413,6003,NULL,1007,NULL,"<b>Mutually exclusive corticoï¿½hippocampal circuits: ECIII?CA1 and ECII?DG/CA2/CA3.</b><br><b>a,</b> Diagram depicting pOxr1ï¿½Cre mouse injected with two viruses: Creï¿½dependent AAV9ï¿½EF1?ï¿½DIOï¿½ChR2ï¿½YFP and nonï¿½Creï¿½dependent AAV8ï¿½CMVï¿½Synaptophysinï¿½mCherry.<br><b>b,</b> Schematic of double virus injection from (a) and expression patterns in the entorhinal cortex (EC) as well as the projection patterns into the hippocampus.<br><b>c,</b> Sagittal EC section of injection area showing mCherry and YFP expression. Insets from the dottedï¿½line box: mCherry labeling in MECII and in MECIII (II, III) and YFP only labeling MECIII and not MECII or any other cell type (I, III). Fibers in MECI are pyramidal MECIII dendrites.<br><b>d,</b> Sagittal section showing MECIII fiber projection (YFP, green) into the SLM region of the CA1 area.<br><b>e,</b> Same section showing MECIII and MECII synaptophysinï¿½labeled terminals (red).<br><b>f,</b> Overlay of (d) and (e). Note the yellow signal in CA1ï¿½SLM indicating coï¿½expression of MECIIIï¿½specific YFP and mCherry signals, as well as the lack of YFP in the Uï¿½turn indicating MECII exclusive projection. Bottom: enlarged confocal images from the dotted lineï¿½box showing RGS14 staining (purple) of the CA2 region. Note the overlap between RGS14ï¿½positive CA2 dendrites and putative MECII fibers, but not with MECIII fibers.","Fig. S13",NULL,NULL,NULL,NULL,24336151,0,"MECIII?CA1;MECII?DG/CA2/CA3",NULL,"3100413.png",NULL
3100413,6003,NULL,1006,NULL,"<b>Mutually exclusive corticoï¿½hippocampal circuits: ECIII?CA1 and ECII?DG/CA2/CA3.</b><br><b>a,</b> Diagram depicting pOxr1ï¿½Cre mouse injected with two viruses: Creï¿½dependent AAV9ï¿½EF1?ï¿½DIOï¿½ChR2ï¿½YFP and nonï¿½Creï¿½dependent AAV8ï¿½CMVï¿½Synaptophysinï¿½mCherry.<br><b>b,</b> Schematic of double virus injection from (a) and expression patterns in the entorhinal cortex (EC) as well as the projection patterns into the hippocampus.<br><b>c,</b> Sagittal EC section of injection area showing mCherry and YFP expression. Insets from the dottedï¿½line box: mCherry labeling in MECII and in MECIII (II, III) and YFP only labeling MECIII and not MECII or any other cell type (I, III). Fibers in MECI are pyramidal MECIII dendrites.<br><b>d,</b> Sagittal section showing MECIII fiber projection (YFP, green) into the SLM region of the CA1 area.<br><b>e,</b> Same section showing MECIII and MECII synaptophysinï¿½labeled terminals (red).<br><b>f,</b> Overlay of (d) and (e). Note the yellow signal in CA1ï¿½SLM indicating coï¿½expression of MECIIIï¿½specific YFP and mCherry signals, as well as the lack of YFP in the Uï¿½turn indicating MECII exclusive projection. Bottom: enlarged confocal images from the dotted lineï¿½box showing RGS14 staining (purple) of the CA2 region. Note the overlap between RGS14ï¿½positive CA2 dendrites and putative MECII fibers, but not with MECIII fibers.","Fig. S13",NULL,NULL,NULL,NULL,24336151,0,"MECIII?CA1;MECII?DG/CA2/CA3",NULL,"3100413.png",NULL
3100413,6003,NULL,1004,NULL,"<b>Mutually exclusive corticoï¿½hippocampal circuits: ECIII?CA1 and ECII?DG/CA2/CA3.</b><br><b>a,</b> Diagram depicting pOxr1ï¿½Cre mouse injected with two viruses: Creï¿½dependent AAV9ï¿½EF1?ï¿½DIOï¿½ChR2ï¿½YFP and nonï¿½Creï¿½dependent AAV8ï¿½CMVï¿½Synaptophysinï¿½mCherry.<br><b>b,</b> Schematic of double virus injection from (a) and expression patterns in the entorhinal cortex (EC) as well as the projection patterns into the hippocampus.<br><b>c,</b> Sagittal EC section of injection area showing mCherry and YFP expression. Insets from the dottedï¿½line box: mCherry labeling in MECII and in MECIII (II, III) and YFP only labeling MECIII and not MECII or any other cell type (I, III). Fibers in MECI are pyramidal MECIII dendrites.<br><b>d,</b> Sagittal section showing MECIII fiber projection (YFP, green) into the SLM region of the CA1 area.<br><b>e,</b> Same section showing MECIII and MECII synaptophysinï¿½labeled terminals (red).<br><b>f,</b> Overlay of (d) and (e). Note the yellow signal in CA1ï¿½SLM indicating coï¿½expression of MECIIIï¿½specific YFP and mCherry signals, as well as the lack of YFP in the Uï¿½turn indicating MECII exclusive projection. Bottom: enlarged confocal images from the dotted lineï¿½box showing RGS14 staining (purple) of the CA2 region. Note the overlap between RGS14ï¿½positive CA2 dendrites and putative MECII fibers, but not with MECIII fibers.","Fig. S13",NULL,NULL,NULL,NULL,24336151,0,"MECIII?CA1;MECII?DG/CA2/CA3",NULL,"3100413.png",NULL
3100413,6082,NULL,1000,NULL,"<b>Mutually exclusive corticoï¿½hippocampal circuits: ECIII?CA1 and ECII?DG/CA2/CA3.</b><br><b>a,</b> Diagram depicting pOxr1ï¿½Cre mouse injected with two viruses: Creï¿½dependent AAV9ï¿½EF1?ï¿½DIOï¿½ChR2ï¿½YFP and nonï¿½Creï¿½dependent AAV8ï¿½CMVï¿½Synaptophysinï¿½mCherry.<br><b>b,</b> Schematic of double virus injection from (a) and expression patterns in the entorhinal cortex (EC) as well as the projection patterns into the hippocampus.<br><b>c,</b> Sagittal EC section of injection area showing mCherry and YFP expression. Insets from the dottedï¿½line box: mCherry labeling in MECII and in MECIII (II, III) and YFP only labeling MECIII and not MECII or any other cell type (I, III). Fibers in MECI are pyramidal MECIII dendrites.<br><b>d,</b> Sagittal section showing MECIII fiber projection (YFP, green) into the SLM region of the CA1 area.<br><b>e,</b> Same section showing MECIII and MECII synaptophysinï¿½labeled terminals (red).<br><b>f,</b> Overlay of (d) and (e). Note the yellow signal in CA1ï¿½SLM indicating coï¿½expression of MECIIIï¿½specific YFP and mCherry signals, as well as the lack of YFP in the Uï¿½turn indicating MECII exclusive projection. Bottom: enlarged confocal images from the dotted lineï¿½box showing RGS14 staining (purple) of the CA2 region. Note the overlap between RGS14ï¿½positive CA2 dendrites and putative MECII fibers, but not with MECIII fibers.","Fig. S13",NULL,NULL,NULL,NULL,24336151,0,"MECIII?CA1;MECII?DG/CA2/CA3",NULL,"3100413.png",NULL
3100413,6082,NULL,1041,NULL,"<b>Mutually exclusive corticoï¿½hippocampal circuits: ECIII?CA1 and ECII?DG/CA2/CA3.</b><br><b>a,</b> Diagram depicting pOxr1ï¿½Cre mouse injected with two viruses: Creï¿½dependent AAV9ï¿½EF1?ï¿½DIOï¿½ChR2ï¿½YFP and nonï¿½Creï¿½dependent AAV8ï¿½CMVï¿½Synaptophysinï¿½mCherry.<br><b>b,</b> Schematic of double virus injection from (a) and expression patterns in the entorhinal cortex (EC) as well as the projection patterns into the hippocampus.<br><b>c,</b> Sagittal EC section of injection area showing mCherry and YFP expression. Insets from the dottedï¿½line box: mCherry labeling in MECII and in MECIII (II, III) and YFP only labeling MECIII and not MECII or any other cell type (I, III). Fibers in MECI are pyramidal MECIII dendrites.<br><b>d,</b> Sagittal section showing MECIII fiber projection (YFP, green) into the SLM region of the CA1 area.<br><b>e,</b> Same section showing MECIII and MECII synaptophysinï¿½labeled terminals (red).<br><b>f,</b> Overlay of (d) and (e). Note the yellow signal in CA1ï¿½SLM indicating coï¿½expression of MECIIIï¿½specific YFP and mCherry signals, as well as the lack of YFP in the Uï¿½turn indicating MECII exclusive projection. Bottom: enlarged confocal images from the dotted lineï¿½box showing RGS14 staining (purple) of the CA2 region. Note the overlap between RGS14ï¿½positive CA2 dendrites and putative MECII fibers, but not with MECIII fibers.","Fig. S13",NULL,NULL,NULL,NULL,24336151,0,"MECIII?CA1;MECII?DG/CA2/CA3",NULL,"3100413.png",NULL
3100413,6082,NULL,1001,NULL,"<b>Mutually exclusive corticoï¿½hippocampal circuits: ECIII?CA1 and ECII?DG/CA2/CA3.</b><br><b>a,</b> Diagram depicting pOxr1ï¿½Cre mouse injected with two viruses: Creï¿½dependent AAV9ï¿½EF1?ï¿½DIOï¿½ChR2ï¿½YFP and nonï¿½Creï¿½dependent AAV8ï¿½CMVï¿½Synaptophysinï¿½mCherry.<br><b>b,</b> Schematic of double virus injection from (a) and expression patterns in the entorhinal cortex (EC) as well as the projection patterns into the hippocampus.<br><b>c,</b> Sagittal EC section of injection area showing mCherry and YFP expression. Insets from the dottedï¿½line box: mCherry labeling in MECII and in MECIII (II, III) and YFP only labeling MECIII and not MECII or any other cell type (I, III). Fibers in MECI are pyramidal MECIII dendrites.<br><b>d,</b> Sagittal section showing MECIII fiber projection (YFP, green) into the SLM region of the CA1 area.<br><b>e,</b> Same section showing MECIII and MECII synaptophysinï¿½labeled terminals (red).<br><b>f,</b> Overlay of (d) and (e). Note the yellow signal in CA1ï¿½SLM indicating coï¿½expression of MECIIIï¿½specific YFP and mCherry signals, as well as the lack of YFP in the Uï¿½turn indicating MECII exclusive projection. Bottom: enlarged confocal images from the dotted lineï¿½box showing RGS14 staining (purple) of the CA2 region. Note the overlap between RGS14ï¿½positive CA2 dendrites and putative MECII fibers, but not with MECIII fibers.","Fig. S13",NULL,NULL,NULL,NULL,24336151,0,"MECIII?CA1;MECII?DG/CA2/CA3",NULL,"3100413.png",NULL
3100413,6082,NULL,1002,NULL,"<b>Mutually exclusive corticoï¿½hippocampal circuits: ECIII?CA1 and ECII?DG/CA2/CA3.</b><br><b>a,</b> Diagram depicting pOxr1ï¿½Cre mouse injected with two viruses: Creï¿½dependent AAV9ï¿½EF1?ï¿½DIOï¿½ChR2ï¿½YFP and nonï¿½Creï¿½dependent AAV8ï¿½CMVï¿½Synaptophysinï¿½mCherry.<br><b>b,</b> Schematic of double virus injection from (a) and expression patterns in the entorhinal cortex (EC) as well as the projection patterns into the hippocampus.<br><b>c,</b> Sagittal EC section of injection area showing mCherry and YFP expression. Insets from the dottedï¿½line box: mCherry labeling in MECII and in MECIII (II, III) and YFP only labeling MECIII and not MECII or any other cell type (I, III). Fibers in MECI are pyramidal MECIII dendrites.<br><b>d,</b> Sagittal section showing MECIII fiber projection (YFP, green) into the SLM region of the CA1 area.<br><b>e,</b> Same section showing MECIII and MECII synaptophysinï¿½labeled terminals (red).<br><b>f,</b> Overlay of (d) and (e). Note the yellow signal in CA1ï¿½SLM indicating coï¿½expression of MECIIIï¿½specific YFP and mCherry signals, as well as the lack of YFP in the Uï¿½turn indicating MECII exclusive projection. Bottom: enlarged confocal images from the dotted lineï¿½box showing RGS14 staining (purple) of the CA2 region. Note the overlap between RGS14ï¿½positive CA2 dendrites and putative MECII fibers, but not with MECIII fibers.","Fig. S13",NULL,NULL,NULL,NULL,24336151,0,"MECIII?CA1;MECII?DG/CA2/CA3",NULL,"3100413.png",NULL
3100413,6082,NULL,1043,NULL,"<b>Mutually exclusive corticoï¿½hippocampal circuits: ECIII?CA1 and ECII?DG/CA2/CA3.</b><br><b>a,</b> Diagram depicting pOxr1ï¿½Cre mouse injected with two viruses: Creï¿½dependent AAV9ï¿½EF1?ï¿½DIOï¿½ChR2ï¿½YFP and nonï¿½Creï¿½dependent AAV8ï¿½CMVï¿½Synaptophysinï¿½mCherry.<br><b>b,</b> Schematic of double virus injection from (a) and expression patterns in the entorhinal cortex (EC) as well as the projection patterns into the hippocampus.<br><b>c,</b> Sagittal EC section of injection area showing mCherry and YFP expression. Insets from the dottedï¿½line box: mCherry labeling in MECII and in MECIII (II, III) and YFP only labeling MECIII and not MECII or any other cell type (I, III). Fibers in MECI are pyramidal MECIII dendrites.<br><b>d,</b> Sagittal section showing MECIII fiber projection (YFP, green) into the SLM region of the CA1 area.<br><b>e,</b> Same section showing MECIII and MECII synaptophysinï¿½labeled terminals (red).<br><b>f,</b> Overlay of (d) and (e). Note the yellow signal in CA1ï¿½SLM indicating coï¿½expression of MECIIIï¿½specific YFP and mCherry signals, as well as the lack of YFP in the Uï¿½turn indicating MECII exclusive projection. Bottom: enlarged confocal images from the dotted lineï¿½box showing RGS14 staining (purple) of the CA2 region. Note the overlap between RGS14ï¿½positive CA2 dendrites and putative MECII fibers, but not with MECIII fibers.","Fig. S13",NULL,NULL,NULL,NULL,24336151,0,"MECIII?CA1;MECII?DG/CA2/CA3",NULL,"3100413.png",NULL
3100413,6082,NULL,1027,NULL,"<b>Mutually exclusive corticoï¿½hippocampal circuits: ECIII?CA1 and ECII?DG/CA2/CA3.</b><br><b>a,</b> Diagram depicting pOxr1ï¿½Cre mouse injected with two viruses: Creï¿½dependent AAV9ï¿½EF1?ï¿½DIOï¿½ChR2ï¿½YFP and nonï¿½Creï¿½dependent AAV8ï¿½CMVï¿½Synaptophysinï¿½mCherry.<br><b>b,</b> Schematic of double virus injection from (a) and expression patterns in the entorhinal cortex (EC) as well as the projection patterns into the hippocampus.<br><b>c,</b> Sagittal EC section of injection area showing mCherry and YFP expression. Insets from the dottedï¿½line box: mCherry labeling in MECII and in MECIII (II, III) and YFP only labeling MECIII and not MECII or any other cell type (I, III). Fibers in MECI are pyramidal MECIII dendrites.<br><b>d,</b> Sagittal section showing MECIII fiber projection (YFP, green) into the SLM region of the CA1 area.<br><b>e,</b> Same section showing MECIII and MECII synaptophysinï¿½labeled terminals (red).<br><b>f,</b> Overlay of (d) and (e). Note the yellow signal in CA1ï¿½SLM indicating coï¿½expression of MECIIIï¿½specific YFP and mCherry signals, as well as the lack of YFP in the Uï¿½turn indicating MECII exclusive projection. Bottom: enlarged confocal images from the dotted lineï¿½box showing RGS14 staining (purple) of the CA2 region. Note the overlap between RGS14ï¿½positive CA2 dendrites and putative MECII fibers, but not with MECIII fibers.","Fig. S13",NULL,NULL,NULL,NULL,24336151,0,"MECIII?CA1;MECII?DG/CA2/CA3",NULL,"3100413.png",NULL
3100413,6082,NULL,1010,NULL,"<b>Mutually exclusive corticoï¿½hippocampal circuits: ECIII?CA1 and ECII?DG/CA2/CA3.</b><br><b>a,</b> Diagram depicting pOxr1ï¿½Cre mouse injected with two viruses: Creï¿½dependent AAV9ï¿½EF1?ï¿½DIOï¿½ChR2ï¿½YFP and nonï¿½Creï¿½dependent AAV8ï¿½CMVï¿½Synaptophysinï¿½mCherry.<br><b>b,</b> Schematic of double virus injection from (a) and expression patterns in the entorhinal cortex (EC) as well as the projection patterns into the hippocampus.<br><b>c,</b> Sagittal EC section of injection area showing mCherry and YFP expression. Insets from the dottedï¿½line box: mCherry labeling in MECII and in MECIII (II, III) and YFP only labeling MECIII and not MECII or any other cell type (I, III). Fibers in MECI are pyramidal MECIII dendrites.<br><b>d,</b> Sagittal section showing MECIII fiber projection (YFP, green) into the SLM region of the CA1 area.<br><b>e,</b> Same section showing MECIII and MECII synaptophysinï¿½labeled terminals (red).<br><b>f,</b> Overlay of (d) and (e). Note the yellow signal in CA1ï¿½SLM indicating coï¿½expression of MECIIIï¿½specific YFP and mCherry signals, as well as the lack of YFP in the Uï¿½turn indicating MECII exclusive projection. Bottom: enlarged confocal images from the dotted lineï¿½box showing RGS14 staining (purple) of the CA2 region. Note the overlap between RGS14ï¿½positive CA2 dendrites and putative MECII fibers, but not with MECIII fibers.","Fig. S13",NULL,NULL,NULL,NULL,24336151,0,"MECIII?CA1;MECII?DG/CA2/CA3",NULL,"3100413.png",NULL
3100413,6082,NULL,1035,NULL,"<b>Mutually exclusive corticoï¿½hippocampal circuits: ECIII?CA1 and ECII?DG/CA2/CA3.</b><br><b>a,</b> Diagram depicting pOxr1ï¿½Cre mouse injected with two viruses: Creï¿½dependent AAV9ï¿½EF1?ï¿½DIOï¿½ChR2ï¿½YFP and nonï¿½Creï¿½dependent AAV8ï¿½CMVï¿½Synaptophysinï¿½mCherry.<br><b>b,</b> Schematic of double virus injection from (a) and expression patterns in the entorhinal cortex (EC) as well as the projection patterns into the hippocampus.<br><b>c,</b> Sagittal EC section of injection area showing mCherry and YFP expression. Insets from the dottedï¿½line box: mCherry labeling in MECII and in MECIII (II, III) and YFP only labeling MECIII and not MECII or any other cell type (I, III). Fibers in MECI are pyramidal MECIII dendrites.<br><b>d,</b> Sagittal section showing MECIII fiber projection (YFP, green) into the SLM region of the CA1 area.<br><b>e,</b> Same section showing MECIII and MECII synaptophysinï¿½labeled terminals (red).<br><b>f,</b> Overlay of (d) and (e). Note the yellow signal in CA1ï¿½SLM indicating coï¿½expression of MECIIIï¿½specific YFP and mCherry signals, as well as the lack of YFP in the Uï¿½turn indicating MECII exclusive projection. Bottom: enlarged confocal images from the dotted lineï¿½box showing RGS14 staining (purple) of the CA2 region. Note the overlap between RGS14ï¿½positive CA2 dendrites and putative MECII fibers, but not with MECIII fibers.","Fig. S13",NULL,NULL,NULL,NULL,24336151,0,"MECIII?CA1;MECII?DG/CA2/CA3",NULL,"3100413.png",NULL
3100413,6082,NULL,1036,NULL,"<b>Mutually exclusive corticoï¿½hippocampal circuits: ECIII?CA1 and ECII?DG/CA2/CA3.</b><br><b>a,</b> Diagram depicting pOxr1ï¿½Cre mouse injected with two viruses: Creï¿½dependent AAV9ï¿½EF1?ï¿½DIOï¿½ChR2ï¿½YFP and nonï¿½Creï¿½dependent AAV8ï¿½CMVï¿½Synaptophysinï¿½mCherry.<br><b>b,</b> Schematic of double virus injection from (a) and expression patterns in the entorhinal cortex (EC) as well as the projection patterns into the hippocampus.<br><b>c,</b> Sagittal EC section of injection area showing mCherry and YFP expression. Insets from the dottedï¿½line box: mCherry labeling in MECII and in MECIII (II, III) and YFP only labeling MECIII and not MECII or any other cell type (I, III). Fibers in MECI are pyramidal MECIII dendrites.<br><b>d,</b> Sagittal section showing MECIII fiber projection (YFP, green) into the SLM region of the CA1 area.<br><b>e,</b> Same section showing MECIII and MECII synaptophysinï¿½labeled terminals (red).<br><b>f,</b> Overlay of (d) and (e). Note the yellow signal in CA1ï¿½SLM indicating coï¿½expression of MECIIIï¿½specific YFP and mCherry signals, as well as the lack of YFP in the Uï¿½turn indicating MECII exclusive projection. Bottom: enlarged confocal images from the dotted lineï¿½box showing RGS14 staining (purple) of the CA2 region. Note the overlap between RGS14ï¿½positive CA2 dendrites and putative MECII fibers, but not with MECIII fibers.","Fig. S13",NULL,NULL,NULL,NULL,24336151,0,"MECIII?CA1;MECII?DG/CA2/CA3",NULL,"3100413.png",NULL
3100413,6082,NULL,1009,NULL,"<b>Mutually exclusive corticoï¿½hippocampal circuits: ECIII?CA1 and ECII?DG/CA2/CA3.</b><br><b>a,</b> Diagram depicting pOxr1ï¿½Cre mouse injected with two viruses: Creï¿½dependent AAV9ï¿½EF1?ï¿½DIOï¿½ChR2ï¿½YFP and nonï¿½Creï¿½dependent AAV8ï¿½CMVï¿½Synaptophysinï¿½mCherry.<br><b>b,</b> Schematic of double virus injection from (a) and expression patterns in the entorhinal cortex (EC) as well as the projection patterns into the hippocampus.<br><b>c,</b> Sagittal EC section of injection area showing mCherry and YFP expression. Insets from the dottedï¿½line box: mCherry labeling in MECII and in MECIII (II, III) and YFP only labeling MECIII and not MECII or any other cell type (I, III). Fibers in MECI are pyramidal MECIII dendrites.<br><b>d,</b> Sagittal section showing MECIII fiber projection (YFP, green) into the SLM region of the CA1 area.<br><b>e,</b> Same section showing MECIII and MECII synaptophysinï¿½labeled terminals (red).<br><b>f,</b> Overlay of (d) and (e). Note the yellow signal in CA1ï¿½SLM indicating coï¿½expression of MECIIIï¿½specific YFP and mCherry signals, as well as the lack of YFP in the Uï¿½turn indicating MECII exclusive projection. Bottom: enlarged confocal images from the dotted lineï¿½box showing RGS14 staining (purple) of the CA2 region. Note the overlap between RGS14ï¿½positive CA2 dendrites and putative MECII fibers, but not with MECIII fibers.","Fig. S13",NULL,NULL,NULL,NULL,24336151,0,"MECIII?CA1;MECII?DG/CA2/CA3",NULL,"3100413.png",NULL
3100413,6082,NULL,1026,NULL,"<b>Mutually exclusive corticoï¿½hippocampal circuits: ECIII?CA1 and ECII?DG/CA2/CA3.</b><br><b>a,</b> Diagram depicting pOxr1ï¿½Cre mouse injected with two viruses: Creï¿½dependent AAV9ï¿½EF1?ï¿½DIOï¿½ChR2ï¿½YFP and nonï¿½Creï¿½dependent AAV8ï¿½CMVï¿½Synaptophysinï¿½mCherry.<br><b>b,</b> Schematic of double virus injection from (a) and expression patterns in the entorhinal cortex (EC) as well as the projection patterns into the hippocampus.<br><b>c,</b> Sagittal EC section of injection area showing mCherry and YFP expression. Insets from the dottedï¿½line box: mCherry labeling in MECII and in MECIII (II, III) and YFP only labeling MECIII and not MECII or any other cell type (I, III). Fibers in MECI are pyramidal MECIII dendrites.<br><b>d,</b> Sagittal section showing MECIII fiber projection (YFP, green) into the SLM region of the CA1 area.<br><b>e,</b> Same section showing MECIII and MECII synaptophysinï¿½labeled terminals (red).<br><b>f,</b> Overlay of (d) and (e). Note the yellow signal in CA1ï¿½SLM indicating coï¿½expression of MECIIIï¿½specific YFP and mCherry signals, as well as the lack of YFP in the Uï¿½turn indicating MECII exclusive projection. Bottom: enlarged confocal images from the dotted lineï¿½box showing RGS14 staining (purple) of the CA2 region. Note the overlap between RGS14ï¿½positive CA2 dendrites and putative MECII fibers, but not with MECIII fibers.","Fig. S13",NULL,NULL,NULL,NULL,24336151,0,"MECIII?CA1;MECII?DG/CA2/CA3",NULL,"3100413.png",NULL
3100413,6082,NULL,1040,NULL,"<b>Mutually exclusive corticoï¿½hippocampal circuits: ECIII?CA1 and ECII?DG/CA2/CA3.</b><br><b>a,</b> Diagram depicting pOxr1ï¿½Cre mouse injected with two viruses: Creï¿½dependent AAV9ï¿½EF1?ï¿½DIOï¿½ChR2ï¿½YFP and nonï¿½Creï¿½dependent AAV8ï¿½CMVï¿½Synaptophysinï¿½mCherry.<br><b>b,</b> Schematic of double virus injection from (a) and expression patterns in the entorhinal cortex (EC) as well as the projection patterns into the hippocampus.<br><b>c,</b> Sagittal EC section of injection area showing mCherry and YFP expression. Insets from the dottedï¿½line box: mCherry labeling in MECII and in MECIII (II, III) and YFP only labeling MECIII and not MECII or any other cell type (I, III). Fibers in MECI are pyramidal MECIII dendrites.<br><b>d,</b> Sagittal section showing MECIII fiber projection (YFP, green) into the SLM region of the CA1 area.<br><b>e,</b> Same section showing MECIII and MECII synaptophysinï¿½labeled terminals (red).<br><b>f,</b> Overlay of (d) and (e). Note the yellow signal in CA1ï¿½SLM indicating coï¿½expression of MECIIIï¿½specific YFP and mCherry signals, as well as the lack of YFP in the Uï¿½turn indicating MECII exclusive projection. Bottom: enlarged confocal images from the dotted lineï¿½box showing RGS14 staining (purple) of the CA2 region. Note the overlap between RGS14ï¿½positive CA2 dendrites and putative MECII fibers, but not with MECIII fibers.","Fig. S13",NULL,NULL,NULL,NULL,24336151,0,"MECIII?CA1;MECII?DG/CA2/CA3",NULL,"3100413.png",NULL
3100413,6082,NULL,1005,NULL,"<b>Mutually exclusive corticoï¿½hippocampal circuits: ECIII?CA1 and ECII?DG/CA2/CA3.</b><br><b>a,</b> Diagram depicting pOxr1ï¿½Cre mouse injected with two viruses: Creï¿½dependent AAV9ï¿½EF1?ï¿½DIOï¿½ChR2ï¿½YFP and nonï¿½Creï¿½dependent AAV8ï¿½CMVï¿½Synaptophysinï¿½mCherry.<br><b>b,</b> Schematic of double virus injection from (a) and expression patterns in the entorhinal cortex (EC) as well as the projection patterns into the hippocampus.<br><b>c,</b> Sagittal EC section of injection area showing mCherry and YFP expression. Insets from the dottedï¿½line box: mCherry labeling in MECII and in MECIII (II, III) and YFP only labeling MECIII and not MECII or any other cell type (I, III). Fibers in MECI are pyramidal MECIII dendrites.<br><b>d,</b> Sagittal section showing MECIII fiber projection (YFP, green) into the SLM region of the CA1 area.<br><b>e,</b> Same section showing MECIII and MECII synaptophysinï¿½labeled terminals (red).<br><b>f,</b> Overlay of (d) and (e). Note the yellow signal in CA1ï¿½SLM indicating coï¿½expression of MECIIIï¿½specific YFP and mCherry signals, as well as the lack of YFP in the Uï¿½turn indicating MECII exclusive projection. Bottom: enlarged confocal images from the dotted lineï¿½box showing RGS14 staining (purple) of the CA2 region. Note the overlap between RGS14ï¿½positive CA2 dendrites and putative MECII fibers, but not with MECIII fibers.","Fig. S13",NULL,NULL,NULL,NULL,24336151,0,"MECIII?CA1;MECII?DG/CA2/CA3",NULL,"3100413.png",NULL
3100413,6082,NULL,1008,NULL,"<b>Mutually exclusive corticoï¿½hippocampal circuits: ECIII?CA1 and ECII?DG/CA2/CA3.</b><br><b>a,</b> Diagram depicting pOxr1ï¿½Cre mouse injected with two viruses: Creï¿½dependent AAV9ï¿½EF1?ï¿½DIOï¿½ChR2ï¿½YFP and nonï¿½Creï¿½dependent AAV8ï¿½CMVï¿½Synaptophysinï¿½mCherry.<br><b>b,</b> Schematic of double virus injection from (a) and expression patterns in the entorhinal cortex (EC) as well as the projection patterns into the hippocampus.<br><b>c,</b> Sagittal EC section of injection area showing mCherry and YFP expression. Insets from the dottedï¿½line box: mCherry labeling in MECII and in MECIII (II, III) and YFP only labeling MECIII and not MECII or any other cell type (I, III). Fibers in MECI are pyramidal MECIII dendrites.<br><b>d,</b> Sagittal section showing MECIII fiber projection (YFP, green) into the SLM region of the CA1 area.<br><b>e,</b> Same section showing MECIII and MECII synaptophysinï¿½labeled terminals (red).<br><b>f,</b> Overlay of (d) and (e). Note the yellow signal in CA1ï¿½SLM indicating coï¿½expression of MECIIIï¿½specific YFP and mCherry signals, as well as the lack of YFP in the Uï¿½turn indicating MECII exclusive projection. Bottom: enlarged confocal images from the dotted lineï¿½box showing RGS14 staining (purple) of the CA2 region. Note the overlap between RGS14ï¿½positive CA2 dendrites and putative MECII fibers, but not with MECIII fibers.","Fig. S13",NULL,NULL,NULL,NULL,24336151,0,"MECIII?CA1;MECII?DG/CA2/CA3",NULL,"3100413.png",NULL
3100413,6082,NULL,1007,NULL,"<b>Mutually exclusive corticoï¿½hippocampal circuits: ECIII?CA1 and ECII?DG/CA2/CA3.</b><br><b>a,</b> Diagram depicting pOxr1ï¿½Cre mouse injected with two viruses: Creï¿½dependent AAV9ï¿½EF1?ï¿½DIOï¿½ChR2ï¿½YFP and nonï¿½Creï¿½dependent AAV8ï¿½CMVï¿½Synaptophysinï¿½mCherry.<br><b>b,</b> Schematic of double virus injection from (a) and expression patterns in the entorhinal cortex (EC) as well as the projection patterns into the hippocampus.<br><b>c,</b> Sagittal EC section of injection area showing mCherry and YFP expression. Insets from the dottedï¿½line box: mCherry labeling in MECII and in MECIII (II, III) and YFP only labeling MECIII and not MECII or any other cell type (I, III). Fibers in MECI are pyramidal MECIII dendrites.<br><b>d,</b> Sagittal section showing MECIII fiber projection (YFP, green) into the SLM region of the CA1 area.<br><b>e,</b> Same section showing MECIII and MECII synaptophysinï¿½labeled terminals (red).<br><b>f,</b> Overlay of (d) and (e). Note the yellow signal in CA1ï¿½SLM indicating coï¿½expression of MECIIIï¿½specific YFP and mCherry signals, as well as the lack of YFP in the Uï¿½turn indicating MECII exclusive projection. Bottom: enlarged confocal images from the dotted lineï¿½box showing RGS14 staining (purple) of the CA2 region. Note the overlap between RGS14ï¿½positive CA2 dendrites and putative MECII fibers, but not with MECIII fibers.","Fig. S13",NULL,NULL,NULL,NULL,24336151,0,"MECIII?CA1;MECII?DG/CA2/CA3",NULL,"3100413.png",NULL
3100413,6082,NULL,1006,NULL,"<b>Mutually exclusive corticoï¿½hippocampal circuits: ECIII?CA1 and ECII?DG/CA2/CA3.</b><br><b>a,</b> Diagram depicting pOxr1ï¿½Cre mouse injected with two viruses: Creï¿½dependent AAV9ï¿½EF1?ï¿½DIOï¿½ChR2ï¿½YFP and nonï¿½Creï¿½dependent AAV8ï¿½CMVï¿½Synaptophysinï¿½mCherry.<br><b>b,</b> Schematic of double virus injection from (a) and expression patterns in the entorhinal cortex (EC) as well as the projection patterns into the hippocampus.<br><b>c,</b> Sagittal EC section of injection area showing mCherry and YFP expression. Insets from the dottedï¿½line box: mCherry labeling in MECII and in MECIII (II, III) and YFP only labeling MECIII and not MECII or any other cell type (I, III). Fibers in MECI are pyramidal MECIII dendrites.<br><b>d,</b> Sagittal section showing MECIII fiber projection (YFP, green) into the SLM region of the CA1 area.<br><b>e,</b> Same section showing MECIII and MECII synaptophysinï¿½labeled terminals (red).<br><b>f,</b> Overlay of (d) and (e). Note the yellow signal in CA1ï¿½SLM indicating coï¿½expression of MECIIIï¿½specific YFP and mCherry signals, as well as the lack of YFP in the Uï¿½turn indicating MECII exclusive projection. Bottom: enlarged confocal images from the dotted lineï¿½box showing RGS14 staining (purple) of the CA2 region. Note the overlap between RGS14ï¿½positive CA2 dendrites and putative MECII fibers, but not with MECIII fibers.","Fig. S13",NULL,NULL,NULL,NULL,24336151,0,"MECIII?CA1;MECII?DG/CA2/CA3",NULL,"3100413.png",NULL
3100413,6082,NULL,1004,NULL,"<b>Mutually exclusive corticoï¿½hippocampal circuits: ECIII?CA1 and ECII?DG/CA2/CA3.</b><br><b>a,</b> Diagram depicting pOxr1ï¿½Cre mouse injected with two viruses: Creï¿½dependent AAV9ï¿½EF1?ï¿½DIOï¿½ChR2ï¿½YFP and nonï¿½Creï¿½dependent AAV8ï¿½CMVï¿½Synaptophysinï¿½mCherry.<br><b>b,</b> Schematic of double virus injection from (a) and expression patterns in the entorhinal cortex (EC) as well as the projection patterns into the hippocampus.<br><b>c,</b> Sagittal EC section of injection area showing mCherry and YFP expression. Insets from the dottedï¿½line box: mCherry labeling in MECII and in MECIII (II, III) and YFP only labeling MECIII and not MECII or any other cell type (I, III). Fibers in MECI are pyramidal MECIII dendrites.<br><b>d,</b> Sagittal section showing MECIII fiber projection (YFP, green) into the SLM region of the CA1 area.<br><b>e,</b> Same section showing MECIII and MECII synaptophysinï¿½labeled terminals (red).<br><b>f,</b> Overlay of (d) and (e). Note the yellow signal in CA1ï¿½SLM indicating coï¿½expression of MECIIIï¿½specific YFP and mCherry signals, as well as the lack of YFP in the Uï¿½turn indicating MECII exclusive projection. Bottom: enlarged confocal images from the dotted lineï¿½box showing RGS14 staining (purple) of the CA2 region. Note the overlap between RGS14ï¿½positive CA2 dendrites and putative MECII fibers, but not with MECIII fibers.","Fig. S13",NULL,NULL,NULL,NULL,24336151,0,"MECIII?CA1;MECII?DG/CA2/CA3",NULL,"3100413.png",NULL
3100413,6003,NULL,3000,NULL,"<b>Mutually exclusive corticoï¿½hippocampal circuits: ECIII?CA1 and ECII?DG/CA2/CA3.</b><br><b>a,</b> Diagram depicting pOxr1ï¿½Cre mouse injected with two viruses: Creï¿½dependent AAV9ï¿½EF1?ï¿½DIOï¿½ChR2ï¿½YFP and nonï¿½Creï¿½dependent AAV8ï¿½CMVï¿½Synaptophysinï¿½mCherry.<br><b>b,</b> Schematic of double virus injection from (a) and expression patterns in the entorhinal cortex (EC) as well as the projection patterns into the hippocampus.<br><b>c,</b> Sagittal EC section of injection area showing mCherry and YFP expression. Insets from the dottedï¿½line box: mCherry labeling in MECII and in MECIII (II, III) and YFP only labeling MECIII and not MECII or any other cell type (I, III). Fibers in MECI are pyramidal MECIII dendrites.<br><b>d,</b> Sagittal section showing MECIII fiber projection (YFP, green) into the SLM region of the CA1 area.<br><b>e,</b> Same section showing MECIII and MECII synaptophysinï¿½labeled terminals (red).<br><b>f,</b> Overlay of (d) and (e). Note the yellow signal in CA1ï¿½SLM indicating coï¿½expression of MECIIIï¿½specific YFP and mCherry signals, as well as the lack of YFP in the Uï¿½turn indicating MECII exclusive projection. Bottom: enlarged confocal images from the dotted lineï¿½box showing RGS14 staining (purple) of the CA2 region. Note the overlap between RGS14ï¿½positive CA2 dendrites and putative MECII fibers, but not with MECIII fibers.","Fig. S13",NULL,NULL,NULL,NULL,24336151,0,"MECIII?CA1;MECII?DG/CA2/CA3",NULL,"3100413.png",NULL
3100413,6003,NULL,3006,NULL,"<b>Mutually exclusive corticoï¿½hippocampal circuits: ECIII?CA1 and ECII?DG/CA2/CA3.</b><br><b>a,</b> Diagram depicting pOxr1ï¿½Cre mouse injected with two viruses: Creï¿½dependent AAV9ï¿½EF1?ï¿½DIOï¿½ChR2ï¿½YFP and nonï¿½Creï¿½dependent AAV8ï¿½CMVï¿½Synaptophysinï¿½mCherry.<br><b>b,</b> Schematic of double virus injection from (a) and expression patterns in the entorhinal cortex (EC) as well as the projection patterns into the hippocampus.<br><b>c,</b> Sagittal EC section of injection area showing mCherry and YFP expression. Insets from the dottedï¿½line box: mCherry labeling in MECII and in MECIII (II, III) and YFP only labeling MECIII and not MECII or any other cell type (I, III). Fibers in MECI are pyramidal MECIII dendrites.<br><b>d,</b> Sagittal section showing MECIII fiber projection (YFP, green) into the SLM region of the CA1 area.<br><b>e,</b> Same section showing MECIII and MECII synaptophysinï¿½labeled terminals (red).<br><b>f,</b> Overlay of (d) and (e). Note the yellow signal in CA1ï¿½SLM indicating coï¿½expression of MECIIIï¿½specific YFP and mCherry signals, as well as the lack of YFP in the Uï¿½turn indicating MECII exclusive projection. Bottom: enlarged confocal images from the dotted lineï¿½box showing RGS14 staining (purple) of the CA2 region. Note the overlap between RGS14ï¿½positive CA2 dendrites and putative MECII fibers, but not with MECIII fibers.","Fig. S13",NULL,NULL,NULL,NULL,24336151,0,"MECIII?CA1;MECII?DG/CA2/CA3",NULL,"3100413.png",NULL
3100413,6003,NULL,3007,NULL,"<b>Mutually exclusive corticoï¿½hippocampal circuits: ECIII?CA1 and ECII?DG/CA2/CA3.</b><br><b>a,</b> Diagram depicting pOxr1ï¿½Cre mouse injected with two viruses: Creï¿½dependent AAV9ï¿½EF1?ï¿½DIOï¿½ChR2ï¿½YFP and nonï¿½Creï¿½dependent AAV8ï¿½CMVï¿½Synaptophysinï¿½mCherry.<br><b>b,</b> Schematic of double virus injection from (a) and expression patterns in the entorhinal cortex (EC) as well as the projection patterns into the hippocampus.<br><b>c,</b> Sagittal EC section of injection area showing mCherry and YFP expression. Insets from the dottedï¿½line box: mCherry labeling in MECII and in MECIII (II, III) and YFP only labeling MECIII and not MECII or any other cell type (I, III). Fibers in MECI are pyramidal MECIII dendrites.<br><b>d,</b> Sagittal section showing MECIII fiber projection (YFP, green) into the SLM region of the CA1 area.<br><b>e,</b> Same section showing MECIII and MECII synaptophysinï¿½labeled terminals (red).<br><b>f,</b> Overlay of (d) and (e). Note the yellow signal in CA1ï¿½SLM indicating coï¿½expression of MECIIIï¿½specific YFP and mCherry signals, as well as the lack of YFP in the Uï¿½turn indicating MECII exclusive projection. Bottom: enlarged confocal images from the dotted lineï¿½box showing RGS14 staining (purple) of the CA2 region. Note the overlap between RGS14ï¿½positive CA2 dendrites and putative MECII fibers, but not with MECIII fibers.","Fig. S13",NULL,NULL,NULL,NULL,24336151,0,"MECIII?CA1;MECII?DG/CA2/CA3",NULL,"3100413.png",NULL
3100413,6003,NULL,2000,NULL,"<b>Mutually exclusive corticoï¿½hippocampal circuits: ECIII?CA1 and ECII?DG/CA2/CA3.</b><br><b>a,</b> Diagram depicting pOxr1ï¿½Cre mouse injected with two viruses: Creï¿½dependent AAV9ï¿½EF1?ï¿½DIOï¿½ChR2ï¿½YFP and nonï¿½Creï¿½dependent AAV8ï¿½CMVï¿½Synaptophysinï¿½mCherry.<br><b>b,</b> Schematic of double virus injection from (a) and expression patterns in the entorhinal cortex (EC) as well as the projection patterns into the hippocampus.<br><b>c,</b> Sagittal EC section of injection area showing mCherry and YFP expression. Insets from the dottedï¿½line box: mCherry labeling in MECII and in MECIII (II, III) and YFP only labeling MECIII and not MECII or any other cell type (I, III). Fibers in MECI are pyramidal MECIII dendrites.<br><b>d,</b> Sagittal section showing MECIII fiber projection (YFP, green) into the SLM region of the CA1 area.<br><b>e,</b> Same section showing MECIII and MECII synaptophysinï¿½labeled terminals (red).<br><b>f,</b> Overlay of (d) and (e). Note the yellow signal in CA1ï¿½SLM indicating coï¿½expression of MECIIIï¿½specific YFP and mCherry signals, as well as the lack of YFP in the Uï¿½turn indicating MECII exclusive projection. Bottom: enlarged confocal images from the dotted lineï¿½box showing RGS14 staining (purple) of the CA2 region. Note the overlap between RGS14ï¿½positive CA2 dendrites and putative MECII fibers, but not with MECIII fibers.","Fig. S13",NULL,NULL,NULL,NULL,24336151,0,"MECIII?CA1;MECII?DG/CA2/CA3",NULL,"3100413.png",NULL
3100413,6003,NULL,2003,NULL,"<b>Mutually exclusive corticoï¿½hippocampal circuits: ECIII?CA1 and ECII?DG/CA2/CA3.</b><br><b>a,</b> Diagram depicting pOxr1ï¿½Cre mouse injected with two viruses: Creï¿½dependent AAV9ï¿½EF1?ï¿½DIOï¿½ChR2ï¿½YFP and nonï¿½Creï¿½dependent AAV8ï¿½CMVï¿½Synaptophysinï¿½mCherry.<br><b>b,</b> Schematic of double virus injection from (a) and expression patterns in the entorhinal cortex (EC) as well as the projection patterns into the hippocampus.<br><b>c,</b> Sagittal EC section of injection area showing mCherry and YFP expression. Insets from the dottedï¿½line box: mCherry labeling in MECII and in MECIII (II, III) and YFP only labeling MECIII and not MECII or any other cell type (I, III). Fibers in MECI are pyramidal MECIII dendrites.<br><b>d,</b> Sagittal section showing MECIII fiber projection (YFP, green) into the SLM region of the CA1 area.<br><b>e,</b> Same section showing MECIII and MECII synaptophysinï¿½labeled terminals (red).<br><b>f,</b> Overlay of (d) and (e). Note the yellow signal in CA1ï¿½SLM indicating coï¿½expression of MECIIIï¿½specific YFP and mCherry signals, as well as the lack of YFP in the Uï¿½turn indicating MECII exclusive projection. Bottom: enlarged confocal images from the dotted lineï¿½box showing RGS14 staining (purple) of the CA2 region. Note the overlap between RGS14ï¿½positive CA2 dendrites and putative MECII fibers, but not with MECIII fibers.","Fig. S13",NULL,NULL,NULL,NULL,24336151,0,"MECIII?CA1;MECII?DG/CA2/CA3",NULL,"3100413.png",NULL
3100413,6003,NULL,2001,NULL,"<b>Mutually exclusive corticoï¿½hippocampal circuits: ECIII?CA1 and ECII?DG/CA2/CA3.</b><br><b>a,</b> Diagram depicting pOxr1ï¿½Cre mouse injected with two viruses: Creï¿½dependent AAV9ï¿½EF1?ï¿½DIOï¿½ChR2ï¿½YFP and nonï¿½Creï¿½dependent AAV8ï¿½CMVï¿½Synaptophysinï¿½mCherry.<br><b>b,</b> Schematic of double virus injection from (a) and expression patterns in the entorhinal cortex (EC) as well as the projection patterns into the hippocampus.<br><b>c,</b> Sagittal EC section of injection area showing mCherry and YFP expression. Insets from the dottedï¿½line box: mCherry labeling in MECII and in MECIII (II, III) and YFP only labeling MECIII and not MECII or any other cell type (I, III). Fibers in MECI are pyramidal MECIII dendrites.<br><b>d,</b> Sagittal section showing MECIII fiber projection (YFP, green) into the SLM region of the CA1 area.<br><b>e,</b> Same section showing MECIII and MECII synaptophysinï¿½labeled terminals (red).<br><b>f,</b> Overlay of (d) and (e). Note the yellow signal in CA1ï¿½SLM indicating coï¿½expression of MECIIIï¿½specific YFP and mCherry signals, as well as the lack of YFP in the Uï¿½turn indicating MECII exclusive projection. Bottom: enlarged confocal images from the dotted lineï¿½box showing RGS14 staining (purple) of the CA2 region. Note the overlap between RGS14ï¿½positive CA2 dendrites and putative MECII fibers, but not with MECIII fibers.","Fig. S13",NULL,NULL,NULL,NULL,24336151,0,"MECIII?CA1;MECII?DG/CA2/CA3",NULL,"3100413.png",NULL
3100413,6003,NULL,2028,NULL,"<b>Mutually exclusive corticoï¿½hippocampal circuits: ECIII?CA1 and ECII?DG/CA2/CA3.</b><br><b>a,</b> Diagram depicting pOxr1ï¿½Cre mouse injected with two viruses: Creï¿½dependent AAV9ï¿½EF1?ï¿½DIOï¿½ChR2ï¿½YFP and nonï¿½Creï¿½dependent AAV8ï¿½CMVï¿½Synaptophysinï¿½mCherry.<br><b>b,</b> Schematic of double virus injection from (a) and expression patterns in the entorhinal cortex (EC) as well as the projection patterns into the hippocampus.<br><b>c,</b> Sagittal EC section of injection area showing mCherry and YFP expression. Insets from the dottedï¿½line box: mCherry labeling in MECII and in MECIII (II, III) and YFP only labeling MECIII and not MECII or any other cell type (I, III). Fibers in MECI are pyramidal MECIII dendrites.<br><b>d,</b> Sagittal section showing MECIII fiber projection (YFP, green) into the SLM region of the CA1 area.<br><b>e,</b> Same section showing MECIII and MECII synaptophysinï¿½labeled terminals (red).<br><b>f,</b> Overlay of (d) and (e). Note the yellow signal in CA1ï¿½SLM indicating coï¿½expression of MECIIIï¿½specific YFP and mCherry signals, as well as the lack of YFP in the Uï¿½turn indicating MECII exclusive projection. Bottom: enlarged confocal images from the dotted lineï¿½box showing RGS14 staining (purple) of the CA2 region. Note the overlap between RGS14ï¿½positive CA2 dendrites and putative MECII fibers, but not with MECIII fibers.","Fig. S13",NULL,NULL,NULL,NULL,24336151,0,"MECIII?CA1;MECII?DG/CA2/CA3",NULL,"3100413.png",NULL
3100413,6003,NULL,2043,NULL,"<b>Mutually exclusive corticoï¿½hippocampal circuits: ECIII?CA1 and ECII?DG/CA2/CA3.</b><br><b>a,</b> Diagram depicting pOxr1ï¿½Cre mouse injected with two viruses: Creï¿½dependent AAV9ï¿½EF1?ï¿½DIOï¿½ChR2ï¿½YFP and nonï¿½Creï¿½dependent AAV8ï¿½CMVï¿½Synaptophysinï¿½mCherry.<br><b>b,</b> Schematic of double virus injection from (a) and expression patterns in the entorhinal cortex (EC) as well as the projection patterns into the hippocampus.<br><b>c,</b> Sagittal EC section of injection area showing mCherry and YFP expression. Insets from the dottedï¿½line box: mCherry labeling in MECII and in MECIII (II, III) and YFP only labeling MECIII and not MECII or any other cell type (I, III). Fibers in MECI are pyramidal MECIII dendrites.<br><b>d,</b> Sagittal section showing MECIII fiber projection (YFP, green) into the SLM region of the CA1 area.<br><b>e,</b> Same section showing MECIII and MECII synaptophysinï¿½labeled terminals (red).<br><b>f,</b> Overlay of (d) and (e). Note the yellow signal in CA1ï¿½SLM indicating coï¿½expression of MECIIIï¿½specific YFP and mCherry signals, as well as the lack of YFP in the Uï¿½turn indicating MECII exclusive projection. Bottom: enlarged confocal images from the dotted lineï¿½box showing RGS14 staining (purple) of the CA2 region. Note the overlap between RGS14ï¿½positive CA2 dendrites and putative MECII fibers, but not with MECIII fibers.","Fig. S13",NULL,NULL,NULL,NULL,24336151,0,"MECIII?CA1;MECII?DG/CA2/CA3",NULL,"3100413.png",NULL
3100413,6003,NULL,2044,NULL,"<b>Mutually exclusive corticoï¿½hippocampal circuits: ECIII?CA1 and ECII?DG/CA2/CA3.</b><br><b>a,</b> Diagram depicting pOxr1ï¿½Cre mouse injected with two viruses: Creï¿½dependent AAV9ï¿½EF1?ï¿½DIOï¿½ChR2ï¿½YFP and nonï¿½Creï¿½dependent AAV8ï¿½CMVï¿½Synaptophysinï¿½mCherry.<br><b>b,</b> Schematic of double virus injection from (a) and expression patterns in the entorhinal cortex (EC) as well as the projection patterns into the hippocampus.<br><b>c,</b> Sagittal EC section of injection area showing mCherry and YFP expression. Insets from the dottedï¿½line box: mCherry labeling in MECII and in MECIII (II, III) and YFP only labeling MECIII and not MECII or any other cell type (I, III). Fibers in MECI are pyramidal MECIII dendrites.<br><b>d,</b> Sagittal section showing MECIII fiber projection (YFP, green) into the SLM region of the CA1 area.<br><b>e,</b> Same section showing MECIII and MECII synaptophysinï¿½labeled terminals (red).<br><b>f,</b> Overlay of (d) and (e). Note the yellow signal in CA1ï¿½SLM indicating coï¿½expression of MECIIIï¿½specific YFP and mCherry signals, as well as the lack of YFP in the Uï¿½turn indicating MECII exclusive projection. Bottom: enlarged confocal images from the dotted lineï¿½box showing RGS14 staining (purple) of the CA2 region. Note the overlap between RGS14ï¿½positive CA2 dendrites and putative MECII fibers, but not with MECIII fibers.","Fig. S13",NULL,NULL,NULL,NULL,24336151,0,"MECIII?CA1;MECII?DG/CA2/CA3",NULL,"3100413.png",NULL
3100413,6003,NULL,2005,NULL,"<b>Mutually exclusive corticoï¿½hippocampal circuits: ECIII?CA1 and ECII?DG/CA2/CA3.</b><br><b>a,</b> Diagram depicting pOxr1ï¿½Cre mouse injected with two viruses: Creï¿½dependent AAV9ï¿½EF1?ï¿½DIOï¿½ChR2ï¿½YFP and nonï¿½Creï¿½dependent AAV8ï¿½CMVï¿½Synaptophysinï¿½mCherry.<br><b>b,</b> Schematic of double virus injection from (a) and expression patterns in the entorhinal cortex (EC) as well as the projection patterns into the hippocampus.<br><b>c,</b> Sagittal EC section of injection area showing mCherry and YFP expression. Insets from the dottedï¿½line box: mCherry labeling in MECII and in MECIII (II, III) and YFP only labeling MECIII and not MECII or any other cell type (I, III). Fibers in MECI are pyramidal MECIII dendrites.<br><b>d,</b> Sagittal section showing MECIII fiber projection (YFP, green) into the SLM region of the CA1 area.<br><b>e,</b> Same section showing MECIII and MECII synaptophysinï¿½labeled terminals (red).<br><b>f,</b> Overlay of (d) and (e). Note the yellow signal in CA1ï¿½SLM indicating coï¿½expression of MECIIIï¿½specific YFP and mCherry signals, as well as the lack of YFP in the Uï¿½turn indicating MECII exclusive projection. Bottom: enlarged confocal images from the dotted lineï¿½box showing RGS14 staining (purple) of the CA2 region. Note the overlap between RGS14ï¿½positive CA2 dendrites and putative MECII fibers, but not with MECIII fibers.","Fig. S13",NULL,NULL,NULL,NULL,24336151,0,"MECIII?CA1;MECII?DG/CA2/CA3",NULL,"3100413.png",NULL
3100414,NULL,NULL,NULL,NULL,"<b>Wholeï¿½brain mapping of direct inputs to hippocampal CA2 pyramidal cells using the rabies virusï¿½based monosynaptic tracing.</b><br><b>a,</b> Diagram depicting CA2ï¿½specific MAP3K15ï¿½Cre mouse injected with two viruses: Creï¿½dependent rabies helper AAV, followed 7 days later by mCherryï¿½expressing rabies virus (RV).<br><b>bï¿½d,</b> Colocalization of RGS14 with EGFP from a MAP3K15ï¿½Cre mouse infected with AAVrh8ï¿½FLEXï¿½TVAï¿½EGFPï¿½RG19.<br><b>(b)</b> EGFP signal (green) 14 days after infection.<br><b>(c)</b> RGS14 staining (red) on same section as (b).<br><b>(d)</b> Overlap of (b) and (c). 95.1% of EGFPï¿½positive cells were also RGS14ï¿½positive (369 of 388 EGFPï¿½positive neurons were RGS14ï¿½positive in 8 sections from 4 animals).<br><b>eï¿½n,</b> Sections stained with Nissl (blue) and imaged for mCherryï¿½positive cells and EGFPï¿½positive cells.<br><b>eï¿½g,</b> Sagittal section from the ipsilateral hippocampus shown in Fig. 7c displaying mCherryï¿½only positive cells in CA2 (e), CA3 (f), and DG (g).<br><b>hï¿½k,</b> Neurons presynaptic to CA2, as labeled by mCherryï¿½only signal, in the CA2 and CA3 of the contralateral hippocampus (h), medial septum (MS) (i), supramammillary nucleus (SUM) (j), and median raphe nucleus (MRN) (k) from the mouse shown in Fig. 7c.<br><b>lï¿½n,</b> We observed no mCherryï¿½positive cells in the nucleus reuniens, in the paraventricular nucleus of the hypothalamus, or in the contralateral entorhinal cortex.<br><b>(l)</b> Parasagittal midline section showing lack of mCherry signal in the nucleus reuniens. Inset from dotted lineï¿½box shows the outlined nucleus reuniens (scale bar is 500 ï¿½m).<br><b>(m)</b> Coronal section showing lack of mCherry signal in the paraventricular nucleus of the hypothalamus.<br><b>(n)</b> Horizontal section of contralateral dorsal entorhinal cortex (red arrowhead). No mCherry signal was detected in any of the contralateral EC sections analyzed.<br><b>o,</b> Presynaptic wiring diagram for CA2 pyramidal cells.<br><b>p,</b> Presynaptic wiring diagram for CA2 pyramidal cells showing contralateral hippocampal, ipsilateral entorhinal and subcortical afferents. MS: medial septum, SUM: supramammillary nucleus, MRN: median raphe nucleus.","Fig. S14",NULL,NULL,NULL,NULL,24336151,0,"(CA3;medial septum;supramammillary nucleus;median raphe nucleus)?CA2",NULL,"3100414.png",NULL
3100415,NULL,NULL,NULL,NULL,"<b>Infection of AAVrh8ï¿½FLEXï¿½TVAï¿½EGFPï¿½RG19 and RV?Gï¿½mCherry(EnvA) into wild type mice revealed no mCherry signal outside of the injection area.</b><br><b>aï¿½d,</b> Whole brain sagittal sections centered on: <b>(a)</b> ipsilateral section showing hippocampus from the same position as Fig. 7c, <b>(b)</b> ipsilateral entorhinal cortex, <b>(c)</b> midline subcortical structures, and <b>(d)</b> contralateral side containing the hippocampus.<br><b>eï¿½i,</b> Inset magnification from the dotted lineï¿½boxes in (aï¿½d).<br><b>(e)</b> Ipsilateral hippocampus, <b>(f) </b> ipsilateral entorhinal cortex, <b>(g)</b> supramammillary nucleus (SUM), <b>(h)</b> medial septum, and <b>(i)</b> contralateral hippocampus. No EGFP or mCherry signal was detected in any of these regions.","Fig. S15",NULL,NULL,NULL,NULL,24336151,0,"no starter cells outside of the CA2 area",NULL,"3100415.png",NULL
3100416,1000,NULL,3000,NULL,"<b>Confocal microscopy analysis of synaptic connections between mossy fibers and CA2 pyramidal cells.</b><br><b>a,</b> Representative image showing GFP labeled CA2 pyramidal cells (green) in CA2ï¿½specific Cre knockï¿½in mouse (top). <b>Bottom:</b> same sections stained for ZnT3 (red), a presynaptic marker of mossy fibers.<br><b>b,</b> GFPï¿½positive CA2 pyramidal cell dendrites (light blue) in the stratum lucidum are surrounded by ZnT3ï¿½positive clusters (red).<br><b>c,</b> ZnT3 colocalizes with VGluT1.<br><b>d,</b> GFPï¿½positive CA2 pyramidal cell dendrites (blue) are surrounded by ZnT3ï¿½VGluT1 doubleï¿½positive clusters. Dotted lineï¿½boxes in panel b, c and d, are respectively magnified in panel e and f.<br><b>e,</b> Magnification from the dotted lineï¿½box (e) showing a GFPï¿½positive CA2 dendrite in the stratum lucidum. The dendrite has simple spines (white arrowheads) surrounded by ZnT3ï¿½VGluT1 doubleï¿½positive clusters.<br><b>f,</b> Magnification from the dotted lineï¿½box (f) showing a GFPï¿½positive CA2 dendrite in the stratum lucidum. The dendritic shaft (green arrowheads) is surrounded by ZnT3ï¿½VGluT1 doubleï¿½positive clusters.","Fig. S18",NULL,NULL,NULL,NULL,24336151,0,"ZnT3+ DG Granule?CA2 Pyramidal",NULL,"3100416.png",NULL
3100417,1000,NULL,3000,NULL,"<b>Dentate mossy fibers innervate CA2 pyramidal cells.</b><br>Using immunohistochemistry and viral tracing, we examined whether the newly defined CA2 pyramidal cells lacked mossy fiber innervation, another classical criterion of CA2 cells<sup>8, 9</sup>. To our surprise, we found that calbindinï¿½positive mossy fibersï¿½? projected extensively to PCP4ï¿½positive CA2 neurons in the stratum lucidum (the percentage of PCP4ï¿½positive cells overlapping with mossy fibers was 82.2ï¿½1.1%, that of cells not overlapping with mossy fibers was 17.8ï¿½1.1%, n=5 mice; Fig. 2a, b and Supplementary Figs. 5 and 6). Next, we examined the distribution of ZnT3 (ref. 25), a presynaptic vesicle marker of mossy fibers, and VGluT1, a glutamatergic presynaptic vesicle marker, in the stratum lucidum of CA2. We found that ZnT3 and VGluT1 doubleï¿½positive presynaptic clusters were located on RGS14ï¿½positive dendrites (Fig. 2c, d). Furthermore, we found that ZnT3 clusters overlapped with a postsynaptic marker, PSD95, on RGS14ï¿½positive dendrites (Fig. 2eï¿½h). These data suggest that, contrary to the classical definition<sup>8, 9</sup>, mossy fibers form synaptic contacts with CA2 pyramidal neurons. We examined the morphology of mossy fiber terminals by infecting dentate gyrus with HSV miniï¿½Enk promoterï¿½ChETAï¿½yellow fluorescent protein (YFP) (Fig. 2i) and found that CA2 received small mossy fiber boutons in contrast to the giant mossy fiber boutons received by CA3? (average bouton diameters: CA2, 0.97ï¿½0.05 ï¿½m, n=60 boutons; CA3, 2.11ï¿½0.1 ï¿½m, n=43 boutons; from n=5 mice, Kolmogorov Smirnov P<0.001; Fig. 2jï¿½l).<br>","p270-1",NULL,NULL,NULL,NULL,24336151,0,"ZnT3+ CB+ Mossy Fiber?(PCP4+ CA2 Neuron;CA3 Pyramidal)",NULL,NULL,NULL
3100417,1000,NULL,2000,NULL,"<b>Dentate mossy fibers innervate CA2 pyramidal cells.</b><br>Using immunohistochemistry and viral tracing, we examined whether the newly defined CA2 pyramidal cells lacked mossy fiber innervation, another classical criterion of CA2 cells<sup>8, 9</sup>. To our surprise, we found that calbindinï¿½positive mossy fibersï¿½? projected extensively to PCP4ï¿½positive CA2 neurons in the stratum lucidum (the percentage of PCP4ï¿½positive cells overlapping with mossy fibers was 82.2ï¿½1.1%, that of cells not overlapping with mossy fibers was 17.8ï¿½1.1%, n=5 mice; Fig. 2a, b and Supplementary Figs. 5 and 6). Next, we examined the distribution of ZnT3 (ref. 25), a presynaptic vesicle marker of mossy fibers, and VGluT1, a glutamatergic presynaptic vesicle marker, in the stratum lucidum of CA2. We found that ZnT3 and VGluT1 doubleï¿½positive presynaptic clusters were located on RGS14ï¿½positive dendrites (Fig. 2c, d). Furthermore, we found that ZnT3 clusters overlapped with a postsynaptic marker, PSD95, on RGS14ï¿½positive dendrites (Fig. 2eï¿½h). These data suggest that, contrary to the classical definition<sup>8, 9</sup>, mossy fibers form synaptic contacts with CA2 pyramidal neurons. We examined the morphology of mossy fiber terminals by infecting dentate gyrus with HSV miniï¿½Enk promoterï¿½ChETAï¿½yellow fluorescent protein (YFP) (Fig. 2i) and found that CA2 received small mossy fiber boutons in contrast to the giant mossy fiber boutons received by CA3? (average bouton diameters: CA2, 0.97ï¿½0.05 ï¿½m, n=60 boutons; CA3, 2.11ï¿½0.1 ï¿½m, n=43 boutons; from n=5 mice, Kolmogorov Smirnov P<0.001; Fig. 2jï¿½l).<br>","p270-1",NULL,NULL,NULL,NULL,24336151,0,"ZnT3+ CB+ Mossy Fiber?(PCP4+ CA2 Neuron;CA3 Pyramidal)",NULL,NULL,NULL
3100418,2000,NULL,2000,NULL,"<b>Macroconnectivity in the CA3 network.</b><br>Our results suggested that connectivity in the CA3 cell network was sparse, with a mean connection probability of 0.92%. Both experimental data and simulations using fully reconstructed CA3 neurons labeled in vivo indicated that connectivity was only moderately dependent on slice orientation (materials and methods; fig. S3). However, connectivity may decline with distance (17). Furthermore, connectivity might be nonrandom, with ensembles of highly connected cells embedded in a sparsely connected population (18, 19). To test these hypotheses, we first examined whether the connection probability was dependent on intersomatic distance (Fig. 2A). The average connection probability did not significantly change with distance, for intersomatic distances of up to 400 ï¿½m (Fig. 2A). Furthermore, both EPSP and EPSC peak amplitudes were not significantly dependent on distance (fig. S4, A and B).<br>Next, we examined whether synaptic connectivity was random. To test this, we counted all disynaptic connectivity motifs (reciprocal connections, convergent triples, divergent triples, and disynaptic chains) in our experimental data set and compared motif numbers to those of a simulated data set assuming random connectivity and a connection probability of 0.92% (i.e., the experimental value; Fig. 2, B and C). All disynaptic connectivity motifs occurred significantly more frequently than expected by chance. The frequency of reciprocal connections, convergent triples, divergent triples, and disynaptic chains was 6.5-, 2.9-, 6.3-, and 3.4ï¿½fold higher, respectively, than the corresponding chance level (Fig. 2C; P?0.002 in all cases). Furthermore, we found several superconnectivity motifs (7 connections in one octuple, 10 and 3 connections in two septuples, and 3 connections in two quintuples), which were highly unlikely in random networks (Fig. 2D). As connection probability was not significantly dependent on intersomatic distance (Fig. 2A), the overabundance of motifs was not an epiphenomenon of distance dependence. Thus, connectivity in the CA3 cell network was not random, but highly enriched in connectivity motifs (17ï¿½19), reminiscent of a smallï¿½world network architecture (20). Both connection probability and abundance of motifs were similar in the range of ages tested (fig. S4, C and D). Comparison of properties of connections embedded in disynaptic motifs with those of isolated connections revealed that the EPSC peak amplitude was smaller and the proportion of failures was higher for embedded connections, whereas kinetic parameters were not significantly different (fig. S4E).","p1117",NULL,NULL,NULL,NULL,27609885,0,"CA3 Pyramidal?CA3 Pyramidal",NULL,NULL,NULL
3100419,1000,NULL,3000,NULL,"<b>The longitudinal component of mossy fibers projects into CA2.</b><br>Mossy fibers are known to extend both transversally in a lamella and longitudinally in the septotemporal directionï¿½?. However, the longitudinal component has been thought to run exclusively in CA3 (refs. 9,26,27,28). To reinvestigate this issue, we visualized axonal projections from a limited population of DGGCs by injecting Creï¿½dependent tTA lentivirus and adenoï¿½associated virus (AAV9ï¿½TREï¿½ArchTï¿½GFP) into the dorsal dentate gyrus of a DGGCï¿½specific Cre transgenic mouse (Dock10ï¿½cre; Fig. 3a and Supplementary Fig. 7). We found that, although mossy fibers projected mainly in the transverse plane in CA3, they abundantly projected longitudinally in CA2 up to ?2 mm (Fig. 3bï¿½e).<br>To determine the extent and the direction of the longitudinal projection of mossy fibers in CA2, we applied the same approach, but infected only dorsal, intermediate or ventral dentate gyrus (n=3 mice per group). Mossy fibers from dorsal DGGC extended to dorsal and intermediate CA2, but not to ventral CA2 (Fig. 3f, i, l, o), mossy fibers from intermediate DGGC extended to intermediate and ventral CA2, but not to dorsal CA2 (Fig. 3g, j, m, p), and mossy fibers from ventral DGGC did not extend to dorsal or intermediate CA2 (Fig. 3h, k, n, q). These results indicate that the longitudinal component of mossy fibers projects exclusively in the septotemporal direction. Analysis of the mossy fiber terminal distribution confirmed that the septotemporal longitudinal component of mossy fibers mostly innervates the CA2 region, although a small fraction of the very distal CA3 region, adjacent to CA2, also received scattered innervations (percent of mossy fiber terminals: CA2=90%, CA3=10%, n=680 mossy fiber terminals from 6 mice, twoï¿½tailed paired tï¿½test, P<0.05).","p271",NULL,NULL,NULL,NULL,24336151,0,"Dock10+ DG Granule?(PCP4+ CA2 Neuron;CA3 Pyramidal)",NULL,NULL,NULL
3100419,1000,NULL,2000,NULL,"<b>The longitudinal component of mossy fibers projects into CA2.</b><br>Mossy fibers are known to extend both transversally in a lamella and longitudinally in the septotemporal directionï¿½?. However, the longitudinal component has been thought to run exclusively in CA3 (refs. 9,26,27,28). To reinvestigate this issue, we visualized axonal projections from a limited population of DGGCs by injecting Creï¿½dependent tTA lentivirus and adenoï¿½associated virus (AAV9ï¿½TREï¿½ArchTï¿½GFP) into the dorsal dentate gyrus of a DGGCï¿½specific Cre transgenic mouse (Dock10ï¿½cre; Fig. 3a and Supplementary Fig. 7). We found that, although mossy fibers projected mainly in the transverse plane in CA3, they abundantly projected longitudinally in CA2 up to ?2 mm (Fig. 3bï¿½e).<br>To determine the extent and the direction of the longitudinal projection of mossy fibers in CA2, we applied the same approach, but infected only dorsal, intermediate or ventral dentate gyrus (n=3 mice per group). Mossy fibers from dorsal DGGC extended to dorsal and intermediate CA2, but not to ventral CA2 (Fig. 3f, i, l, o), mossy fibers from intermediate DGGC extended to intermediate and ventral CA2, but not to dorsal CA2 (Fig. 3g, j, m, p), and mossy fibers from ventral DGGC did not extend to dorsal or intermediate CA2 (Fig. 3h, k, n, q). These results indicate that the longitudinal component of mossy fibers projects exclusively in the septotemporal direction. Analysis of the mossy fiber terminal distribution confirmed that the septotemporal longitudinal component of mossy fibers mostly innervates the CA2 region, although a small fraction of the very distal CA3 region, adjacent to CA2, also received scattered innervations (percent of mossy fiber terminals: CA2=90%, CA3=10%, n=680 mossy fiber terminals from 6 mice, twoï¿½tailed paired tï¿½test, P<0.05).","p271",NULL,NULL,NULL,NULL,24336151,0,"Dock10+ DG Granule?(PCP4+ CA2 Neuron;CA3 Pyramidal)",NULL,NULL,NULL
3100420,2000,NULL,2028,NULL,"<b>Synaptic contacts between a single pyramidal cell and the population of postsynaptic parvalbuminï¿½immunoreactive inhibitory cells.</b><br><b>a,</b> The reconstructed axonal arborization of a neurobiotinï¿½labelled CA3 pyramidal cell from the rat hippocampus in one hemisphere. The axon spread through the stratum radiatum (SR) and oriens (SO) of 43 60-ï¿½mï¿½thick sections (2.6 mm). Axons from sections 1ï¿½27 are shown.<br><b>b,</b> Even spatial distribution of pyramidal cell terminals contacting parvalbumin (PV)-positive dendrites (arrows) taken from 9 sections, <br><b>c,</b> Histogram of the number of contacts at pyramidal cell/parvalbuminï¿½positive cell junctions, <br><b>d,</b> Light micrograph of a contact between a pyramidal cell axon terminal (arrow) and parvalbuminï¿½positive inhibitory cell dendrite (arrowheads). Scale in a is 200 ï¿½m, and 10 ï¿½m in d. <br><b>METHODS.</b> Cells were filled in vivo with neurobiotin (10% in 0.5 M KCl) by pressure application<sup>17</sup> and visualized as for cells from slices. Neurons containing parvalbumin were immunostained in the same sections using the peroxidaseï¿½antiperoxidase technique and a well characterized antiserumï¿½?.","Fig. 4",NULL,NULL,NULL,NULL,8259211,0,"PV- CA3 Pyramidal?PV+ CA3:SP Interneuron",NULL,"3100420.png",NULL
3100420,2000,NULL,2043,NULL,"<b>Synaptic contacts between a single pyramidal cell and the population of postsynaptic parvalbuminï¿½immunoreactive inhibitory cells.</b><br><b>a,</b> The reconstructed axonal arborization of a neurobiotinï¿½labelled CA3 pyramidal cell from the rat hippocampus in one hemisphere. The axon spread through the stratum radiatum (SR) and oriens (SO) of 43 60-ï¿½mï¿½thick sections (2.6 mm). Axons from sections 1ï¿½27 are shown.<br><b>b,</b> Even spatial distribution of pyramidal cell terminals contacting parvalbumin (PV)-positive dendrites (arrows) taken from 9 sections, <br><b>c,</b> Histogram of the number of contacts at pyramidal cell/parvalbuminï¿½positive cell junctions, <br><b>d,</b> Light micrograph of a contact between a pyramidal cell axon terminal (arrow) and parvalbuminï¿½positive inhibitory cell dendrite (arrowheads). Scale in a is 200 ï¿½m, and 10 ï¿½m in d. <br><b>METHODS.</b> Cells were filled in vivo with neurobiotin (10% in 0.5 M KCl) by pressure application<sup>17</sup> and visualized as for cells from slices. Neurons containing parvalbumin were immunostained in the same sections using the peroxidaseï¿½antiperoxidase technique and a well characterized antiserumï¿½?.","Fig. 4",NULL,NULL,NULL,NULL,8259211,0,"PV- CA3 Pyramidal?PV+ CA3:SP Interneuron",NULL,"3100420.png",NULL
3100421,1010,NULL,1000,NULL,"<b>A and B</b>: terminal branches (4) of axoï¿½axonic cells have a distinct light microscopic appearance. They are composed of boutonï¿½studded terminal rows that run perpendicular to the boundaries of either the granule cell layer or the pyramidal cell layer. When compared with subfield CA1 (B) the arrangement of terminals in the dentate gyrus (A) are more orderly, reflecting axonal trajectories of the principal cells. Arrowheads in A: main branches of the axon.<br><b>C:</b> identified terminal of an axoï¿½axonic cell in subfield CA3, which established a symmetrical synapse (?) with an axon initial segment (ais). The latter is identified by its fine structural characteristics, such as the presence of microtubule fascicles (mf). Unlabeled terminals of similar character were also found in synaptic contact (?) with the same initial segment, indicating the convergence of several axoï¿½axonic cells on 1 common target.<br><b>D:</b> main branches of axoï¿½axonic cell axons (white asterisk) were frequently myelinated.<br><b>E and F:</b> serial sections of a synaptic bouton (*) ofthe axoï¿½axonic cell shown in C and D. The section in E was reacted to reveal yï¿½aminobutyric acid (GABA) immunoreactivity using a silver intensification immunogold method. The high density of electron dense metal particles over the labeled and neighboring boutons demonstrates that they contain GABA. The unreacted section in F demonstrates the synaptic contact (arrowhead). <br>Scale bars in A and B=15 ï¿½m; in Cï¿½F = 0.5 ï¿½m. E and Fat same magnification. The cell shown in Cï¿½F is illustrated in Fig. 2B.","Fig. 3",NULL,NULL,NULL,NULL,8035215,0,"DG Axoï¿½Axonic?DG Granule;CA3 Axoï¿½Axonic?CA3 Pyramidal;CA1 Axoï¿½Axonic?CA1 Pyramidal",NULL,"3100421.png",NULL
3100421,2028,NULL,2000,NULL,"<b>A and B</b>: terminal branches (4) of axoï¿½axonic cells have a distinct light microscopic appearance. They are composed of boutonï¿½studded terminal rows that run perpendicular to the boundaries of either the granule cell layer or the pyramidal cell layer. When compared with subfield CA1 (B) the arrangement of terminals in the dentate gyrus (A) are more orderly, reflecting axonal trajectories of the principal cells. Arrowheads in A: main branches of the axon.<br><b>C:</b> identified terminal of an axoï¿½axonic cell in subfield CA3, which established a symmetrical synapse (?) with an axon initial segment (ais). The latter is identified by its fine structural characteristics, such as the presence of microtubule fascicles (mf). Unlabeled terminals of similar character were also found in synaptic contact (?) with the same initial segment, indicating the convergence of several axoï¿½axonic cells on 1 common target.<br><b>D:</b> main branches of axoï¿½axonic cell axons (white asterisk) were frequently myelinated.<br><b>E and F:</b> serial sections of a synaptic bouton (*) ofthe axoï¿½axonic cell shown in C and D. The section in E was reacted to reveal yï¿½aminobutyric acid (GABA) immunoreactivity using a silver intensification immunogold method. The high density of electron dense metal particles over the labeled and neighboring boutons demonstrates that they contain GABA. The unreacted section in F demonstrates the synaptic contact (arrowhead). <br>Scale bars in A and B=15 ï¿½m; in Cï¿½F = 0.5 ï¿½m. E and Fat same magnification. The cell shown in Cï¿½F is illustrated in Fig. 2B.","Fig. 3",NULL,NULL,NULL,NULL,8035215,0,"DG Axoï¿½Axonic?DG Granule;CA3 Axoï¿½Axonic?CA3 Pyramidal;CA1 Axoï¿½Axonic?CA1 Pyramidal",NULL,"3100421.png",NULL
3100421,4036,NULL,4000,NULL,"<b>A and B</b>: terminal branches (4) of axoï¿½axonic cells have a distinct light microscopic appearance. They are composed of boutonï¿½studded terminal rows that run perpendicular to the boundaries of either the granule cell layer or the pyramidal cell layer. When compared with subfield CA1 (B) the arrangement of terminals in the dentate gyrus (A) are more orderly, reflecting axonal trajectories of the principal cells. Arrowheads in A: main branches of the axon.<br><b>C:</b> identified terminal of an axoï¿½axonic cell in subfield CA3, which established a symmetrical synapse (?) with an axon initial segment (ais). The latter is identified by its fine structural characteristics, such as the presence of microtubule fascicles (mf). Unlabeled terminals of similar character were also found in synaptic contact (?) with the same initial segment, indicating the convergence of several axoï¿½axonic cells on 1 common target.<br><b>D:</b> main branches of axoï¿½axonic cell axons (white asterisk) were frequently myelinated.<br><b>E and F:</b> serial sections of a synaptic bouton (*) ofthe axoï¿½axonic cell shown in C and D. The section in E was reacted to reveal yï¿½aminobutyric acid (GABA) immunoreactivity using a silver intensification immunogold method. The high density of electron dense metal particles over the labeled and neighboring boutons demonstrates that they contain GABA. The unreacted section in F demonstrates the synaptic contact (arrowhead). <br>Scale bars in A and B=15 ï¿½m; in Cï¿½F = 0.5 ï¿½m. E and Fat same magnification. The cell shown in Cï¿½F is illustrated in Fig. 2B.","Fig. 3",NULL,NULL,NULL,NULL,8035215,0,"DG Axoï¿½Axonic?DG Granule;CA3 Axoï¿½Axonic?CA3 Pyramidal;CA1 Axoï¿½Axonic?CA1 Pyramidal",NULL,"3100421.png",NULL
3100422,4036,NULL,4000,NULL,"<b>Postsynaptic targets</b><br>In the electron microscope, biocytin labeled profiles were readily identified because of their content of an opaque reaction product. Vesicleï¿½containing boutons established exclusively symmetrical (type 2) synaptic contacts with their respective postsynaptic targets (Fig. 3, Cand F). These were all identified as axon initial segments because of the presence of an electron dense membrane undercoating and/or fascicles of microtubules. However, differences were observed in the fine structural characteristics of the axon initial segments when compared with those obtained from perfusionï¿½fixed brains. With increasing in vitro survival time the undercoating tended to diminish and the microtubule fascicles generally separated into individual microtubules. From a total of nine cells 53 synapses were identified as forming axoï¿½axonic synaptic junctions with axon initial segments. None of the tested biocytinï¿½filled boutons made synapses with any other target, i.e., somata or dendrites, even when these were in direct membrane apposition to the bouton. Some axoï¿½axonic cells had rows of boutons in lower stratum radiatum in the CA1 area (Fig. 2A). To establish their postsynaptic targets we serially sectioned one row from the axon shown in Fig. 2 and studied it with electron microscopy. The row of boutons followed an axon initial segment and three of the boutons could be shown to form synaptic junctions with it. Such initial segments probably belong to disoriented axons or they derive from ectopic pyramidal cells located in stratum radiatum. These findings confirm the notion that the output of axoï¿½axonic cells is highly specific, and beyond, that their light microscopic features are sufficiently distinctive to permit their unequivocal identification. Therefore the remainder of eight cells was accepted without being scrutinized in the electron microscope.","p1293",NULL,NULL,NULL,NULL,8035215,0,"CA1 Axoï¿½Axonic?CA1 Pyramidal;DG Axoï¿½Axonic?DG Granule ",NULL,NULL,NULL
3100422,1010,NULL,1000,NULL,"<b>Postsynaptic targets</b><br>In the electron microscope, biocytin labeled profiles were readily identified because of their content of an opaque reaction product. Vesicleï¿½containing boutons established exclusively symmetrical (type 2) synaptic contacts with their respective postsynaptic targets (Fig. 3, Cand F). These were all identified as axon initial segments because of the presence of an electron dense membrane undercoating and/or fascicles of microtubules. However, differences were observed in the fine structural characteristics of the axon initial segments when compared with those obtained from perfusionï¿½fixed brains. With increasing in vitro survival time the undercoating tended to diminish and the microtubule fascicles generally separated into individual microtubules. From a total of nine cells 53 synapses were identified as forming axoï¿½axonic synaptic junctions with axon initial segments. None of the tested biocytinï¿½filled boutons made synapses with any other target, i.e., somata or dendrites, even when these were in direct membrane apposition to the bouton. Some axoï¿½axonic cells had rows of boutons in lower stratum radiatum in the CA1 area (Fig. 2A). To establish their postsynaptic targets we serially sectioned one row from the axon shown in Fig. 2 and studied it with electron microscopy. The row of boutons followed an axon initial segment and three of the boutons could be shown to form synaptic junctions with it. Such initial segments probably belong to disoriented axons or they derive from ectopic pyramidal cells located in stratum radiatum. These findings confirm the notion that the output of axoï¿½axonic cells is highly specific, and beyond, that their light microscopic features are sufficiently distinctive to permit their unequivocal identification. Therefore the remainder of eight cells was accepted without being scrutinized in the electron microscope.","p1293",NULL,NULL,NULL,NULL,8035215,0,"CA1 Axoï¿½Axonic?CA1 Pyramidal;DG Axoï¿½Axonic?DG Granule ",NULL,NULL,NULL
3100423,NULL,NULL,NULL,NULL,"<b>GCaMP6f Caï¿½? signals in LEC LRIPs in SLM region of CA1 in response to sensory input and behavior.</b><br><b>(A)</b> 10X tile scan of a whole brain section, and <b>(B)</b> 20X zoomed image of site of injection of AAV Cre expressing GCaMP6f in LEC of left hemisphere from a GAD2ï¿½Cre mouse. GCaMP6f+ cell bodies in green; DAPI channel in blue).<br><b>(C)</b> 20X image of hippocampus from left hemisphere (ipsilateral to LEC injection site) showing tdTomato+ GABAergic interneuron soma and GCaMP6f + LRIP axons from LEC traversing SLM of CA1.<br><b>(D)</b> Histogram bar plots of the number of responsive boutons (y axis) as a function of the number of stimulus modalities (x axis) to which a given bouton responds, either with a single sensory stimulus (above) or two stimuli presented simultaneously (below). The experimental data is plotted in black while the distribution expected if the stimuli and bouton responses were independent is in gray. For single stimulus presentations, very few boutons respond to more than one type of stimulus, following the predictions for independent responses (P=0.01659). In contrast, paired stimuli evoke Caï¿½? responses in a greater than expected number of boutons (P&lt;0.03), perhaps the influence of a single overlapping stimulus in paired modalities (e.g. bouton responding to airpuff alone would likely respond to all three pairings with air, A+T; A+L, A+W).<br><b>(E)</b> Average Caï¿½? responses (ï¿½ SEM) elicited by behavioral activity of licking and running. Spontaneous responses (black) include all running or licking bouts observed in the absence of a closelyï¿½timed external stimulus (airpuff, water, tone, or light). Evoked responses (red) occurred synchronously with a particular stimulus. The rise time and peak of the ?F/F Caï¿½? signal is tightly timeï¿½locked to the stimulus presentation in the evoked lick and run PSTHs.<br><b>(F to H)</b> Timeï¿½averaged images of tdTom+ IN soma and dendrites and GCaMP + LRIP axons and their terminals in CA1, depicting the ROIs for LRIP boutons (cyan) and an associated axon (yellow). Images (<i>F</i>) and schematic drawing (<i>G</i>) showing that LRIP boutons along a single axon may target different cellular compartments of CA1 INs, such as soma versus dendrite, as well as different cells. Images (<i>H</i>) and schematic drawing (<i>I</i>) showing LRIP boutons from more than one axon may target the same CA1 IN.<br><b>(G)</b> Histogram frequency plot of ?F/F peak Caï¿½? responses (x axis) for LRIP boutons targeting tdTom+ CA1 IN dendrites (magenta, mean ?F/F=0.086ï¿½0.004, n=278) or soma (green, ?F/F=0.03ï¿½0.002, n=91; significant response difference in dendrite- versus somaï¿½targeting boutons, P&lt;0.0001) I. Relative frequency distribution of boutonï¿½bouton Caï¿½? response correlation coefficients for all identifiable bouton pairs originating from the same axon segment (solid blue, r=0.488ï¿½0.017, n=808) versus boutons from different axons (crossï¿½hatched red, r=0.115ï¿½0.009, n=3992; P&lt;0.0001, MannWhitney U test). Response similarity was determined by calculating the zï¿½scored response magnitude for each stimulus for each bouton and then comparing the responses of pairs of boutons by calculating the correlation between their responses across all stimuli.","Fig. S8",NULL,NULL,NULL,NULL,26744409,0,"LRIP?CA1 interneuron",NULL,"3100423.png",NULL
3100424,NULL,NULL,NULL,NULL,"<b>Cholecystokininï¿½expressing (CCK) dendrite targeting interneurons are a major target of EC LRIPs in CA1.</b><br><b>(A)</b> 20X confocal tile scan image of a transverse hippocampal section depicting ChR2ï¿½EYFP + LRIP inputs from MEC and LEC (green) and antiï¿½mouse CCK ab immunostaining (magenta). A Gad2Cre mouse was injected with AAV Cre in MEC and LEC to express ChR2 in all EC Cre + GABAergic neurons. Hippocampal slices from these mice were first used for slice electrophysiology to map GABAergic connectivity between EC and CA1, followed by resectioning and immunostaining postï¿½fixation. Mouse antiï¿½CCK labeled IN soma in the SR/SLM border showing close proximity to LRIP axons are indicated with white arrowheads.<br><b>(B)</b> Inset shows a 60X zoomed in image of LRIP axon terminals (white) impinging on a CCK immunopositive cell body (magenta) located in SLM of CA1.<br><b>(C)</b> Neuronal tracingï¿½based reconstruction of a putative CCK IN (magenta) that receives direct GABAergic and glutamatergic inputs from EC and glutamatergic inputs via SC. The CCK IN axon targets the dendrites of a duallyï¿½recorded CA1 PN (cyan). Both cells were intracellularly filled with biocytin during the recordings. The ChR2ï¿½EYFP + LRIP axons traced using fluorescence guidance are shown in green. Laser light was used to photostimulate these axons and evoke an IPSC in the filled IN. This particular interneuron not only innervates the apical dendrite of the CA1 PN in SR and SLM but also sends axonal projections to DG, similar to a dendriteï¿½targeting class of CCK INs identified in vivo in a previous study (47).<br><b>(D and E)</b> Representative neuronal reconstructions of CA1 INs that receive LEC LRIPs, as determined by the presence of IPSCs recorded in the IN soma in response to photostimulation of ChR2ï¿½EYFP + LRIP axons. The morphology of both INs is prototypical of SC- associated CCK INs targeting CA1 PN dendrites (29, 47, 61ï¿½66).","Fig. S9",NULL,NULL,NULL,NULL,26744409,0,"LRIP?CA1 interneuron",NULL,"3100424.png",NULL
3100425,NULL,NULL,NULL,NULL,"<b>Synaptic output of CR cells onto hippocampal neurons.</b><br><b>(<i>A</i>1,<i>A</i>2)</b> En passant synaptic boutons (sb) of a biocytinï¿½filled CR cell axonal collateral (dark labeling in <i>A</i>1) and an EGFPï¿½converted axon terminal (<i>A</i>2, dark DABï¿½labeled structure) on postsynaptic target dendrites (de) in the SLM.<br><b>(<i>B</i>1,<i>B</i>2)</b> Two representative examples of synaptic boutons (sb) detected by an EGFPï¿½antibody terminating on a spine (sp, <i>B</i>1) and a small caliber dendrite (de, <i>B</i>2) in the OML. In all panels the active zones at the pre- and postsynaptic apposition zone are marked by arrowheads. Labeled synaptic boutons were identified also by the dense accumulation of synaptic vesicles. Scale bars in A1ï¿½B2 0.25 ï¿½m.<br><b>(<i>C</i>1,<i>C</i>2)</b> Bar histograms showing the proportion of axonal boutons establishing a synaptic contact with the postsynaptic target structures in the SLM (gray columns) and OML (white columns).","Fig. 10",NULL,NULL,NULL,NULL,26582498,0,"CR cells?CA1:SLM|DG:SMo Dendrites|Spines",NULL,"3100425.png",NULL
3100426,NULL,NULL,NULL,NULL,"<b>Postsynaptic Target Structures of Hippocampal CR Cells in CXCR4ï¿½EGFP Mice</b><br>As already mentioned, CR cells in the SLM and OML showed a high density of synaptic varicosities expressing VGluT2 along their axon collaterals (Fig. 7Dï¿½F). This suggested that these varicosities are indeed presynaptic boutons. To further corroborate this interpretation, their structure was examined at the EM level (n=8 cells; Fig. 10). OLM and SLM varicosities were easily identified by the dark DABï¿½reaction product in biocytinï¿½filled (Fig. 10A; n=43) and EGFPï¿½DABï¿½labeled varicosities (Fig. 10A2, B1, B2; n=63). In the majority of cases they were characterized by the presence of vesicles of various size, and formed connections with a clearly identifiable synaptic cleft and postsynaptic density (Fig. 10A2, B1, B2). In 91.8% of the varicosities in the OML and 93.2% in SLM an active zone (the structural equivalent for a functional transmitter release site) with the postsynaptic target structure was established (Fig. 10C1, C2) which further supports the functionality of these varicosities. In both layers, the majority of synaptic contacts originated from en passant axons and were established on dendritic shafts (?85%, n=100) of variable size (Fig. 10A1, A2, B2). Alternatively, they were found on spines (Fig. 10B1). This result suggests that CR cells target dentate gyrus granule cells in the OLM in addition to GABAergic interneurons and pyramidal cells in SLM (Quattrocolo and Maccaferri 2014).","p862-4",NULL,NULL,NULL,NULL,26582498,0,"CR cells?CA1:SLM|DG:SMo Dendrites|Spines",NULL,NULL,NULL
3100427,2036,NULL,2000,NULL,"<b>Synapses formed by MFA interneurons in CA3.</b><br><b>(A)</b> Synaptic contact (?) on a proximal apical dendritic shaft (d) made by a biocytinï¿½filled bouton of an identified MFA interneuron. The dendrite was identified as belonging to a pyramidal cell by the large spines (s) establishing synaptic contacts with a mossy fiber bouton (mfb); one of the spines (arrow) is in direct connection with the dendritic shaft.<br><b>(B)</b> Higher magnification of the symmetric synaptic contact (?) shown in A.<br><b>(C)</b> Biocytinï¿½filled bouton of an MFA cell establishing symmetric synaptic contact (?) with a spinefree, beaded dendrite. This dendrite most likely belongs to a GABAergic inhibitory neuron as indicated by the postembedding GABA immunogold labeling.<br><b>(D)</b> Symmetric synaptic contact (?) formed by a biocytinï¿½filled bouton on a cell body in the pyramidal layer of CA3. (Bars = (A) 0.5 ï¿½m; (B) 0.3 ï¿½m; and (C and D) 0.25 ï¿½m.)","Fig. 2",NULL,NULL,NULL,NULL,10655521,0,"CA3 Mossy Fiber-Associated ORDEN>CA3 Pyramidal",NULL,"3100427.png",NULL
3100428,4036,NULL,4000,NULL,"<b>HRPï¿½filled O/A intcmeuron.</b><br><b>A,</b> O/A interneuron response to depolarizing current prior to HRP injection. An intrasomatic depolarizing current pulse (0.5 nA, 100 msec; lower trace) produces a train of action potentials (upper trace) typical of the O/A interneurons. Note the AHP following the end of the burst. Dotted line is resting membrane potential. O/A interneuron RMP, -55 mV.<br><b>B,</b> HRPï¿½filled axonal process (arrow) contacting a pyramidal cell soma (PYR SOMA). Note the symmetric nature of the synaptic contact, especially the cleft and the thin, even postsynaptic membrane specialization.<br><b>C,</b> HRPï¿½filled axonal process (arrow) contacting an individual pyramidal cell soma. A symmetric synaptic contact from another cell (not filled with HRP) is also present on an adjacent pyramidal cell (open arrow).<br><b>D,</b> Another HRPï¿½filled interneuron axonal process making an apparent symmetric synaptic contact (arrow) with a pyramidal cell basal dendrite (*-DEND). In contrast, note the asymmetric synaptic contact on the same dendrite (open arrow).<br><b>E,</b> Pyramidal cell initial segment (IS) with 2 HRPï¿½filled axonal contacts (arrows). Other symmetric synaptic contacts (from nonï¿½HRP terminals) appear in the same vicinity (open arrows).<br><b>F,</b> HRPï¿½filled interneuron axonal process forming another apparently symmetric synaptic contact (arrow) with a pyramidal cell basal dendrite (DEND) in stratum oriens. Scale bars, 0.5 ï¿½m (Bï¿½F).","Fig. 9",NULL,NULL,NULL,NULL,3612227,0,"CA1 O/A Interneuron?CA1 Pyramidal (soma, dendrites and initial segment)",NULL,"3100428.png",NULL
3100428,4038,NULL,4000,NULL,"<b>HRPï¿½filled O/A intcmeuron.</b><br><b>A,</b> O/A interneuron response to depolarizing current prior to HRP injection. An intrasomatic depolarizing current pulse (0.5 nA, 100 msec; lower trace) produces a train of action potentials (upper trace) typical of the O/A interneurons. Note the AHP following the end of the burst. Dotted line is resting membrane potential. O/A interneuron RMP, -55 mV.<br><b>B,</b> HRPï¿½filled axonal process (arrow) contacting a pyramidal cell soma (PYR SOMA). Note the symmetric nature of the synaptic contact, especially the cleft and the thin, even postsynaptic membrane specialization.<br><b>C,</b> HRPï¿½filled axonal process (arrow) contacting an individual pyramidal cell soma. A symmetric synaptic contact from another cell (not filled with HRP) is also present on an adjacent pyramidal cell (open arrow).<br><b>D,</b> Another HRPï¿½filled interneuron axonal process making an apparent symmetric synaptic contact (arrow) with a pyramidal cell basal dendrite (*-DEND). In contrast, note the asymmetric synaptic contact on the same dendrite (open arrow).<br><b>E,</b> Pyramidal cell initial segment (IS) with 2 HRPï¿½filled axonal contacts (arrows). Other symmetric synaptic contacts (from nonï¿½HRP terminals) appear in the same vicinity (open arrows).<br><b>F,</b> HRPï¿½filled interneuron axonal process forming another apparently symmetric synaptic contact (arrow) with a pyramidal cell basal dendrite (DEND) in stratum oriens. Scale bars, 0.5 ï¿½m (Bï¿½F).","Fig. 9",NULL,NULL,NULL,NULL,3612227,0,"CA1 O/A Interneuron?CA1 Pyramidal (soma, dendrites and initial segment)",NULL,"3100428.png",NULL
3100428,4078,NULL,4000,NULL,"<b>HRPï¿½filled O/A intcmeuron.</b><br><b>A,</b> O/A interneuron response to depolarizing current prior to HRP injection. An intrasomatic depolarizing current pulse (0.5 nA, 100 msec; lower trace) produces a train of action potentials (upper trace) typical of the O/A interneurons. Note the AHP following the end of the burst. Dotted line is resting membrane potential. O/A interneuron RMP, -55 mV.<br><b>B,</b> HRPï¿½filled axonal process (arrow) contacting a pyramidal cell soma (PYR SOMA). Note the symmetric nature of the synaptic contact, especially the cleft and the thin, even postsynaptic membrane specialization.<br><b>C,</b> HRPï¿½filled axonal process (arrow) contacting an individual pyramidal cell soma. A symmetric synaptic contact from another cell (not filled with HRP) is also present on an adjacent pyramidal cell (open arrow).<br><b>D,</b> Another HRPï¿½filled interneuron axonal process making an apparent symmetric synaptic contact (arrow) with a pyramidal cell basal dendrite (*-DEND). In contrast, note the asymmetric synaptic contact on the same dendrite (open arrow).<br><b>E,</b> Pyramidal cell initial segment (IS) with 2 HRPï¿½filled axonal contacts (arrows). Other symmetric synaptic contacts (from nonï¿½HRP terminals) appear in the same vicinity (open arrows).<br><b>F,</b> HRPï¿½filled interneuron axonal process forming another apparently symmetric synaptic contact (arrow) with a pyramidal cell basal dendrite (DEND) in stratum oriens. Scale bars, 0.5 ï¿½m (Bï¿½F).","Fig. 9",NULL,NULL,NULL,NULL,3612227,0,"CA1 O/A Interneuron?CA1 Pyramidal (soma, dendrites and initial segment)",NULL,"3100428.png",NULL
3100428,4079,NULL,4000,NULL,"<b>HRPï¿½filled O/A intcmeuron.</b><br><b>A,</b> O/A interneuron response to depolarizing current prior to HRP injection. An intrasomatic depolarizing current pulse (0.5 nA, 100 msec; lower trace) produces a train of action potentials (upper trace) typical of the O/A interneurons. Note the AHP following the end of the burst. Dotted line is resting membrane potential. O/A interneuron RMP, -55 mV.<br><b>B,</b> HRPï¿½filled axonal process (arrow) contacting a pyramidal cell soma (PYR SOMA). Note the symmetric nature of the synaptic contact, especially the cleft and the thin, even postsynaptic membrane specialization.<br><b>C,</b> HRPï¿½filled axonal process (arrow) contacting an individual pyramidal cell soma. A symmetric synaptic contact from another cell (not filled with HRP) is also present on an adjacent pyramidal cell (open arrow).<br><b>D,</b> Another HRPï¿½filled interneuron axonal process making an apparent symmetric synaptic contact (arrow) with a pyramidal cell basal dendrite (*-DEND). In contrast, note the asymmetric synaptic contact on the same dendrite (open arrow).<br><b>E,</b> Pyramidal cell initial segment (IS) with 2 HRPï¿½filled axonal contacts (arrows). Other symmetric synaptic contacts (from nonï¿½HRP terminals) appear in the same vicinity (open arrows).<br><b>F,</b> HRPï¿½filled interneuron axonal process forming another apparently symmetric synaptic contact (arrow) with a pyramidal cell basal dendrite (DEND) in stratum oriens. Scale bars, 0.5 ï¿½m (Bï¿½F).","Fig. 9",NULL,NULL,NULL,NULL,3612227,0,"CA1 O/A Interneuron?CA1 Pyramidal (soma, dendrites and initial segment)",NULL,"3100428.png",NULL
3100428,4039,NULL,4000,NULL,"<b>HRPï¿½filled O/A intcmeuron.</b><br><b>A,</b> O/A interneuron response to depolarizing current prior to HRP injection. An intrasomatic depolarizing current pulse (0.5 nA, 100 msec; lower trace) produces a train of action potentials (upper trace) typical of the O/A interneurons. Note the AHP following the end of the burst. Dotted line is resting membrane potential. O/A interneuron RMP, -55 mV.<br><b>B,</b> HRPï¿½filled axonal process (arrow) contacting a pyramidal cell soma (PYR SOMA). Note the symmetric nature of the synaptic contact, especially the cleft and the thin, even postsynaptic membrane specialization.<br><b>C,</b> HRPï¿½filled axonal process (arrow) contacting an individual pyramidal cell soma. A symmetric synaptic contact from another cell (not filled with HRP) is also present on an adjacent pyramidal cell (open arrow).<br><b>D,</b> Another HRPï¿½filled interneuron axonal process making an apparent symmetric synaptic contact (arrow) with a pyramidal cell basal dendrite (*-DEND). In contrast, note the asymmetric synaptic contact on the same dendrite (open arrow).<br><b>E,</b> Pyramidal cell initial segment (IS) with 2 HRPï¿½filled axonal contacts (arrows). Other symmetric synaptic contacts (from nonï¿½HRP terminals) appear in the same vicinity (open arrows).<br><b>F,</b> HRPï¿½filled interneuron axonal process forming another apparently symmetric synaptic contact (arrow) with a pyramidal cell basal dendrite (DEND) in stratum oriens. Scale bars, 0.5 ï¿½m (Bï¿½F).","Fig. 9",NULL,NULL,NULL,NULL,3612227,0,"CA1 O/A Interneuron?CA1 Pyramidal (soma, dendrites and initial segment)",NULL,"3100428.png",NULL
3100429,4023,NULL,4036,NULL,"<b>O/A interneuron contacts onto other interneurons.</b><br><b>A and B,</b> HRPï¿½filled axonal processes (arrows) contacting other interneuron dendrites (ID) in stratum oriens. Note numerous other, nonï¿½HRPï¿½filled synaptic contacts (open arrows) onto the aspinous interneuron dendrites. Scale bar, 0.5 ï¿½m","Fig. 10",NULL,NULL,NULL,NULL,3612227,0,"CA1 O/A Interneuron?CA1 Interneuron with dendrites in CA1:SO",NULL,"3100429.png",NULL
3100429,4023,NULL,4038,NULL,"<b>O/A interneuron contacts onto other interneurons.</b><br><b>A and B,</b> HRPï¿½filled axonal processes (arrows) contacting other interneuron dendrites (ID) in stratum oriens. Note numerous other, nonï¿½HRPï¿½filled synaptic contacts (open arrows) onto the aspinous interneuron dendrites. Scale bar, 0.5 ï¿½m","Fig. 10",NULL,NULL,NULL,NULL,3612227,0,"CA1 O/A Interneuron?CA1 Interneuron with dendrites in CA1:SO",NULL,"3100429.png",NULL
3100429,4023,NULL,4023,NULL,"<b>O/A interneuron contacts onto other interneurons.</b><br><b>A and B,</b> HRPï¿½filled axonal processes (arrows) contacting other interneuron dendrites (ID) in stratum oriens. Note numerous other, nonï¿½HRPï¿½filled synaptic contacts (open arrows) onto the aspinous interneuron dendrites. Scale bar, 0.5 ï¿½m","Fig. 10",NULL,NULL,NULL,NULL,3612227,0,"CA1 O/A Interneuron?CA1 Interneuron with dendrites in CA1:SO",NULL,"3100429.png",NULL
3100429,4023,NULL,4078,NULL,"<b>O/A interneuron contacts onto other interneurons.</b><br><b>A and B,</b> HRPï¿½filled axonal processes (arrows) contacting other interneuron dendrites (ID) in stratum oriens. Note numerous other, nonï¿½HRPï¿½filled synaptic contacts (open arrows) onto the aspinous interneuron dendrites. Scale bar, 0.5 ï¿½m","Fig. 10",NULL,NULL,NULL,NULL,3612227,0,"CA1 O/A Interneuron?CA1 Interneuron with dendrites in CA1:SO",NULL,"3100429.png",NULL
3100429,4023,NULL,4079,NULL,"<b>O/A interneuron contacts onto other interneurons.</b><br><b>A and B,</b> HRPï¿½filled axonal processes (arrows) contacting other interneuron dendrites (ID) in stratum oriens. Note numerous other, nonï¿½HRPï¿½filled synaptic contacts (open arrows) onto the aspinous interneuron dendrites. Scale bar, 0.5 ï¿½m","Fig. 10",NULL,NULL,NULL,NULL,3612227,0,"CA1 O/A Interneuron?CA1 Interneuron with dendrites in CA1:SO",NULL,"3100429.png",NULL
3100429,4023,NULL,4039,NULL,"<b>O/A interneuron contacts onto other interneurons.</b><br><b>A and B,</b> HRPï¿½filled axonal processes (arrows) contacting other interneuron dendrites (ID) in stratum oriens. Note numerous other, nonï¿½HRPï¿½filled synaptic contacts (open arrows) onto the aspinous interneuron dendrites. Scale bar, 0.5 ï¿½m","Fig. 10",NULL,NULL,NULL,NULL,3612227,0,"CA1 O/A Interneuron?CA1 Interneuron with dendrites in CA1:SO",NULL,"3100429.png",NULL
3100429,4023,NULL,4080,NULL,"<b>O/A interneuron contacts onto other interneurons.</b><br><b>A and B,</b> HRPï¿½filled axonal processes (arrows) contacting other interneuron dendrites (ID) in stratum oriens. Note numerous other, nonï¿½HRPï¿½filled synaptic contacts (open arrows) onto the aspinous interneuron dendrites. Scale bar, 0.5 ï¿½m","Fig. 10",NULL,NULL,NULL,NULL,3612227,0,"CA1 O/A Interneuron?CA1 Interneuron with dendrites in CA1:SO",NULL,"3100429.png",NULL
3100429,4023,NULL,4022,NULL,"<b>O/A interneuron contacts onto other interneurons.</b><br><b>A and B,</b> HRPï¿½filled axonal processes (arrows) contacting other interneuron dendrites (ID) in stratum oriens. Note numerous other, nonï¿½HRPï¿½filled synaptic contacts (open arrows) onto the aspinous interneuron dendrites. Scale bar, 0.5 ï¿½m","Fig. 10",NULL,NULL,NULL,NULL,3612227,0,"CA1 O/A Interneuron?CA1 Interneuron with dendrites in CA1:SO",NULL,"3100429.png",NULL
3100429,4023,NULL,4031,NULL,"<b>O/A interneuron contacts onto other interneurons.</b><br><b>A and B,</b> HRPï¿½filled axonal processes (arrows) contacting other interneuron dendrites (ID) in stratum oriens. Note numerous other, nonï¿½HRPï¿½filled synaptic contacts (open arrows) onto the aspinous interneuron dendrites. Scale bar, 0.5 ï¿½m","Fig. 10",NULL,NULL,NULL,NULL,3612227,0,"CA1 O/A Interneuron?CA1 Interneuron with dendrites in CA1:SO",NULL,"3100429.png",NULL
3100429,4023,NULL,4020,NULL,"<b>O/A interneuron contacts onto other interneurons.</b><br><b>A and B,</b> HRPï¿½filled axonal processes (arrows) contacting other interneuron dendrites (ID) in stratum oriens. Note numerous other, nonï¿½HRPï¿½filled synaptic contacts (open arrows) onto the aspinous interneuron dendrites. Scale bar, 0.5 ï¿½m","Fig. 10",NULL,NULL,NULL,NULL,3612227,0,"CA1 O/A Interneuron?CA1 Interneuron with dendrites in CA1:SO",NULL,"3100429.png",NULL
3100429,4023,NULL,4093,NULL,"<b>O/A interneuron contacts onto other interneurons.</b><br><b>A and B,</b> HRPï¿½filled axonal processes (arrows) contacting other interneuron dendrites (ID) in stratum oriens. Note numerous other, nonï¿½HRPï¿½filled synaptic contacts (open arrows) onto the aspinous interneuron dendrites. Scale bar, 0.5 ï¿½m","Fig. 10",NULL,NULL,NULL,NULL,3612227,0,"CA1 O/A Interneuron?CA1 Interneuron with dendrites in CA1:SO",NULL,"3100429.png",NULL
3100429,4023,NULL,4081,NULL,"<b>O/A interneuron contacts onto other interneurons.</b><br><b>A and B,</b> HRPï¿½filled axonal processes (arrows) contacting other interneuron dendrites (ID) in stratum oriens. Note numerous other, nonï¿½HRPï¿½filled synaptic contacts (open arrows) onto the aspinous interneuron dendrites. Scale bar, 0.5 ï¿½m","Fig. 10",NULL,NULL,NULL,NULL,3612227,0,"CA1 O/A Interneuron?CA1 Interneuron with dendrites in CA1:SO",NULL,"3100429.png",NULL
3100429,4023,NULL,4069,NULL,"<b>O/A interneuron contacts onto other interneurons.</b><br><b>A and B,</b> HRPï¿½filled axonal processes (arrows) contacting other interneuron dendrites (ID) in stratum oriens. Note numerous other, nonï¿½HRPï¿½filled synaptic contacts (open arrows) onto the aspinous interneuron dendrites. Scale bar, 0.5 ï¿½m","Fig. 10",NULL,NULL,NULL,NULL,3612227,0,"CA1 O/A Interneuron?CA1 Interneuron with dendrites in CA1:SO",NULL,"3100429.png",NULL
3100429,4023,NULL,4089,NULL,"<b>O/A interneuron contacts onto other interneurons.</b><br><b>A and B,</b> HRPï¿½filled axonal processes (arrows) contacting other interneuron dendrites (ID) in stratum oriens. Note numerous other, nonï¿½HRPï¿½filled synaptic contacts (open arrows) onto the aspinous interneuron dendrites. Scale bar, 0.5 ï¿½m","Fig. 10",NULL,NULL,NULL,NULL,3612227,0,"CA1 O/A Interneuron?CA1 Interneuron with dendrites in CA1:SO",NULL,"3100429.png",NULL
3100429,4023,NULL,4087,NULL,"<b>O/A interneuron contacts onto other interneurons.</b><br><b>A and B,</b> HRPï¿½filled axonal processes (arrows) contacting other interneuron dendrites (ID) in stratum oriens. Note numerous other, nonï¿½HRPï¿½filled synaptic contacts (open arrows) onto the aspinous interneuron dendrites. Scale bar, 0.5 ï¿½m","Fig. 10",NULL,NULL,NULL,NULL,3612227,0,"CA1 O/A Interneuron?CA1 Interneuron with dendrites in CA1:SO",NULL,"3100429.png",NULL
3100429,4023,NULL,4055,NULL,"<b>O/A interneuron contacts onto other interneurons.</b><br><b>A and B,</b> HRPï¿½filled axonal processes (arrows) contacting other interneuron dendrites (ID) in stratum oriens. Note numerous other, nonï¿½HRPï¿½filled synaptic contacts (open arrows) onto the aspinous interneuron dendrites. Scale bar, 0.5 ï¿½m","Fig. 10",NULL,NULL,NULL,NULL,3612227,0,"CA1 O/A Interneuron?CA1 Interneuron with dendrites in CA1:SO",NULL,"3100429.png",NULL
3100429,4023,NULL,4083,NULL,"<b>O/A interneuron contacts onto other interneurons.</b><br><b>A and B,</b> HRPï¿½filled axonal processes (arrows) contacting other interneuron dendrites (ID) in stratum oriens. Note numerous other, nonï¿½HRPï¿½filled synaptic contacts (open arrows) onto the aspinous interneuron dendrites. Scale bar, 0.5 ï¿½m","Fig. 10",NULL,NULL,NULL,NULL,3612227,0,"CA1 O/A Interneuron?CA1 Interneuron with dendrites in CA1:SO",NULL,"3100429.png",NULL
3100429,4023,NULL,4068,NULL,"<b>O/A interneuron contacts onto other interneurons.</b><br><b>A and B,</b> HRPï¿½filled axonal processes (arrows) contacting other interneuron dendrites (ID) in stratum oriens. Note numerous other, nonï¿½HRPï¿½filled synaptic contacts (open arrows) onto the aspinous interneuron dendrites. Scale bar, 0.5 ï¿½m","Fig. 10",NULL,NULL,NULL,NULL,3612227,0,"CA1 O/A Interneuron?CA1 Interneuron with dendrites in CA1:SO",NULL,"3100429.png",NULL
3100429,4023,NULL,4066,NULL,"<b>O/A interneuron contacts onto other interneurons.</b><br><b>A and B,</b> HRPï¿½filled axonal processes (arrows) contacting other interneuron dendrites (ID) in stratum oriens. Note numerous other, nonï¿½HRPï¿½filled synaptic contacts (open arrows) onto the aspinous interneuron dendrites. Scale bar, 0.5 ï¿½m","Fig. 10",NULL,NULL,NULL,NULL,3612227,0,"CA1 O/A Interneuron?CA1 Interneuron with dendrites in CA1:SO",NULL,"3100429.png",NULL
3100429,4023,NULL,4076,NULL,"<b>O/A interneuron contacts onto other interneurons.</b><br><b>A and B,</b> HRPï¿½filled axonal processes (arrows) contacting other interneuron dendrites (ID) in stratum oriens. Note numerous other, nonï¿½HRPï¿½filled synaptic contacts (open arrows) onto the aspinous interneuron dendrites. Scale bar, 0.5 ï¿½m","Fig. 10",NULL,NULL,NULL,NULL,3612227,0,"CA1 O/A Interneuron?CA1 Interneuron with dendrites in CA1:SO",NULL,"3100429.png",NULL
3100429,4023,NULL,4003,NULL,"<b>O/A interneuron contacts onto other interneurons.</b><br><b>A and B,</b> HRPï¿½filled axonal processes (arrows) contacting other interneuron dendrites (ID) in stratum oriens. Note numerous other, nonï¿½HRPï¿½filled synaptic contacts (open arrows) onto the aspinous interneuron dendrites. Scale bar, 0.5 ï¿½m","Fig. 10",NULL,NULL,NULL,NULL,3612227,0,"CA1 O/A Interneuron?CA1 Interneuron with dendrites in CA1:SO",NULL,"3100429.png",NULL
3100429,4023,NULL,4084,NULL,"<b>O/A interneuron contacts onto other interneurons.</b><br><b>A and B,</b> HRPï¿½filled axonal processes (arrows) contacting other interneuron dendrites (ID) in stratum oriens. Note numerous other, nonï¿½HRPï¿½filled synaptic contacts (open arrows) onto the aspinous interneuron dendrites. Scale bar, 0.5 ï¿½m","Fig. 10",NULL,NULL,NULL,NULL,3612227,0,"CA1 O/A Interneuron?CA1 Interneuron with dendrites in CA1:SO",NULL,"3100429.png",NULL
3100429,4023,NULL,4033,NULL,"<b>O/A interneuron contacts onto other interneurons.</b><br><b>A and B,</b> HRPï¿½filled axonal processes (arrows) contacting other interneuron dendrites (ID) in stratum oriens. Note numerous other, nonï¿½HRPï¿½filled synaptic contacts (open arrows) onto the aspinous interneuron dendrites. Scale bar, 0.5 ï¿½m","Fig. 10",NULL,NULL,NULL,NULL,3612227,0,"CA1 O/A Interneuron?CA1 Interneuron with dendrites in CA1:SO",NULL,"3100429.png",NULL
3100429,4023,NULL,4041,NULL,"<b>O/A interneuron contacts onto other interneurons.</b><br><b>A and B,</b> HRPï¿½filled axonal processes (arrows) contacting other interneuron dendrites (ID) in stratum oriens. Note numerous other, nonï¿½HRPï¿½filled synaptic contacts (open arrows) onto the aspinous interneuron dendrites. Scale bar, 0.5 ï¿½m","Fig. 10",NULL,NULL,NULL,NULL,3612227,0,"CA1 O/A Interneuron?CA1 Interneuron with dendrites in CA1:SO",NULL,"3100429.png",NULL
3100429,4023,NULL,4035,NULL,"<b>O/A interneuron contacts onto other interneurons.</b><br><b>A and B,</b> HRPï¿½filled axonal processes (arrows) contacting other interneuron dendrites (ID) in stratum oriens. Note numerous other, nonï¿½HRPï¿½filled synaptic contacts (open arrows) onto the aspinous interneuron dendrites. Scale bar, 0.5 ï¿½m","Fig. 10",NULL,NULL,NULL,NULL,3612227,0,"CA1 O/A Interneuron?CA1 Interneuron with dendrites in CA1:SO",NULL,"3100429.png",NULL
3100429,4023,NULL,4013,NULL,"<b>O/A interneuron contacts onto other interneurons.</b><br><b>A and B,</b> HRPï¿½filled axonal processes (arrows) contacting other interneuron dendrites (ID) in stratum oriens. Note numerous other, nonï¿½HRPï¿½filled synaptic contacts (open arrows) onto the aspinous interneuron dendrites. Scale bar, 0.5 ï¿½m","Fig. 10",NULL,NULL,NULL,NULL,3612227,0,"CA1 O/A Interneuron?CA1 Interneuron with dendrites in CA1:SO",NULL,"3100429.png",NULL
3100429,4080,NULL,4036,NULL,"<b>O/A interneuron contacts onto other interneurons.</b><br><b>A and B,</b> HRPï¿½filled axonal processes (arrows) contacting other interneuron dendrites (ID) in stratum oriens. Note numerous other, nonï¿½HRPï¿½filled synaptic contacts (open arrows) onto the aspinous interneuron dendrites. Scale bar, 0.5 ï¿½m","Fig. 10",NULL,NULL,NULL,NULL,3612227,0,"CA1 O/A Interneuron?CA1 Interneuron with dendrites in CA1:SO",NULL,"3100429.png",NULL
3100429,4080,NULL,4038,NULL,"<b>O/A interneuron contacts onto other interneurons.</b><br><b>A and B,</b> HRPï¿½filled axonal processes (arrows) contacting other interneuron dendrites (ID) in stratum oriens. Note numerous other, nonï¿½HRPï¿½filled synaptic contacts (open arrows) onto the aspinous interneuron dendrites. Scale bar, 0.5 ï¿½m","Fig. 10",NULL,NULL,NULL,NULL,3612227,0,"CA1 O/A Interneuron?CA1 Interneuron with dendrites in CA1:SO",NULL,"3100429.png",NULL
3100429,4080,NULL,4023,NULL,"<b>O/A interneuron contacts onto other interneurons.</b><br><b>A and B,</b> HRPï¿½filled axonal processes (arrows) contacting other interneuron dendrites (ID) in stratum oriens. Note numerous other, nonï¿½HRPï¿½filled synaptic contacts (open arrows) onto the aspinous interneuron dendrites. Scale bar, 0.5 ï¿½m","Fig. 10",NULL,NULL,NULL,NULL,3612227,0,"CA1 O/A Interneuron?CA1 Interneuron with dendrites in CA1:SO",NULL,"3100429.png",NULL
3100429,4080,NULL,4078,NULL,"<b>O/A interneuron contacts onto other interneurons.</b><br><b>A and B,</b> HRPï¿½filled axonal processes (arrows) contacting other interneuron dendrites (ID) in stratum oriens. Note numerous other, nonï¿½HRPï¿½filled synaptic contacts (open arrows) onto the aspinous interneuron dendrites. Scale bar, 0.5 ï¿½m","Fig. 10",NULL,NULL,NULL,NULL,3612227,0,"CA1 O/A Interneuron?CA1 Interneuron with dendrites in CA1:SO",NULL,"3100429.png",NULL
3100429,4080,NULL,4079,NULL,"<b>O/A interneuron contacts onto other interneurons.</b><br><b>A and B,</b> HRPï¿½filled axonal processes (arrows) contacting other interneuron dendrites (ID) in stratum oriens. Note numerous other, nonï¿½HRPï¿½filled synaptic contacts (open arrows) onto the aspinous interneuron dendrites. Scale bar, 0.5 ï¿½m","Fig. 10",NULL,NULL,NULL,NULL,3612227,0,"CA1 O/A Interneuron?CA1 Interneuron with dendrites in CA1:SO",NULL,"3100429.png",NULL
3100429,4080,NULL,4039,NULL,"<b>O/A interneuron contacts onto other interneurons.</b><br><b>A and B,</b> HRPï¿½filled axonal processes (arrows) contacting other interneuron dendrites (ID) in stratum oriens. Note numerous other, nonï¿½HRPï¿½filled synaptic contacts (open arrows) onto the aspinous interneuron dendrites. Scale bar, 0.5 ï¿½m","Fig. 10",NULL,NULL,NULL,NULL,3612227,0,"CA1 O/A Interneuron?CA1 Interneuron with dendrites in CA1:SO",NULL,"3100429.png",NULL
3100429,4080,NULL,4080,NULL,"<b>O/A interneuron contacts onto other interneurons.</b><br><b>A and B,</b> HRPï¿½filled axonal processes (arrows) contacting other interneuron dendrites (ID) in stratum oriens. Note numerous other, nonï¿½HRPï¿½filled synaptic contacts (open arrows) onto the aspinous interneuron dendrites. Scale bar, 0.5 ï¿½m","Fig. 10",NULL,NULL,NULL,NULL,3612227,0,"CA1 O/A Interneuron?CA1 Interneuron with dendrites in CA1:SO",NULL,"3100429.png",NULL
3100429,4080,NULL,4022,NULL,"<b>O/A interneuron contacts onto other interneurons.</b><br><b>A and B,</b> HRPï¿½filled axonal processes (arrows) contacting other interneuron dendrites (ID) in stratum oriens. Note numerous other, nonï¿½HRPï¿½filled synaptic contacts (open arrows) onto the aspinous interneuron dendrites. Scale bar, 0.5 ï¿½m","Fig. 10",NULL,NULL,NULL,NULL,3612227,0,"CA1 O/A Interneuron?CA1 Interneuron with dendrites in CA1:SO",NULL,"3100429.png",NULL
3100429,4080,NULL,4031,NULL,"<b>O/A interneuron contacts onto other interneurons.</b><br><b>A and B,</b> HRPï¿½filled axonal processes (arrows) contacting other interneuron dendrites (ID) in stratum oriens. Note numerous other, nonï¿½HRPï¿½filled synaptic contacts (open arrows) onto the aspinous interneuron dendrites. Scale bar, 0.5 ï¿½m","Fig. 10",NULL,NULL,NULL,NULL,3612227,0,"CA1 O/A Interneuron?CA1 Interneuron with dendrites in CA1:SO",NULL,"3100429.png",NULL
3100429,4080,NULL,4020,NULL,"<b>O/A interneuron contacts onto other interneurons.</b><br><b>A and B,</b> HRPï¿½filled axonal processes (arrows) contacting other interneuron dendrites (ID) in stratum oriens. Note numerous other, nonï¿½HRPï¿½filled synaptic contacts (open arrows) onto the aspinous interneuron dendrites. Scale bar, 0.5 ï¿½m","Fig. 10",NULL,NULL,NULL,NULL,3612227,0,"CA1 O/A Interneuron?CA1 Interneuron with dendrites in CA1:SO",NULL,"3100429.png",NULL
3100429,4080,NULL,4093,NULL,"<b>O/A interneuron contacts onto other interneurons.</b><br><b>A and B,</b> HRPï¿½filled axonal processes (arrows) contacting other interneuron dendrites (ID) in stratum oriens. Note numerous other, nonï¿½HRPï¿½filled synaptic contacts (open arrows) onto the aspinous interneuron dendrites. Scale bar, 0.5 ï¿½m","Fig. 10",NULL,NULL,NULL,NULL,3612227,0,"CA1 O/A Interneuron?CA1 Interneuron with dendrites in CA1:SO",NULL,"3100429.png",NULL
3100429,4080,NULL,4081,NULL,"<b>O/A interneuron contacts onto other interneurons.</b><br><b>A and B,</b> HRPï¿½filled axonal processes (arrows) contacting other interneuron dendrites (ID) in stratum oriens. Note numerous other, nonï¿½HRPï¿½filled synaptic contacts (open arrows) onto the aspinous interneuron dendrites. Scale bar, 0.5 ï¿½m","Fig. 10",NULL,NULL,NULL,NULL,3612227,0,"CA1 O/A Interneuron?CA1 Interneuron with dendrites in CA1:SO",NULL,"3100429.png",NULL
3100429,4080,NULL,4069,NULL,"<b>O/A interneuron contacts onto other interneurons.</b><br><b>A and B,</b> HRPï¿½filled axonal processes (arrows) contacting other interneuron dendrites (ID) in stratum oriens. Note numerous other, nonï¿½HRPï¿½filled synaptic contacts (open arrows) onto the aspinous interneuron dendrites. Scale bar, 0.5 ï¿½m","Fig. 10",NULL,NULL,NULL,NULL,3612227,0,"CA1 O/A Interneuron?CA1 Interneuron with dendrites in CA1:SO",NULL,"3100429.png",NULL
3100429,4080,NULL,4089,NULL,"<b>O/A interneuron contacts onto other interneurons.</b><br><b>A and B,</b> HRPï¿½filled axonal processes (arrows) contacting other interneuron dendrites (ID) in stratum oriens. Note numerous other, nonï¿½HRPï¿½filled synaptic contacts (open arrows) onto the aspinous interneuron dendrites. Scale bar, 0.5 ï¿½m","Fig. 10",NULL,NULL,NULL,NULL,3612227,0,"CA1 O/A Interneuron?CA1 Interneuron with dendrites in CA1:SO",NULL,"3100429.png",NULL
3100429,4080,NULL,4087,NULL,"<b>O/A interneuron contacts onto other interneurons.</b><br><b>A and B,</b> HRPï¿½filled axonal processes (arrows) contacting other interneuron dendrites (ID) in stratum oriens. Note numerous other, nonï¿½HRPï¿½filled synaptic contacts (open arrows) onto the aspinous interneuron dendrites. Scale bar, 0.5 ï¿½m","Fig. 10",NULL,NULL,NULL,NULL,3612227,0,"CA1 O/A Interneuron?CA1 Interneuron with dendrites in CA1:SO",NULL,"3100429.png",NULL
3100429,4080,NULL,4055,NULL,"<b>O/A interneuron contacts onto other interneurons.</b><br><b>A and B,</b> HRPï¿½filled axonal processes (arrows) contacting other interneuron dendrites (ID) in stratum oriens. Note numerous other, nonï¿½HRPï¿½filled synaptic contacts (open arrows) onto the aspinous interneuron dendrites. Scale bar, 0.5 ï¿½m","Fig. 10",NULL,NULL,NULL,NULL,3612227,0,"CA1 O/A Interneuron?CA1 Interneuron with dendrites in CA1:SO",NULL,"3100429.png",NULL
3100429,4080,NULL,4083,NULL,"<b>O/A interneuron contacts onto other interneurons.</b><br><b>A and B,</b> HRPï¿½filled axonal processes (arrows) contacting other interneuron dendrites (ID) in stratum oriens. Note numerous other, nonï¿½HRPï¿½filled synaptic contacts (open arrows) onto the aspinous interneuron dendrites. Scale bar, 0.5 ï¿½m","Fig. 10",NULL,NULL,NULL,NULL,3612227,0,"CA1 O/A Interneuron?CA1 Interneuron with dendrites in CA1:SO",NULL,"3100429.png",NULL
3100429,4080,NULL,4068,NULL,"<b>O/A interneuron contacts onto other interneurons.</b><br><b>A and B,</b> HRPï¿½filled axonal processes (arrows) contacting other interneuron dendrites (ID) in stratum oriens. Note numerous other, nonï¿½HRPï¿½filled synaptic contacts (open arrows) onto the aspinous interneuron dendrites. Scale bar, 0.5 ï¿½m","Fig. 10",NULL,NULL,NULL,NULL,3612227,0,"CA1 O/A Interneuron?CA1 Interneuron with dendrites in CA1:SO",NULL,"3100429.png",NULL
3100429,4080,NULL,4066,NULL,"<b>O/A interneuron contacts onto other interneurons.</b><br><b>A and B,</b> HRPï¿½filled axonal processes (arrows) contacting other interneuron dendrites (ID) in stratum oriens. Note numerous other, nonï¿½HRPï¿½filled synaptic contacts (open arrows) onto the aspinous interneuron dendrites. Scale bar, 0.5 ï¿½m","Fig. 10",NULL,NULL,NULL,NULL,3612227,0,"CA1 O/A Interneuron?CA1 Interneuron with dendrites in CA1:SO",NULL,"3100429.png",NULL
3100429,4080,NULL,4076,NULL,"<b>O/A interneuron contacts onto other interneurons.</b><br><b>A and B,</b> HRPï¿½filled axonal processes (arrows) contacting other interneuron dendrites (ID) in stratum oriens. Note numerous other, nonï¿½HRPï¿½filled synaptic contacts (open arrows) onto the aspinous interneuron dendrites. Scale bar, 0.5 ï¿½m","Fig. 10",NULL,NULL,NULL,NULL,3612227,0,"CA1 O/A Interneuron?CA1 Interneuron with dendrites in CA1:SO",NULL,"3100429.png",NULL
3100429,4080,NULL,4003,NULL,"<b>O/A interneuron contacts onto other interneurons.</b><br><b>A and B,</b> HRPï¿½filled axonal processes (arrows) contacting other interneuron dendrites (ID) in stratum oriens. Note numerous other, nonï¿½HRPï¿½filled synaptic contacts (open arrows) onto the aspinous interneuron dendrites. Scale bar, 0.5 ï¿½m","Fig. 10",NULL,NULL,NULL,NULL,3612227,0,"CA1 O/A Interneuron?CA1 Interneuron with dendrites in CA1:SO",NULL,"3100429.png",NULL
3100429,4080,NULL,4084,NULL,"<b>O/A interneuron contacts onto other interneurons.</b><br><b>A and B,</b> HRPï¿½filled axonal processes (arrows) contacting other interneuron dendrites (ID) in stratum oriens. Note numerous other, nonï¿½HRPï¿½filled synaptic contacts (open arrows) onto the aspinous interneuron dendrites. Scale bar, 0.5 ï¿½m","Fig. 10",NULL,NULL,NULL,NULL,3612227,0,"CA1 O/A Interneuron?CA1 Interneuron with dendrites in CA1:SO",NULL,"3100429.png",NULL
3100429,4080,NULL,4033,NULL,"<b>O/A interneuron contacts onto other interneurons.</b><br><b>A and B,</b> HRPï¿½filled axonal processes (arrows) contacting other interneuron dendrites (ID) in stratum oriens. Note numerous other, nonï¿½HRPï¿½filled synaptic contacts (open arrows) onto the aspinous interneuron dendrites. Scale bar, 0.5 ï¿½m","Fig. 10",NULL,NULL,NULL,NULL,3612227,0,"CA1 O/A Interneuron?CA1 Interneuron with dendrites in CA1:SO",NULL,"3100429.png",NULL
3100429,4080,NULL,4041,NULL,"<b>O/A interneuron contacts onto other interneurons.</b><br><b>A and B,</b> HRPï¿½filled axonal processes (arrows) contacting other interneuron dendrites (ID) in stratum oriens. Note numerous other, nonï¿½HRPï¿½filled synaptic contacts (open arrows) onto the aspinous interneuron dendrites. Scale bar, 0.5 ï¿½m","Fig. 10",NULL,NULL,NULL,NULL,3612227,0,"CA1 O/A Interneuron?CA1 Interneuron with dendrites in CA1:SO",NULL,"3100429.png",NULL
3100429,4080,NULL,4035,NULL,"<b>O/A interneuron contacts onto other interneurons.</b><br><b>A and B,</b> HRPï¿½filled axonal processes (arrows) contacting other interneuron dendrites (ID) in stratum oriens. Note numerous other, nonï¿½HRPï¿½filled synaptic contacts (open arrows) onto the aspinous interneuron dendrites. Scale bar, 0.5 ï¿½m","Fig. 10",NULL,NULL,NULL,NULL,3612227,0,"CA1 O/A Interneuron?CA1 Interneuron with dendrites in CA1:SO",NULL,"3100429.png",NULL
3100429,4080,NULL,4013,NULL,"<b>O/A interneuron contacts onto other interneurons.</b><br><b>A and B,</b> HRPï¿½filled axonal processes (arrows) contacting other interneuron dendrites (ID) in stratum oriens. Note numerous other, nonï¿½HRPï¿½filled synaptic contacts (open arrows) onto the aspinous interneuron dendrites. Scale bar, 0.5 ï¿½m","Fig. 10",NULL,NULL,NULL,NULL,3612227,0,"CA1 O/A Interneuron?CA1 Interneuron with dendrites in CA1:SO",NULL,"3100429.png",NULL
3100429,4081,NULL,4036,NULL,"<b>O/A interneuron contacts onto other interneurons.</b><br><b>A and B,</b> HRPï¿½filled axonal processes (arrows) contacting other interneuron dendrites (ID) in stratum oriens. Note numerous other, nonï¿½HRPï¿½filled synaptic contacts (open arrows) onto the aspinous interneuron dendrites. Scale bar, 0.5 ï¿½m","Fig. 10",NULL,NULL,NULL,NULL,3612227,0,"CA1 O/A Interneuron?CA1 Interneuron with dendrites in CA1:SO",NULL,"3100429.png",NULL
3100429,4081,NULL,4038,NULL,"<b>O/A interneuron contacts onto other interneurons.</b><br><b>A and B,</b> HRPï¿½filled axonal processes (arrows) contacting other interneuron dendrites (ID) in stratum oriens. Note numerous other, nonï¿½HRPï¿½filled synaptic contacts (open arrows) onto the aspinous interneuron dendrites. Scale bar, 0.5 ï¿½m","Fig. 10",NULL,NULL,NULL,NULL,3612227,0,"CA1 O/A Interneuron?CA1 Interneuron with dendrites in CA1:SO",NULL,"3100429.png",NULL
3100429,4081,NULL,4023,NULL,"<b>O/A interneuron contacts onto other interneurons.</b><br><b>A and B,</b> HRPï¿½filled axonal processes (arrows) contacting other interneuron dendrites (ID) in stratum oriens. Note numerous other, nonï¿½HRPï¿½filled synaptic contacts (open arrows) onto the aspinous interneuron dendrites. Scale bar, 0.5 ï¿½m","Fig. 10",NULL,NULL,NULL,NULL,3612227,0,"CA1 O/A Interneuron?CA1 Interneuron with dendrites in CA1:SO",NULL,"3100429.png",NULL
3100429,4081,NULL,4078,NULL,"<b>O/A interneuron contacts onto other interneurons.</b><br><b>A and B,</b> HRPï¿½filled axonal processes (arrows) contacting other interneuron dendrites (ID) in stratum oriens. Note numerous other, nonï¿½HRPï¿½filled synaptic contacts (open arrows) onto the aspinous interneuron dendrites. Scale bar, 0.5 ï¿½m","Fig. 10",NULL,NULL,NULL,NULL,3612227,0,"CA1 O/A Interneuron?CA1 Interneuron with dendrites in CA1:SO",NULL,"3100429.png",NULL
3100429,4081,NULL,4079,NULL,"<b>O/A interneuron contacts onto other interneurons.</b><br><b>A and B,</b> HRPï¿½filled axonal processes (arrows) contacting other interneuron dendrites (ID) in stratum oriens. Note numerous other, nonï¿½HRPï¿½filled synaptic contacts (open arrows) onto the aspinous interneuron dendrites. Scale bar, 0.5 ï¿½m","Fig. 10",NULL,NULL,NULL,NULL,3612227,0,"CA1 O/A Interneuron?CA1 Interneuron with dendrites in CA1:SO",NULL,"3100429.png",NULL
3100429,4081,NULL,4039,NULL,"<b>O/A interneuron contacts onto other interneurons.</b><br><b>A and B,</b> HRPï¿½filled axonal processes (arrows) contacting other interneuron dendrites (ID) in stratum oriens. Note numerous other, nonï¿½HRPï¿½filled synaptic contacts (open arrows) onto the aspinous interneuron dendrites. Scale bar, 0.5 ï¿½m","Fig. 10",NULL,NULL,NULL,NULL,3612227,0,"CA1 O/A Interneuron?CA1 Interneuron with dendrites in CA1:SO",NULL,"3100429.png",NULL
3100429,4081,NULL,4080,NULL,"<b>O/A interneuron contacts onto other interneurons.</b><br><b>A and B,</b> HRPï¿½filled axonal processes (arrows) contacting other interneuron dendrites (ID) in stratum oriens. Note numerous other, nonï¿½HRPï¿½filled synaptic contacts (open arrows) onto the aspinous interneuron dendrites. Scale bar, 0.5 ï¿½m","Fig. 10",NULL,NULL,NULL,NULL,3612227,0,"CA1 O/A Interneuron?CA1 Interneuron with dendrites in CA1:SO",NULL,"3100429.png",NULL
3100429,4081,NULL,4022,NULL,"<b>O/A interneuron contacts onto other interneurons.</b><br><b>A and B,</b> HRPï¿½filled axonal processes (arrows) contacting other interneuron dendrites (ID) in stratum oriens. Note numerous other, nonï¿½HRPï¿½filled synaptic contacts (open arrows) onto the aspinous interneuron dendrites. Scale bar, 0.5 ï¿½m","Fig. 10",NULL,NULL,NULL,NULL,3612227,0,"CA1 O/A Interneuron?CA1 Interneuron with dendrites in CA1:SO",NULL,"3100429.png",NULL
3100429,4081,NULL,4031,NULL,"<b>O/A interneuron contacts onto other interneurons.</b><br><b>A and B,</b> HRPï¿½filled axonal processes (arrows) contacting other interneuron dendrites (ID) in stratum oriens. Note numerous other, nonï¿½HRPï¿½filled synaptic contacts (open arrows) onto the aspinous interneuron dendrites. Scale bar, 0.5 ï¿½m","Fig. 10",NULL,NULL,NULL,NULL,3612227,0,"CA1 O/A Interneuron?CA1 Interneuron with dendrites in CA1:SO",NULL,"3100429.png",NULL
3100429,4081,NULL,4020,NULL,"<b>O/A interneuron contacts onto other interneurons.</b><br><b>A and B,</b> HRPï¿½filled axonal processes (arrows) contacting other interneuron dendrites (ID) in stratum oriens. Note numerous other, nonï¿½HRPï¿½filled synaptic contacts (open arrows) onto the aspinous interneuron dendrites. Scale bar, 0.5 ï¿½m","Fig. 10",NULL,NULL,NULL,NULL,3612227,0,"CA1 O/A Interneuron?CA1 Interneuron with dendrites in CA1:SO",NULL,"3100429.png",NULL
3100429,4081,NULL,4093,NULL,"<b>O/A interneuron contacts onto other interneurons.</b><br><b>A and B,</b> HRPï¿½filled axonal processes (arrows) contacting other interneuron dendrites (ID) in stratum oriens. Note numerous other, nonï¿½HRPï¿½filled synaptic contacts (open arrows) onto the aspinous interneuron dendrites. Scale bar, 0.5 ï¿½m","Fig. 10",NULL,NULL,NULL,NULL,3612227,0,"CA1 O/A Interneuron?CA1 Interneuron with dendrites in CA1:SO",NULL,"3100429.png",NULL
3100429,4081,NULL,4081,NULL,"<b>O/A interneuron contacts onto other interneurons.</b><br><b>A and B,</b> HRPï¿½filled axonal processes (arrows) contacting other interneuron dendrites (ID) in stratum oriens. Note numerous other, nonï¿½HRPï¿½filled synaptic contacts (open arrows) onto the aspinous interneuron dendrites. Scale bar, 0.5 ï¿½m","Fig. 10",NULL,NULL,NULL,NULL,3612227,0,"CA1 O/A Interneuron?CA1 Interneuron with dendrites in CA1:SO",NULL,"3100429.png",NULL
3100429,4081,NULL,4069,NULL,"<b>O/A interneuron contacts onto other interneurons.</b><br><b>A and B,</b> HRPï¿½filled axonal processes (arrows) contacting other interneuron dendrites (ID) in stratum oriens. Note numerous other, nonï¿½HRPï¿½filled synaptic contacts (open arrows) onto the aspinous interneuron dendrites. Scale bar, 0.5 ï¿½m","Fig. 10",NULL,NULL,NULL,NULL,3612227,0,"CA1 O/A Interneuron?CA1 Interneuron with dendrites in CA1:SO",NULL,"3100429.png",NULL
3100429,4081,NULL,4089,NULL,"<b>O/A interneuron contacts onto other interneurons.</b><br><b>A and B,</b> HRPï¿½filled axonal processes (arrows) contacting other interneuron dendrites (ID) in stratum oriens. Note numerous other, nonï¿½HRPï¿½filled synaptic contacts (open arrows) onto the aspinous interneuron dendrites. Scale bar, 0.5 ï¿½m","Fig. 10",NULL,NULL,NULL,NULL,3612227,0,"CA1 O/A Interneuron?CA1 Interneuron with dendrites in CA1:SO",NULL,"3100429.png",NULL
3100429,4081,NULL,4087,NULL,"<b>O/A interneuron contacts onto other interneurons.</b><br><b>A and B,</b> HRPï¿½filled axonal processes (arrows) contacting other interneuron dendrites (ID) in stratum oriens. Note numerous other, nonï¿½HRPï¿½filled synaptic contacts (open arrows) onto the aspinous interneuron dendrites. Scale bar, 0.5 ï¿½m","Fig. 10",NULL,NULL,NULL,NULL,3612227,0,"CA1 O/A Interneuron?CA1 Interneuron with dendrites in CA1:SO",NULL,"3100429.png",NULL
3100429,4081,NULL,4055,NULL,"<b>O/A interneuron contacts onto other interneurons.</b><br><b>A and B,</b> HRPï¿½filled axonal processes (arrows) contacting other interneuron dendrites (ID) in stratum oriens. Note numerous other, nonï¿½HRPï¿½filled synaptic contacts (open arrows) onto the aspinous interneuron dendrites. Scale bar, 0.5 ï¿½m","Fig. 10",NULL,NULL,NULL,NULL,3612227,0,"CA1 O/A Interneuron?CA1 Interneuron with dendrites in CA1:SO",NULL,"3100429.png",NULL
3100429,4081,NULL,4083,NULL,"<b>O/A interneuron contacts onto other interneurons.</b><br><b>A and B,</b> HRPï¿½filled axonal processes (arrows) contacting other interneuron dendrites (ID) in stratum oriens. Note numerous other, nonï¿½HRPï¿½filled synaptic contacts (open arrows) onto the aspinous interneuron dendrites. Scale bar, 0.5 ï¿½m","Fig. 10",NULL,NULL,NULL,NULL,3612227,0,"CA1 O/A Interneuron?CA1 Interneuron with dendrites in CA1:SO",NULL,"3100429.png",NULL
3100429,4081,NULL,4068,NULL,"<b>O/A interneuron contacts onto other interneurons.</b><br><b>A and B,</b> HRPï¿½filled axonal processes (arrows) contacting other interneuron dendrites (ID) in stratum oriens. Note numerous other, nonï¿½HRPï¿½filled synaptic contacts (open arrows) onto the aspinous interneuron dendrites. Scale bar, 0.5 ï¿½m","Fig. 10",NULL,NULL,NULL,NULL,3612227,0,"CA1 O/A Interneuron?CA1 Interneuron with dendrites in CA1:SO",NULL,"3100429.png",NULL
3100429,4081,NULL,4066,NULL,"<b>O/A interneuron contacts onto other interneurons.</b><br><b>A and B,</b> HRPï¿½filled axonal processes (arrows) contacting other interneuron dendrites (ID) in stratum oriens. Note numerous other, nonï¿½HRPï¿½filled synaptic contacts (open arrows) onto the aspinous interneuron dendrites. Scale bar, 0.5 ï¿½m","Fig. 10",NULL,NULL,NULL,NULL,3612227,0,"CA1 O/A Interneuron?CA1 Interneuron with dendrites in CA1:SO",NULL,"3100429.png",NULL
3100429,4081,NULL,4076,NULL,"<b>O/A interneuron contacts onto other interneurons.</b><br><b>A and B,</b> HRPï¿½filled axonal processes (arrows) contacting other interneuron dendrites (ID) in stratum oriens. Note numerous other, nonï¿½HRPï¿½filled synaptic contacts (open arrows) onto the aspinous interneuron dendrites. Scale bar, 0.5 ï¿½m","Fig. 10",NULL,NULL,NULL,NULL,3612227,0,"CA1 O/A Interneuron?CA1 Interneuron with dendrites in CA1:SO",NULL,"3100429.png",NULL
3100429,4081,NULL,4003,NULL,"<b>O/A interneuron contacts onto other interneurons.</b><br><b>A and B,</b> HRPï¿½filled axonal processes (arrows) contacting other interneuron dendrites (ID) in stratum oriens. Note numerous other, nonï¿½HRPï¿½filled synaptic contacts (open arrows) onto the aspinous interneuron dendrites. Scale bar, 0.5 ï¿½m","Fig. 10",NULL,NULL,NULL,NULL,3612227,0,"CA1 O/A Interneuron?CA1 Interneuron with dendrites in CA1:SO",NULL,"3100429.png",NULL
3100429,4081,NULL,4084,NULL,"<b>O/A interneuron contacts onto other interneurons.</b><br><b>A and B,</b> HRPï¿½filled axonal processes (arrows) contacting other interneuron dendrites (ID) in stratum oriens. Note numerous other, nonï¿½HRPï¿½filled synaptic contacts (open arrows) onto the aspinous interneuron dendrites. Scale bar, 0.5 ï¿½m","Fig. 10",NULL,NULL,NULL,NULL,3612227,0,"CA1 O/A Interneuron?CA1 Interneuron with dendrites in CA1:SO",NULL,"3100429.png",NULL
3100429,4081,NULL,4033,NULL,"<b>O/A interneuron contacts onto other interneurons.</b><br><b>A and B,</b> HRPï¿½filled axonal processes (arrows) contacting other interneuron dendrites (ID) in stratum oriens. Note numerous other, nonï¿½HRPï¿½filled synaptic contacts (open arrows) onto the aspinous interneuron dendrites. Scale bar, 0.5 ï¿½m","Fig. 10",NULL,NULL,NULL,NULL,3612227,0,"CA1 O/A Interneuron?CA1 Interneuron with dendrites in CA1:SO",NULL,"3100429.png",NULL
3100429,4081,NULL,4041,NULL,"<b>O/A interneuron contacts onto other interneurons.</b><br><b>A and B,</b> HRPï¿½filled axonal processes (arrows) contacting other interneuron dendrites (ID) in stratum oriens. Note numerous other, nonï¿½HRPï¿½filled synaptic contacts (open arrows) onto the aspinous interneuron dendrites. Scale bar, 0.5 ï¿½m","Fig. 10",NULL,NULL,NULL,NULL,3612227,0,"CA1 O/A Interneuron?CA1 Interneuron with dendrites in CA1:SO",NULL,"3100429.png",NULL
3100429,4081,NULL,4035,NULL,"<b>O/A interneuron contacts onto other interneurons.</b><br><b>A and B,</b> HRPï¿½filled axonal processes (arrows) contacting other interneuron dendrites (ID) in stratum oriens. Note numerous other, nonï¿½HRPï¿½filled synaptic contacts (open arrows) onto the aspinous interneuron dendrites. Scale bar, 0.5 ï¿½m","Fig. 10",NULL,NULL,NULL,NULL,3612227,0,"CA1 O/A Interneuron?CA1 Interneuron with dendrites in CA1:SO",NULL,"3100429.png",NULL
3100429,4081,NULL,4013,NULL,"<b>O/A interneuron contacts onto other interneurons.</b><br><b>A and B,</b> HRPï¿½filled axonal processes (arrows) contacting other interneuron dendrites (ID) in stratum oriens. Note numerous other, nonï¿½HRPï¿½filled synaptic contacts (open arrows) onto the aspinous interneuron dendrites. Scale bar, 0.5 ï¿½m","Fig. 10",NULL,NULL,NULL,NULL,3612227,0,"CA1 O/A Interneuron?CA1 Interneuron with dendrites in CA1:SO",NULL,"3100429.png",NULL
3100429,4089,NULL,4036,NULL,"<b>O/A interneuron contacts onto other interneurons.</b><br><b>A and B,</b> HRPï¿½filled axonal processes (arrows) contacting other interneuron dendrites (ID) in stratum oriens. Note numerous other, nonï¿½HRPï¿½filled synaptic contacts (open arrows) onto the aspinous interneuron dendrites. Scale bar, 0.5 ï¿½m","Fig. 10",NULL,NULL,NULL,NULL,3612227,0,"CA1 O/A Interneuron?CA1 Interneuron with dendrites in CA1:SO",NULL,"3100429.png",NULL
3100429,4089,NULL,4038,NULL,"<b>O/A interneuron contacts onto other interneurons.</b><br><b>A and B,</b> HRPï¿½filled axonal processes (arrows) contacting other interneuron dendrites (ID) in stratum oriens. Note numerous other, nonï¿½HRPï¿½filled synaptic contacts (open arrows) onto the aspinous interneuron dendrites. Scale bar, 0.5 ï¿½m","Fig. 10",NULL,NULL,NULL,NULL,3612227,0,"CA1 O/A Interneuron?CA1 Interneuron with dendrites in CA1:SO",NULL,"3100429.png",NULL
3100429,4089,NULL,4023,NULL,"<b>O/A interneuron contacts onto other interneurons.</b><br><b>A and B,</b> HRPï¿½filled axonal processes (arrows) contacting other interneuron dendrites (ID) in stratum oriens. Note numerous other, nonï¿½HRPï¿½filled synaptic contacts (open arrows) onto the aspinous interneuron dendrites. Scale bar, 0.5 ï¿½m","Fig. 10",NULL,NULL,NULL,NULL,3612227,0,"CA1 O/A Interneuron?CA1 Interneuron with dendrites in CA1:SO",NULL,"3100429.png",NULL
3100429,4089,NULL,4078,NULL,"<b>O/A interneuron contacts onto other interneurons.</b><br><b>A and B,</b> HRPï¿½filled axonal processes (arrows) contacting other interneuron dendrites (ID) in stratum oriens. Note numerous other, nonï¿½HRPï¿½filled synaptic contacts (open arrows) onto the aspinous interneuron dendrites. Scale bar, 0.5 ï¿½m","Fig. 10",NULL,NULL,NULL,NULL,3612227,0,"CA1 O/A Interneuron?CA1 Interneuron with dendrites in CA1:SO",NULL,"3100429.png",NULL
3100429,4089,NULL,4079,NULL,"<b>O/A interneuron contacts onto other interneurons.</b><br><b>A and B,</b> HRPï¿½filled axonal processes (arrows) contacting other interneuron dendrites (ID) in stratum oriens. Note numerous other, nonï¿½HRPï¿½filled synaptic contacts (open arrows) onto the aspinous interneuron dendrites. Scale bar, 0.5 ï¿½m","Fig. 10",NULL,NULL,NULL,NULL,3612227,0,"CA1 O/A Interneuron?CA1 Interneuron with dendrites in CA1:SO",NULL,"3100429.png",NULL
3100429,4089,NULL,4039,NULL,"<b>O/A interneuron contacts onto other interneurons.</b><br><b>A and B,</b> HRPï¿½filled axonal processes (arrows) contacting other interneuron dendrites (ID) in stratum oriens. Note numerous other, nonï¿½HRPï¿½filled synaptic contacts (open arrows) onto the aspinous interneuron dendrites. Scale bar, 0.5 ï¿½m","Fig. 10",NULL,NULL,NULL,NULL,3612227,0,"CA1 O/A Interneuron?CA1 Interneuron with dendrites in CA1:SO",NULL,"3100429.png",NULL
3100429,4089,NULL,4080,NULL,"<b>O/A interneuron contacts onto other interneurons.</b><br><b>A and B,</b> HRPï¿½filled axonal processes (arrows) contacting other interneuron dendrites (ID) in stratum oriens. Note numerous other, nonï¿½HRPï¿½filled synaptic contacts (open arrows) onto the aspinous interneuron dendrites. Scale bar, 0.5 ï¿½m","Fig. 10",NULL,NULL,NULL,NULL,3612227,0,"CA1 O/A Interneuron?CA1 Interneuron with dendrites in CA1:SO",NULL,"3100429.png",NULL
3100429,4089,NULL,4022,NULL,"<b>O/A interneuron contacts onto other interneurons.</b><br><b>A and B,</b> HRPï¿½filled axonal processes (arrows) contacting other interneuron dendrites (ID) in stratum oriens. Note numerous other, nonï¿½HRPï¿½filled synaptic contacts (open arrows) onto the aspinous interneuron dendrites. Scale bar, 0.5 ï¿½m","Fig. 10",NULL,NULL,NULL,NULL,3612227,0,"CA1 O/A Interneuron?CA1 Interneuron with dendrites in CA1:SO",NULL,"3100429.png",NULL
3100429,4089,NULL,4031,NULL,"<b>O/A interneuron contacts onto other interneurons.</b><br><b>A and B,</b> HRPï¿½filled axonal processes (arrows) contacting other interneuron dendrites (ID) in stratum oriens. Note numerous other, nonï¿½HRPï¿½filled synaptic contacts (open arrows) onto the aspinous interneuron dendrites. Scale bar, 0.5 ï¿½m","Fig. 10",NULL,NULL,NULL,NULL,3612227,0,"CA1 O/A Interneuron?CA1 Interneuron with dendrites in CA1:SO",NULL,"3100429.png",NULL
3100429,4089,NULL,4020,NULL,"<b>O/A interneuron contacts onto other interneurons.</b><br><b>A and B,</b> HRPï¿½filled axonal processes (arrows) contacting other interneuron dendrites (ID) in stratum oriens. Note numerous other, nonï¿½HRPï¿½filled synaptic contacts (open arrows) onto the aspinous interneuron dendrites. Scale bar, 0.5 ï¿½m","Fig. 10",NULL,NULL,NULL,NULL,3612227,0,"CA1 O/A Interneuron?CA1 Interneuron with dendrites in CA1:SO",NULL,"3100429.png",NULL
3100429,4089,NULL,4093,NULL,"<b>O/A interneuron contacts onto other interneurons.</b><br><b>A and B,</b> HRPï¿½filled axonal processes (arrows) contacting other interneuron dendrites (ID) in stratum oriens. Note numerous other, nonï¿½HRPï¿½filled synaptic contacts (open arrows) onto the aspinous interneuron dendrites. Scale bar, 0.5 ï¿½m","Fig. 10",NULL,NULL,NULL,NULL,3612227,0,"CA1 O/A Interneuron?CA1 Interneuron with dendrites in CA1:SO",NULL,"3100429.png",NULL
3100429,4089,NULL,4081,NULL,"<b>O/A interneuron contacts onto other interneurons.</b><br><b>A and B,</b> HRPï¿½filled axonal processes (arrows) contacting other interneuron dendrites (ID) in stratum oriens. Note numerous other, nonï¿½HRPï¿½filled synaptic contacts (open arrows) onto the aspinous interneuron dendrites. Scale bar, 0.5 ï¿½m","Fig. 10",NULL,NULL,NULL,NULL,3612227,0,"CA1 O/A Interneuron?CA1 Interneuron with dendrites in CA1:SO",NULL,"3100429.png",NULL
3100429,4089,NULL,4069,NULL,"<b>O/A interneuron contacts onto other interneurons.</b><br><b>A and B,</b> HRPï¿½filled axonal processes (arrows) contacting other interneuron dendrites (ID) in stratum oriens. Note numerous other, nonï¿½HRPï¿½filled synaptic contacts (open arrows) onto the aspinous interneuron dendrites. Scale bar, 0.5 ï¿½m","Fig. 10",NULL,NULL,NULL,NULL,3612227,0,"CA1 O/A Interneuron?CA1 Interneuron with dendrites in CA1:SO",NULL,"3100429.png",NULL
3100429,4089,NULL,4089,NULL,"<b>O/A interneuron contacts onto other interneurons.</b><br><b>A and B,</b> HRPï¿½filled axonal processes (arrows) contacting other interneuron dendrites (ID) in stratum oriens. Note numerous other, nonï¿½HRPï¿½filled synaptic contacts (open arrows) onto the aspinous interneuron dendrites. Scale bar, 0.5 ï¿½m","Fig. 10",NULL,NULL,NULL,NULL,3612227,0,"CA1 O/A Interneuron?CA1 Interneuron with dendrites in CA1:SO",NULL,"3100429.png",NULL
3100429,4089,NULL,4087,NULL,"<b>O/A interneuron contacts onto other interneurons.</b><br><b>A and B,</b> HRPï¿½filled axonal processes (arrows) contacting other interneuron dendrites (ID) in stratum oriens. Note numerous other, nonï¿½HRPï¿½filled synaptic contacts (open arrows) onto the aspinous interneuron dendrites. Scale bar, 0.5 ï¿½m","Fig. 10",NULL,NULL,NULL,NULL,3612227,0,"CA1 O/A Interneuron?CA1 Interneuron with dendrites in CA1:SO",NULL,"3100429.png",NULL
3100429,4089,NULL,4055,NULL,"<b>O/A interneuron contacts onto other interneurons.</b><br><b>A and B,</b> HRPï¿½filled axonal processes (arrows) contacting other interneuron dendrites (ID) in stratum oriens. Note numerous other, nonï¿½HRPï¿½filled synaptic contacts (open arrows) onto the aspinous interneuron dendrites. Scale bar, 0.5 ï¿½m","Fig. 10",NULL,NULL,NULL,NULL,3612227,0,"CA1 O/A Interneuron?CA1 Interneuron with dendrites in CA1:SO",NULL,"3100429.png",NULL
3100429,4089,NULL,4083,NULL,"<b>O/A interneuron contacts onto other interneurons.</b><br><b>A and B,</b> HRPï¿½filled axonal processes (arrows) contacting other interneuron dendrites (ID) in stratum oriens. Note numerous other, nonï¿½HRPï¿½filled synaptic contacts (open arrows) onto the aspinous interneuron dendrites. Scale bar, 0.5 ï¿½m","Fig. 10",NULL,NULL,NULL,NULL,3612227,0,"CA1 O/A Interneuron?CA1 Interneuron with dendrites in CA1:SO",NULL,"3100429.png",NULL
3100429,4089,NULL,4068,NULL,"<b>O/A interneuron contacts onto other interneurons.</b><br><b>A and B,</b> HRPï¿½filled axonal processes (arrows) contacting other interneuron dendrites (ID) in stratum oriens. Note numerous other, nonï¿½HRPï¿½filled synaptic contacts (open arrows) onto the aspinous interneuron dendrites. Scale bar, 0.5 ï¿½m","Fig. 10",NULL,NULL,NULL,NULL,3612227,0,"CA1 O/A Interneuron?CA1 Interneuron with dendrites in CA1:SO",NULL,"3100429.png",NULL
3100429,4089,NULL,4066,NULL,"<b>O/A interneuron contacts onto other interneurons.</b><br><b>A and B,</b> HRPï¿½filled axonal processes (arrows) contacting other interneuron dendrites (ID) in stratum oriens. Note numerous other, nonï¿½HRPï¿½filled synaptic contacts (open arrows) onto the aspinous interneuron dendrites. Scale bar, 0.5 ï¿½m","Fig. 10",NULL,NULL,NULL,NULL,3612227,0,"CA1 O/A Interneuron?CA1 Interneuron with dendrites in CA1:SO",NULL,"3100429.png",NULL
3100429,4089,NULL,4076,NULL,"<b>O/A interneuron contacts onto other interneurons.</b><br><b>A and B,</b> HRPï¿½filled axonal processes (arrows) contacting other interneuron dendrites (ID) in stratum oriens. Note numerous other, nonï¿½HRPï¿½filled synaptic contacts (open arrows) onto the aspinous interneuron dendrites. Scale bar, 0.5 ï¿½m","Fig. 10",NULL,NULL,NULL,NULL,3612227,0,"CA1 O/A Interneuron?CA1 Interneuron with dendrites in CA1:SO",NULL,"3100429.png",NULL
3100429,4089,NULL,4003,NULL,"<b>O/A interneuron contacts onto other interneurons.</b><br><b>A and B,</b> HRPï¿½filled axonal processes (arrows) contacting other interneuron dendrites (ID) in stratum oriens. Note numerous other, nonï¿½HRPï¿½filled synaptic contacts (open arrows) onto the aspinous interneuron dendrites. Scale bar, 0.5 ï¿½m","Fig. 10",NULL,NULL,NULL,NULL,3612227,0,"CA1 O/A Interneuron?CA1 Interneuron with dendrites in CA1:SO",NULL,"3100429.png",NULL
3100429,4089,NULL,4084,NULL,"<b>O/A interneuron contacts onto other interneurons.</b><br><b>A and B,</b> HRPï¿½filled axonal processes (arrows) contacting other interneuron dendrites (ID) in stratum oriens. Note numerous other, nonï¿½HRPï¿½filled synaptic contacts (open arrows) onto the aspinous interneuron dendrites. Scale bar, 0.5 ï¿½m","Fig. 10",NULL,NULL,NULL,NULL,3612227,0,"CA1 O/A Interneuron?CA1 Interneuron with dendrites in CA1:SO",NULL,"3100429.png",NULL
3100429,4089,NULL,4033,NULL,"<b>O/A interneuron contacts onto other interneurons.</b><br><b>A and B,</b> HRPï¿½filled axonal processes (arrows) contacting other interneuron dendrites (ID) in stratum oriens. Note numerous other, nonï¿½HRPï¿½filled synaptic contacts (open arrows) onto the aspinous interneuron dendrites. Scale bar, 0.5 ï¿½m","Fig. 10",NULL,NULL,NULL,NULL,3612227,0,"CA1 O/A Interneuron?CA1 Interneuron with dendrites in CA1:SO",NULL,"3100429.png",NULL
3100429,4089,NULL,4041,NULL,"<b>O/A interneuron contacts onto other interneurons.</b><br><b>A and B,</b> HRPï¿½filled axonal processes (arrows) contacting other interneuron dendrites (ID) in stratum oriens. Note numerous other, nonï¿½HRPï¿½filled synaptic contacts (open arrows) onto the aspinous interneuron dendrites. Scale bar, 0.5 ï¿½m","Fig. 10",NULL,NULL,NULL,NULL,3612227,0,"CA1 O/A Interneuron?CA1 Interneuron with dendrites in CA1:SO",NULL,"3100429.png",NULL
3100429,4089,NULL,4035,NULL,"<b>O/A interneuron contacts onto other interneurons.</b><br><b>A and B,</b> HRPï¿½filled axonal processes (arrows) contacting other interneuron dendrites (ID) in stratum oriens. Note numerous other, nonï¿½HRPï¿½filled synaptic contacts (open arrows) onto the aspinous interneuron dendrites. Scale bar, 0.5 ï¿½m","Fig. 10",NULL,NULL,NULL,NULL,3612227,0,"CA1 O/A Interneuron?CA1 Interneuron with dendrites in CA1:SO",NULL,"3100429.png",NULL
3100429,4089,NULL,4013,NULL,"<b>O/A interneuron contacts onto other interneurons.</b><br><b>A and B,</b> HRPï¿½filled axonal processes (arrows) contacting other interneuron dendrites (ID) in stratum oriens. Note numerous other, nonï¿½HRPï¿½filled synaptic contacts (open arrows) onto the aspinous interneuron dendrites. Scale bar, 0.5 ï¿½m","Fig. 10",NULL,NULL,NULL,NULL,3612227,0,"CA1 O/A Interneuron?CA1 Interneuron with dendrites in CA1:SO",NULL,"3100429.png",NULL
3100429,4055,NULL,4036,NULL,"<b>O/A interneuron contacts onto other interneurons.</b><br><b>A and B,</b> HRPï¿½filled axonal processes (arrows) contacting other interneuron dendrites (ID) in stratum oriens. Note numerous other, nonï¿½HRPï¿½filled synaptic contacts (open arrows) onto the aspinous interneuron dendrites. Scale bar, 0.5 ï¿½m","Fig. 10",NULL,NULL,NULL,NULL,3612227,0,"CA1 O/A Interneuron?CA1 Interneuron with dendrites in CA1:SO",NULL,"3100429.png",NULL
3100429,4055,NULL,4038,NULL,"<b>O/A interneuron contacts onto other interneurons.</b><br><b>A and B,</b> HRPï¿½filled axonal processes (arrows) contacting other interneuron dendrites (ID) in stratum oriens. Note numerous other, nonï¿½HRPï¿½filled synaptic contacts (open arrows) onto the aspinous interneuron dendrites. Scale bar, 0.5 ï¿½m","Fig. 10",NULL,NULL,NULL,NULL,3612227,0,"CA1 O/A Interneuron?CA1 Interneuron with dendrites in CA1:SO",NULL,"3100429.png",NULL
3100429,4055,NULL,4023,NULL,"<b>O/A interneuron contacts onto other interneurons.</b><br><b>A and B,</b> HRPï¿½filled axonal processes (arrows) contacting other interneuron dendrites (ID) in stratum oriens. Note numerous other, nonï¿½HRPï¿½filled synaptic contacts (open arrows) onto the aspinous interneuron dendrites. Scale bar, 0.5 ï¿½m","Fig. 10",NULL,NULL,NULL,NULL,3612227,0,"CA1 O/A Interneuron?CA1 Interneuron with dendrites in CA1:SO",NULL,"3100429.png",NULL
3100429,4055,NULL,4078,NULL,"<b>O/A interneuron contacts onto other interneurons.</b><br><b>A and B,</b> HRPï¿½filled axonal processes (arrows) contacting other interneuron dendrites (ID) in stratum oriens. Note numerous other, nonï¿½HRPï¿½filled synaptic contacts (open arrows) onto the aspinous interneuron dendrites. Scale bar, 0.5 ï¿½m","Fig. 10",NULL,NULL,NULL,NULL,3612227,0,"CA1 O/A Interneuron?CA1 Interneuron with dendrites in CA1:SO",NULL,"3100429.png",NULL
3100429,4055,NULL,4079,NULL,"<b>O/A interneuron contacts onto other interneurons.</b><br><b>A and B,</b> HRPï¿½filled axonal processes (arrows) contacting other interneuron dendrites (ID) in stratum oriens. Note numerous other, nonï¿½HRPï¿½filled synaptic contacts (open arrows) onto the aspinous interneuron dendrites. Scale bar, 0.5 ï¿½m","Fig. 10",NULL,NULL,NULL,NULL,3612227,0,"CA1 O/A Interneuron?CA1 Interneuron with dendrites in CA1:SO",NULL,"3100429.png",NULL
3100429,4055,NULL,4039,NULL,"<b>O/A interneuron contacts onto other interneurons.</b><br><b>A and B,</b> HRPï¿½filled axonal processes (arrows) contacting other interneuron dendrites (ID) in stratum oriens. Note numerous other, nonï¿½HRPï¿½filled synaptic contacts (open arrows) onto the aspinous interneuron dendrites. Scale bar, 0.5 ï¿½m","Fig. 10",NULL,NULL,NULL,NULL,3612227,0,"CA1 O/A Interneuron?CA1 Interneuron with dendrites in CA1:SO",NULL,"3100429.png",NULL
3100429,4055,NULL,4080,NULL,"<b>O/A interneuron contacts onto other interneurons.</b><br><b>A and B,</b> HRPï¿½filled axonal processes (arrows) contacting other interneuron dendrites (ID) in stratum oriens. Note numerous other, nonï¿½HRPï¿½filled synaptic contacts (open arrows) onto the aspinous interneuron dendrites. Scale bar, 0.5 ï¿½m","Fig. 10",NULL,NULL,NULL,NULL,3612227,0,"CA1 O/A Interneuron?CA1 Interneuron with dendrites in CA1:SO",NULL,"3100429.png",NULL
3100429,4055,NULL,4022,NULL,"<b>O/A interneuron contacts onto other interneurons.</b><br><b>A and B,</b> HRPï¿½filled axonal processes (arrows) contacting other interneuron dendrites (ID) in stratum oriens. Note numerous other, nonï¿½HRPï¿½filled synaptic contacts (open arrows) onto the aspinous interneuron dendrites. Scale bar, 0.5 ï¿½m","Fig. 10",NULL,NULL,NULL,NULL,3612227,0,"CA1 O/A Interneuron?CA1 Interneuron with dendrites in CA1:SO",NULL,"3100429.png",NULL
3100429,4055,NULL,4031,NULL,"<b>O/A interneuron contacts onto other interneurons.</b><br><b>A and B,</b> HRPï¿½filled axonal processes (arrows) contacting other interneuron dendrites (ID) in stratum oriens. Note numerous other, nonï¿½HRPï¿½filled synaptic contacts (open arrows) onto the aspinous interneuron dendrites. Scale bar, 0.5 ï¿½m","Fig. 10",NULL,NULL,NULL,NULL,3612227,0,"CA1 O/A Interneuron?CA1 Interneuron with dendrites in CA1:SO",NULL,"3100429.png",NULL
3100429,4055,NULL,4020,NULL,"<b>O/A interneuron contacts onto other interneurons.</b><br><b>A and B,</b> HRPï¿½filled axonal processes (arrows) contacting other interneuron dendrites (ID) in stratum oriens. Note numerous other, nonï¿½HRPï¿½filled synaptic contacts (open arrows) onto the aspinous interneuron dendrites. Scale bar, 0.5 ï¿½m","Fig. 10",NULL,NULL,NULL,NULL,3612227,0,"CA1 O/A Interneuron?CA1 Interneuron with dendrites in CA1:SO",NULL,"3100429.png",NULL
3100429,4055,NULL,4093,NULL,"<b>O/A interneuron contacts onto other interneurons.</b><br><b>A and B,</b> HRPï¿½filled axonal processes (arrows) contacting other interneuron dendrites (ID) in stratum oriens. Note numerous other, nonï¿½HRPï¿½filled synaptic contacts (open arrows) onto the aspinous interneuron dendrites. Scale bar, 0.5 ï¿½m","Fig. 10",NULL,NULL,NULL,NULL,3612227,0,"CA1 O/A Interneuron?CA1 Interneuron with dendrites in CA1:SO",NULL,"3100429.png",NULL
3100429,4055,NULL,4081,NULL,"<b>O/A interneuron contacts onto other interneurons.</b><br><b>A and B,</b> HRPï¿½filled axonal processes (arrows) contacting other interneuron dendrites (ID) in stratum oriens. Note numerous other, nonï¿½HRPï¿½filled synaptic contacts (open arrows) onto the aspinous interneuron dendrites. Scale bar, 0.5 ï¿½m","Fig. 10",NULL,NULL,NULL,NULL,3612227,0,"CA1 O/A Interneuron?CA1 Interneuron with dendrites in CA1:SO",NULL,"3100429.png",NULL
3100429,4055,NULL,4069,NULL,"<b>O/A interneuron contacts onto other interneurons.</b><br><b>A and B,</b> HRPï¿½filled axonal processes (arrows) contacting other interneuron dendrites (ID) in stratum oriens. Note numerous other, nonï¿½HRPï¿½filled synaptic contacts (open arrows) onto the aspinous interneuron dendrites. Scale bar, 0.5 ï¿½m","Fig. 10",NULL,NULL,NULL,NULL,3612227,0,"CA1 O/A Interneuron?CA1 Interneuron with dendrites in CA1:SO",NULL,"3100429.png",NULL
3100429,4055,NULL,4089,NULL,"<b>O/A interneuron contacts onto other interneurons.</b><br><b>A and B,</b> HRPï¿½filled axonal processes (arrows) contacting other interneuron dendrites (ID) in stratum oriens. Note numerous other, nonï¿½HRPï¿½filled synaptic contacts (open arrows) onto the aspinous interneuron dendrites. Scale bar, 0.5 ï¿½m","Fig. 10",NULL,NULL,NULL,NULL,3612227,0,"CA1 O/A Interneuron?CA1 Interneuron with dendrites in CA1:SO",NULL,"3100429.png",NULL
3100429,4055,NULL,4087,NULL,"<b>O/A interneuron contacts onto other interneurons.</b><br><b>A and B,</b> HRPï¿½filled axonal processes (arrows) contacting other interneuron dendrites (ID) in stratum oriens. Note numerous other, nonï¿½HRPï¿½filled synaptic contacts (open arrows) onto the aspinous interneuron dendrites. Scale bar, 0.5 ï¿½m","Fig. 10",NULL,NULL,NULL,NULL,3612227,0,"CA1 O/A Interneuron?CA1 Interneuron with dendrites in CA1:SO",NULL,"3100429.png",NULL
3100429,4055,NULL,4055,NULL,"<b>O/A interneuron contacts onto other interneurons.</b><br><b>A and B,</b> HRPï¿½filled axonal processes (arrows) contacting other interneuron dendrites (ID) in stratum oriens. Note numerous other, nonï¿½HRPï¿½filled synaptic contacts (open arrows) onto the aspinous interneuron dendrites. Scale bar, 0.5 ï¿½m","Fig. 10",NULL,NULL,NULL,NULL,3612227,0,"CA1 O/A Interneuron?CA1 Interneuron with dendrites in CA1:SO",NULL,"3100429.png",NULL
3100429,4055,NULL,4083,NULL,"<b>O/A interneuron contacts onto other interneurons.</b><br><b>A and B,</b> HRPï¿½filled axonal processes (arrows) contacting other interneuron dendrites (ID) in stratum oriens. Note numerous other, nonï¿½HRPï¿½filled synaptic contacts (open arrows) onto the aspinous interneuron dendrites. Scale bar, 0.5 ï¿½m","Fig. 10",NULL,NULL,NULL,NULL,3612227,0,"CA1 O/A Interneuron?CA1 Interneuron with dendrites in CA1:SO",NULL,"3100429.png",NULL
3100429,4055,NULL,4068,NULL,"<b>O/A interneuron contacts onto other interneurons.</b><br><b>A and B,</b> HRPï¿½filled axonal processes (arrows) contacting other interneuron dendrites (ID) in stratum oriens. Note numerous other, nonï¿½HRPï¿½filled synaptic contacts (open arrows) onto the aspinous interneuron dendrites. Scale bar, 0.5 ï¿½m","Fig. 10",NULL,NULL,NULL,NULL,3612227,0,"CA1 O/A Interneuron?CA1 Interneuron with dendrites in CA1:SO",NULL,"3100429.png",NULL
3100429,4055,NULL,4066,NULL,"<b>O/A interneuron contacts onto other interneurons.</b><br><b>A and B,</b> HRPï¿½filled axonal processes (arrows) contacting other interneuron dendrites (ID) in stratum oriens. Note numerous other, nonï¿½HRPï¿½filled synaptic contacts (open arrows) onto the aspinous interneuron dendrites. Scale bar, 0.5 ï¿½m","Fig. 10",NULL,NULL,NULL,NULL,3612227,0,"CA1 O/A Interneuron?CA1 Interneuron with dendrites in CA1:SO",NULL,"3100429.png",NULL
3100429,4055,NULL,4076,NULL,"<b>O/A interneuron contacts onto other interneurons.</b><br><b>A and B,</b> HRPï¿½filled axonal processes (arrows) contacting other interneuron dendrites (ID) in stratum oriens. Note numerous other, nonï¿½HRPï¿½filled synaptic contacts (open arrows) onto the aspinous interneuron dendrites. Scale bar, 0.5 ï¿½m","Fig. 10",NULL,NULL,NULL,NULL,3612227,0,"CA1 O/A Interneuron?CA1 Interneuron with dendrites in CA1:SO",NULL,"3100429.png",NULL
3100429,4055,NULL,4003,NULL,"<b>O/A interneuron contacts onto other interneurons.</b><br><b>A and B,</b> HRPï¿½filled axonal processes (arrows) contacting other interneuron dendrites (ID) in stratum oriens. Note numerous other, nonï¿½HRPï¿½filled synaptic contacts (open arrows) onto the aspinous interneuron dendrites. Scale bar, 0.5 ï¿½m","Fig. 10",NULL,NULL,NULL,NULL,3612227,0,"CA1 O/A Interneuron?CA1 Interneuron with dendrites in CA1:SO",NULL,"3100429.png",NULL
3100429,4055,NULL,4084,NULL,"<b>O/A interneuron contacts onto other interneurons.</b><br><b>A and B,</b> HRPï¿½filled axonal processes (arrows) contacting other interneuron dendrites (ID) in stratum oriens. Note numerous other, nonï¿½HRPï¿½filled synaptic contacts (open arrows) onto the aspinous interneuron dendrites. Scale bar, 0.5 ï¿½m","Fig. 10",NULL,NULL,NULL,NULL,3612227,0,"CA1 O/A Interneuron?CA1 Interneuron with dendrites in CA1:SO",NULL,"3100429.png",NULL
3100429,4055,NULL,4033,NULL,"<b>O/A interneuron contacts onto other interneurons.</b><br><b>A and B,</b> HRPï¿½filled axonal processes (arrows) contacting other interneuron dendrites (ID) in stratum oriens. Note numerous other, nonï¿½HRPï¿½filled synaptic contacts (open arrows) onto the aspinous interneuron dendrites. Scale bar, 0.5 ï¿½m","Fig. 10",NULL,NULL,NULL,NULL,3612227,0,"CA1 O/A Interneuron?CA1 Interneuron with dendrites in CA1:SO",NULL,"3100429.png",NULL
3100429,4055,NULL,4041,NULL,"<b>O/A interneuron contacts onto other interneurons.</b><br><b>A and B,</b> HRPï¿½filled axonal processes (arrows) contacting other interneuron dendrites (ID) in stratum oriens. Note numerous other, nonï¿½HRPï¿½filled synaptic contacts (open arrows) onto the aspinous interneuron dendrites. Scale bar, 0.5 ï¿½m","Fig. 10",NULL,NULL,NULL,NULL,3612227,0,"CA1 O/A Interneuron?CA1 Interneuron with dendrites in CA1:SO",NULL,"3100429.png",NULL
3100429,4055,NULL,4035,NULL,"<b>O/A interneuron contacts onto other interneurons.</b><br><b>A and B,</b> HRPï¿½filled axonal processes (arrows) contacting other interneuron dendrites (ID) in stratum oriens. Note numerous other, nonï¿½HRPï¿½filled synaptic contacts (open arrows) onto the aspinous interneuron dendrites. Scale bar, 0.5 ï¿½m","Fig. 10",NULL,NULL,NULL,NULL,3612227,0,"CA1 O/A Interneuron?CA1 Interneuron with dendrites in CA1:SO",NULL,"3100429.png",NULL
3100429,4055,NULL,4013,NULL,"<b>O/A interneuron contacts onto other interneurons.</b><br><b>A and B,</b> HRPï¿½filled axonal processes (arrows) contacting other interneuron dendrites (ID) in stratum oriens. Note numerous other, nonï¿½HRPï¿½filled synaptic contacts (open arrows) onto the aspinous interneuron dendrites. Scale bar, 0.5 ï¿½m","Fig. 10",NULL,NULL,NULL,NULL,3612227,0,"CA1 O/A Interneuron?CA1 Interneuron with dendrites in CA1:SO",NULL,"3100429.png",NULL
3100429,4083,NULL,4036,NULL,"<b>O/A interneuron contacts onto other interneurons.</b><br><b>A and B,</b> HRPï¿½filled axonal processes (arrows) contacting other interneuron dendrites (ID) in stratum oriens. Note numerous other, nonï¿½HRPï¿½filled synaptic contacts (open arrows) onto the aspinous interneuron dendrites. Scale bar, 0.5 ï¿½m","Fig. 10",NULL,NULL,NULL,NULL,3612227,0,"CA1 O/A Interneuron?CA1 Interneuron with dendrites in CA1:SO",NULL,"3100429.png",NULL
3100429,4083,NULL,4038,NULL,"<b>O/A interneuron contacts onto other interneurons.</b><br><b>A and B,</b> HRPï¿½filled axonal processes (arrows) contacting other interneuron dendrites (ID) in stratum oriens. Note numerous other, nonï¿½HRPï¿½filled synaptic contacts (open arrows) onto the aspinous interneuron dendrites. Scale bar, 0.5 ï¿½m","Fig. 10",NULL,NULL,NULL,NULL,3612227,0,"CA1 O/A Interneuron?CA1 Interneuron with dendrites in CA1:SO",NULL,"3100429.png",NULL
3100429,4083,NULL,4023,NULL,"<b>O/A interneuron contacts onto other interneurons.</b><br><b>A and B,</b> HRPï¿½filled axonal processes (arrows) contacting other interneuron dendrites (ID) in stratum oriens. Note numerous other, nonï¿½HRPï¿½filled synaptic contacts (open arrows) onto the aspinous interneuron dendrites. Scale bar, 0.5 ï¿½m","Fig. 10",NULL,NULL,NULL,NULL,3612227,0,"CA1 O/A Interneuron?CA1 Interneuron with dendrites in CA1:SO",NULL,"3100429.png",NULL
3100429,4083,NULL,4078,NULL,"<b>O/A interneuron contacts onto other interneurons.</b><br><b>A and B,</b> HRPï¿½filled axonal processes (arrows) contacting other interneuron dendrites (ID) in stratum oriens. Note numerous other, nonï¿½HRPï¿½filled synaptic contacts (open arrows) onto the aspinous interneuron dendrites. Scale bar, 0.5 ï¿½m","Fig. 10",NULL,NULL,NULL,NULL,3612227,0,"CA1 O/A Interneuron?CA1 Interneuron with dendrites in CA1:SO",NULL,"3100429.png",NULL
3100429,4083,NULL,4079,NULL,"<b>O/A interneuron contacts onto other interneurons.</b><br><b>A and B,</b> HRPï¿½filled axonal processes (arrows) contacting other interneuron dendrites (ID) in stratum oriens. Note numerous other, nonï¿½HRPï¿½filled synaptic contacts (open arrows) onto the aspinous interneuron dendrites. Scale bar, 0.5 ï¿½m","Fig. 10",NULL,NULL,NULL,NULL,3612227,0,"CA1 O/A Interneuron?CA1 Interneuron with dendrites in CA1:SO",NULL,"3100429.png",NULL
3100429,4083,NULL,4039,NULL,"<b>O/A interneuron contacts onto other interneurons.</b><br><b>A and B,</b> HRPï¿½filled axonal processes (arrows) contacting other interneuron dendrites (ID) in stratum oriens. Note numerous other, nonï¿½HRPï¿½filled synaptic contacts (open arrows) onto the aspinous interneuron dendrites. Scale bar, 0.5 ï¿½m","Fig. 10",NULL,NULL,NULL,NULL,3612227,0,"CA1 O/A Interneuron?CA1 Interneuron with dendrites in CA1:SO",NULL,"3100429.png",NULL
3100429,4083,NULL,4080,NULL,"<b>O/A interneuron contacts onto other interneurons.</b><br><b>A and B,</b> HRPï¿½filled axonal processes (arrows) contacting other interneuron dendrites (ID) in stratum oriens. Note numerous other, nonï¿½HRPï¿½filled synaptic contacts (open arrows) onto the aspinous interneuron dendrites. Scale bar, 0.5 ï¿½m","Fig. 10",NULL,NULL,NULL,NULL,3612227,0,"CA1 O/A Interneuron?CA1 Interneuron with dendrites in CA1:SO",NULL,"3100429.png",NULL
3100429,4083,NULL,4022,NULL,"<b>O/A interneuron contacts onto other interneurons.</b><br><b>A and B,</b> HRPï¿½filled axonal processes (arrows) contacting other interneuron dendrites (ID) in stratum oriens. Note numerous other, nonï¿½HRPï¿½filled synaptic contacts (open arrows) onto the aspinous interneuron dendrites. Scale bar, 0.5 ï¿½m","Fig. 10",NULL,NULL,NULL,NULL,3612227,0,"CA1 O/A Interneuron?CA1 Interneuron with dendrites in CA1:SO",NULL,"3100429.png",NULL
3100429,4083,NULL,4031,NULL,"<b>O/A interneuron contacts onto other interneurons.</b><br><b>A and B,</b> HRPï¿½filled axonal processes (arrows) contacting other interneuron dendrites (ID) in stratum oriens. Note numerous other, nonï¿½HRPï¿½filled synaptic contacts (open arrows) onto the aspinous interneuron dendrites. Scale bar, 0.5 ï¿½m","Fig. 10",NULL,NULL,NULL,NULL,3612227,0,"CA1 O/A Interneuron?CA1 Interneuron with dendrites in CA1:SO",NULL,"3100429.png",NULL
3100429,4083,NULL,4020,NULL,"<b>O/A interneuron contacts onto other interneurons.</b><br><b>A and B,</b> HRPï¿½filled axonal processes (arrows) contacting other interneuron dendrites (ID) in stratum oriens. Note numerous other, nonï¿½HRPï¿½filled synaptic contacts (open arrows) onto the aspinous interneuron dendrites. Scale bar, 0.5 ï¿½m","Fig. 10",NULL,NULL,NULL,NULL,3612227,0,"CA1 O/A Interneuron?CA1 Interneuron with dendrites in CA1:SO",NULL,"3100429.png",NULL
3100429,4083,NULL,4093,NULL,"<b>O/A interneuron contacts onto other interneurons.</b><br><b>A and B,</b> HRPï¿½filled axonal processes (arrows) contacting other interneuron dendrites (ID) in stratum oriens. Note numerous other, nonï¿½HRPï¿½filled synaptic contacts (open arrows) onto the aspinous interneuron dendrites. Scale bar, 0.5 ï¿½m","Fig. 10",NULL,NULL,NULL,NULL,3612227,0,"CA1 O/A Interneuron?CA1 Interneuron with dendrites in CA1:SO",NULL,"3100429.png",NULL
3100429,4083,NULL,4081,NULL,"<b>O/A interneuron contacts onto other interneurons.</b><br><b>A and B,</b> HRPï¿½filled axonal processes (arrows) contacting other interneuron dendrites (ID) in stratum oriens. Note numerous other, nonï¿½HRPï¿½filled synaptic contacts (open arrows) onto the aspinous interneuron dendrites. Scale bar, 0.5 ï¿½m","Fig. 10",NULL,NULL,NULL,NULL,3612227,0,"CA1 O/A Interneuron?CA1 Interneuron with dendrites in CA1:SO",NULL,"3100429.png",NULL
3100429,4083,NULL,4069,NULL,"<b>O/A interneuron contacts onto other interneurons.</b><br><b>A and B,</b> HRPï¿½filled axonal processes (arrows) contacting other interneuron dendrites (ID) in stratum oriens. Note numerous other, nonï¿½HRPï¿½filled synaptic contacts (open arrows) onto the aspinous interneuron dendrites. Scale bar, 0.5 ï¿½m","Fig. 10",NULL,NULL,NULL,NULL,3612227,0,"CA1 O/A Interneuron?CA1 Interneuron with dendrites in CA1:SO",NULL,"3100429.png",NULL
3100429,4083,NULL,4089,NULL,"<b>O/A interneuron contacts onto other interneurons.</b><br><b>A and B,</b> HRPï¿½filled axonal processes (arrows) contacting other interneuron dendrites (ID) in stratum oriens. Note numerous other, nonï¿½HRPï¿½filled synaptic contacts (open arrows) onto the aspinous interneuron dendrites. Scale bar, 0.5 ï¿½m","Fig. 10",NULL,NULL,NULL,NULL,3612227,0,"CA1 O/A Interneuron?CA1 Interneuron with dendrites in CA1:SO",NULL,"3100429.png",NULL
3100429,4083,NULL,4087,NULL,"<b>O/A interneuron contacts onto other interneurons.</b><br><b>A and B,</b> HRPï¿½filled axonal processes (arrows) contacting other interneuron dendrites (ID) in stratum oriens. Note numerous other, nonï¿½HRPï¿½filled synaptic contacts (open arrows) onto the aspinous interneuron dendrites. Scale bar, 0.5 ï¿½m","Fig. 10",NULL,NULL,NULL,NULL,3612227,0,"CA1 O/A Interneuron?CA1 Interneuron with dendrites in CA1:SO",NULL,"3100429.png",NULL
3100429,4083,NULL,4055,NULL,"<b>O/A interneuron contacts onto other interneurons.</b><br><b>A and B,</b> HRPï¿½filled axonal processes (arrows) contacting other interneuron dendrites (ID) in stratum oriens. Note numerous other, nonï¿½HRPï¿½filled synaptic contacts (open arrows) onto the aspinous interneuron dendrites. Scale bar, 0.5 ï¿½m","Fig. 10",NULL,NULL,NULL,NULL,3612227,0,"CA1 O/A Interneuron?CA1 Interneuron with dendrites in CA1:SO",NULL,"3100429.png",NULL
3100429,4083,NULL,4083,NULL,"<b>O/A interneuron contacts onto other interneurons.</b><br><b>A and B,</b> HRPï¿½filled axonal processes (arrows) contacting other interneuron dendrites (ID) in stratum oriens. Note numerous other, nonï¿½HRPï¿½filled synaptic contacts (open arrows) onto the aspinous interneuron dendrites. Scale bar, 0.5 ï¿½m","Fig. 10",NULL,NULL,NULL,NULL,3612227,0,"CA1 O/A Interneuron?CA1 Interneuron with dendrites in CA1:SO",NULL,"3100429.png",NULL
3100429,4083,NULL,4068,NULL,"<b>O/A interneuron contacts onto other interneurons.</b><br><b>A and B,</b> HRPï¿½filled axonal processes (arrows) contacting other interneuron dendrites (ID) in stratum oriens. Note numerous other, nonï¿½HRPï¿½filled synaptic contacts (open arrows) onto the aspinous interneuron dendrites. Scale bar, 0.5 ï¿½m","Fig. 10",NULL,NULL,NULL,NULL,3612227,0,"CA1 O/A Interneuron?CA1 Interneuron with dendrites in CA1:SO",NULL,"3100429.png",NULL
3100429,4083,NULL,4066,NULL,"<b>O/A interneuron contacts onto other interneurons.</b><br><b>A and B,</b> HRPï¿½filled axonal processes (arrows) contacting other interneuron dendrites (ID) in stratum oriens. Note numerous other, nonï¿½HRPï¿½filled synaptic contacts (open arrows) onto the aspinous interneuron dendrites. Scale bar, 0.5 ï¿½m","Fig. 10",NULL,NULL,NULL,NULL,3612227,0,"CA1 O/A Interneuron?CA1 Interneuron with dendrites in CA1:SO",NULL,"3100429.png",NULL
3100429,4083,NULL,4076,NULL,"<b>O/A interneuron contacts onto other interneurons.</b><br><b>A and B,</b> HRPï¿½filled axonal processes (arrows) contacting other interneuron dendrites (ID) in stratum oriens. Note numerous other, nonï¿½HRPï¿½filled synaptic contacts (open arrows) onto the aspinous interneuron dendrites. Scale bar, 0.5 ï¿½m","Fig. 10",NULL,NULL,NULL,NULL,3612227,0,"CA1 O/A Interneuron?CA1 Interneuron with dendrites in CA1:SO",NULL,"3100429.png",NULL
3100429,4083,NULL,4003,NULL,"<b>O/A interneuron contacts onto other interneurons.</b><br><b>A and B,</b> HRPï¿½filled axonal processes (arrows) contacting other interneuron dendrites (ID) in stratum oriens. Note numerous other, nonï¿½HRPï¿½filled synaptic contacts (open arrows) onto the aspinous interneuron dendrites. Scale bar, 0.5 ï¿½m","Fig. 10",NULL,NULL,NULL,NULL,3612227,0,"CA1 O/A Interneuron?CA1 Interneuron with dendrites in CA1:SO",NULL,"3100429.png",NULL
3100429,4083,NULL,4084,NULL,"<b>O/A interneuron contacts onto other interneurons.</b><br><b>A and B,</b> HRPï¿½filled axonal processes (arrows) contacting other interneuron dendrites (ID) in stratum oriens. Note numerous other, nonï¿½HRPï¿½filled synaptic contacts (open arrows) onto the aspinous interneuron dendrites. Scale bar, 0.5 ï¿½m","Fig. 10",NULL,NULL,NULL,NULL,3612227,0,"CA1 O/A Interneuron?CA1 Interneuron with dendrites in CA1:SO",NULL,"3100429.png",NULL
3100429,4083,NULL,4033,NULL,"<b>O/A interneuron contacts onto other interneurons.</b><br><b>A and B,</b> HRPï¿½filled axonal processes (arrows) contacting other interneuron dendrites (ID) in stratum oriens. Note numerous other, nonï¿½HRPï¿½filled synaptic contacts (open arrows) onto the aspinous interneuron dendrites. Scale bar, 0.5 ï¿½m","Fig. 10",NULL,NULL,NULL,NULL,3612227,0,"CA1 O/A Interneuron?CA1 Interneuron with dendrites in CA1:SO",NULL,"3100429.png",NULL
3100429,4083,NULL,4041,NULL,"<b>O/A interneuron contacts onto other interneurons.</b><br><b>A and B,</b> HRPï¿½filled axonal processes (arrows) contacting other interneuron dendrites (ID) in stratum oriens. Note numerous other, nonï¿½HRPï¿½filled synaptic contacts (open arrows) onto the aspinous interneuron dendrites. Scale bar, 0.5 ï¿½m","Fig. 10",NULL,NULL,NULL,NULL,3612227,0,"CA1 O/A Interneuron?CA1 Interneuron with dendrites in CA1:SO",NULL,"3100429.png",NULL
3100429,4083,NULL,4035,NULL,"<b>O/A interneuron contacts onto other interneurons.</b><br><b>A and B,</b> HRPï¿½filled axonal processes (arrows) contacting other interneuron dendrites (ID) in stratum oriens. Note numerous other, nonï¿½HRPï¿½filled synaptic contacts (open arrows) onto the aspinous interneuron dendrites. Scale bar, 0.5 ï¿½m","Fig. 10",NULL,NULL,NULL,NULL,3612227,0,"CA1 O/A Interneuron?CA1 Interneuron with dendrites in CA1:SO",NULL,"3100429.png",NULL
3100429,4083,NULL,4013,NULL,"<b>O/A interneuron contacts onto other interneurons.</b><br><b>A and B,</b> HRPï¿½filled axonal processes (arrows) contacting other interneuron dendrites (ID) in stratum oriens. Note numerous other, nonï¿½HRPï¿½filled synaptic contacts (open arrows) onto the aspinous interneuron dendrites. Scale bar, 0.5 ï¿½m","Fig. 10",NULL,NULL,NULL,NULL,3612227,0,"CA1 O/A Interneuron?CA1 Interneuron with dendrites in CA1:SO",NULL,"3100429.png",NULL
3100429,4068,NULL,4036,NULL,"<b>O/A interneuron contacts onto other interneurons.</b><br><b>A and B,</b> HRPï¿½filled axonal processes (arrows) contacting other interneuron dendrites (ID) in stratum oriens. Note numerous other, nonï¿½HRPï¿½filled synaptic contacts (open arrows) onto the aspinous interneuron dendrites. Scale bar, 0.5 ï¿½m","Fig. 10",NULL,NULL,NULL,NULL,3612227,0,"CA1 O/A Interneuron?CA1 Interneuron with dendrites in CA1:SO",NULL,"3100429.png",NULL
3100429,4068,NULL,4038,NULL,"<b>O/A interneuron contacts onto other interneurons.</b><br><b>A and B,</b> HRPï¿½filled axonal processes (arrows) contacting other interneuron dendrites (ID) in stratum oriens. Note numerous other, nonï¿½HRPï¿½filled synaptic contacts (open arrows) onto the aspinous interneuron dendrites. Scale bar, 0.5 ï¿½m","Fig. 10",NULL,NULL,NULL,NULL,3612227,0,"CA1 O/A Interneuron?CA1 Interneuron with dendrites in CA1:SO",NULL,"3100429.png",NULL
3100429,4068,NULL,4023,NULL,"<b>O/A interneuron contacts onto other interneurons.</b><br><b>A and B,</b> HRPï¿½filled axonal processes (arrows) contacting other interneuron dendrites (ID) in stratum oriens. Note numerous other, nonï¿½HRPï¿½filled synaptic contacts (open arrows) onto the aspinous interneuron dendrites. Scale bar, 0.5 ï¿½m","Fig. 10",NULL,NULL,NULL,NULL,3612227,0,"CA1 O/A Interneuron?CA1 Interneuron with dendrites in CA1:SO",NULL,"3100429.png",NULL
3100429,4068,NULL,4078,NULL,"<b>O/A interneuron contacts onto other interneurons.</b><br><b>A and B,</b> HRPï¿½filled axonal processes (arrows) contacting other interneuron dendrites (ID) in stratum oriens. Note numerous other, nonï¿½HRPï¿½filled synaptic contacts (open arrows) onto the aspinous interneuron dendrites. Scale bar, 0.5 ï¿½m","Fig. 10",NULL,NULL,NULL,NULL,3612227,0,"CA1 O/A Interneuron?CA1 Interneuron with dendrites in CA1:SO",NULL,"3100429.png",NULL
3100429,4068,NULL,4079,NULL,"<b>O/A interneuron contacts onto other interneurons.</b><br><b>A and B,</b> HRPï¿½filled axonal processes (arrows) contacting other interneuron dendrites (ID) in stratum oriens. Note numerous other, nonï¿½HRPï¿½filled synaptic contacts (open arrows) onto the aspinous interneuron dendrites. Scale bar, 0.5 ï¿½m","Fig. 10",NULL,NULL,NULL,NULL,3612227,0,"CA1 O/A Interneuron?CA1 Interneuron with dendrites in CA1:SO",NULL,"3100429.png",NULL
3100429,4068,NULL,4039,NULL,"<b>O/A interneuron contacts onto other interneurons.</b><br><b>A and B,</b> HRPï¿½filled axonal processes (arrows) contacting other interneuron dendrites (ID) in stratum oriens. Note numerous other, nonï¿½HRPï¿½filled synaptic contacts (open arrows) onto the aspinous interneuron dendrites. Scale bar, 0.5 ï¿½m","Fig. 10",NULL,NULL,NULL,NULL,3612227,0,"CA1 O/A Interneuron?CA1 Interneuron with dendrites in CA1:SO",NULL,"3100429.png",NULL
3100429,4068,NULL,4080,NULL,"<b>O/A interneuron contacts onto other interneurons.</b><br><b>A and B,</b> HRPï¿½filled axonal processes (arrows) contacting other interneuron dendrites (ID) in stratum oriens. Note numerous other, nonï¿½HRPï¿½filled synaptic contacts (open arrows) onto the aspinous interneuron dendrites. Scale bar, 0.5 ï¿½m","Fig. 10",NULL,NULL,NULL,NULL,3612227,0,"CA1 O/A Interneuron?CA1 Interneuron with dendrites in CA1:SO",NULL,"3100429.png",NULL
3100429,4068,NULL,4022,NULL,"<b>O/A interneuron contacts onto other interneurons.</b><br><b>A and B,</b> HRPï¿½filled axonal processes (arrows) contacting other interneuron dendrites (ID) in stratum oriens. Note numerous other, nonï¿½HRPï¿½filled synaptic contacts (open arrows) onto the aspinous interneuron dendrites. Scale bar, 0.5 ï¿½m","Fig. 10",NULL,NULL,NULL,NULL,3612227,0,"CA1 O/A Interneuron?CA1 Interneuron with dendrites in CA1:SO",NULL,"3100429.png",NULL
3100429,4068,NULL,4031,NULL,"<b>O/A interneuron contacts onto other interneurons.</b><br><b>A and B,</b> HRPï¿½filled axonal processes (arrows) contacting other interneuron dendrites (ID) in stratum oriens. Note numerous other, nonï¿½HRPï¿½filled synaptic contacts (open arrows) onto the aspinous interneuron dendrites. Scale bar, 0.5 ï¿½m","Fig. 10",NULL,NULL,NULL,NULL,3612227,0,"CA1 O/A Interneuron?CA1 Interneuron with dendrites in CA1:SO",NULL,"3100429.png",NULL
3100429,4068,NULL,4020,NULL,"<b>O/A interneuron contacts onto other interneurons.</b><br><b>A and B,</b> HRPï¿½filled axonal processes (arrows) contacting other interneuron dendrites (ID) in stratum oriens. Note numerous other, nonï¿½HRPï¿½filled synaptic contacts (open arrows) onto the aspinous interneuron dendrites. Scale bar, 0.5 ï¿½m","Fig. 10",NULL,NULL,NULL,NULL,3612227,0,"CA1 O/A Interneuron?CA1 Interneuron with dendrites in CA1:SO",NULL,"3100429.png",NULL
3100429,4068,NULL,4093,NULL,"<b>O/A interneuron contacts onto other interneurons.</b><br><b>A and B,</b> HRPï¿½filled axonal processes (arrows) contacting other interneuron dendrites (ID) in stratum oriens. Note numerous other, nonï¿½HRPï¿½filled synaptic contacts (open arrows) onto the aspinous interneuron dendrites. Scale bar, 0.5 ï¿½m","Fig. 10",NULL,NULL,NULL,NULL,3612227,0,"CA1 O/A Interneuron?CA1 Interneuron with dendrites in CA1:SO",NULL,"3100429.png",NULL
3100429,4068,NULL,4081,NULL,"<b>O/A interneuron contacts onto other interneurons.</b><br><b>A and B,</b> HRPï¿½filled axonal processes (arrows) contacting other interneuron dendrites (ID) in stratum oriens. Note numerous other, nonï¿½HRPï¿½filled synaptic contacts (open arrows) onto the aspinous interneuron dendrites. Scale bar, 0.5 ï¿½m","Fig. 10",NULL,NULL,NULL,NULL,3612227,0,"CA1 O/A Interneuron?CA1 Interneuron with dendrites in CA1:SO",NULL,"3100429.png",NULL
3100429,4068,NULL,4069,NULL,"<b>O/A interneuron contacts onto other interneurons.</b><br><b>A and B,</b> HRPï¿½filled axonal processes (arrows) contacting other interneuron dendrites (ID) in stratum oriens. Note numerous other, nonï¿½HRPï¿½filled synaptic contacts (open arrows) onto the aspinous interneuron dendrites. Scale bar, 0.5 ï¿½m","Fig. 10",NULL,NULL,NULL,NULL,3612227,0,"CA1 O/A Interneuron?CA1 Interneuron with dendrites in CA1:SO",NULL,"3100429.png",NULL
3100429,4068,NULL,4089,NULL,"<b>O/A interneuron contacts onto other interneurons.</b><br><b>A and B,</b> HRPï¿½filled axonal processes (arrows) contacting other interneuron dendrites (ID) in stratum oriens. Note numerous other, nonï¿½HRPï¿½filled synaptic contacts (open arrows) onto the aspinous interneuron dendrites. Scale bar, 0.5 ï¿½m","Fig. 10",NULL,NULL,NULL,NULL,3612227,0,"CA1 O/A Interneuron?CA1 Interneuron with dendrites in CA1:SO",NULL,"3100429.png",NULL
3100429,4068,NULL,4087,NULL,"<b>O/A interneuron contacts onto other interneurons.</b><br><b>A and B,</b> HRPï¿½filled axonal processes (arrows) contacting other interneuron dendrites (ID) in stratum oriens. Note numerous other, nonï¿½HRPï¿½filled synaptic contacts (open arrows) onto the aspinous interneuron dendrites. Scale bar, 0.5 ï¿½m","Fig. 10",NULL,NULL,NULL,NULL,3612227,0,"CA1 O/A Interneuron?CA1 Interneuron with dendrites in CA1:SO",NULL,"3100429.png",NULL
3100429,4068,NULL,4055,NULL,"<b>O/A interneuron contacts onto other interneurons.</b><br><b>A and B,</b> HRPï¿½filled axonal processes (arrows) contacting other interneuron dendrites (ID) in stratum oriens. Note numerous other, nonï¿½HRPï¿½filled synaptic contacts (open arrows) onto the aspinous interneuron dendrites. Scale bar, 0.5 ï¿½m","Fig. 10",NULL,NULL,NULL,NULL,3612227,0,"CA1 O/A Interneuron?CA1 Interneuron with dendrites in CA1:SO",NULL,"3100429.png",NULL
3100429,4068,NULL,4083,NULL,"<b>O/A interneuron contacts onto other interneurons.</b><br><b>A and B,</b> HRPï¿½filled axonal processes (arrows) contacting other interneuron dendrites (ID) in stratum oriens. Note numerous other, nonï¿½HRPï¿½filled synaptic contacts (open arrows) onto the aspinous interneuron dendrites. Scale bar, 0.5 ï¿½m","Fig. 10",NULL,NULL,NULL,NULL,3612227,0,"CA1 O/A Interneuron?CA1 Interneuron with dendrites in CA1:SO",NULL,"3100429.png",NULL
3100429,4068,NULL,4068,NULL,"<b>O/A interneuron contacts onto other interneurons.</b><br><b>A and B,</b> HRPï¿½filled axonal processes (arrows) contacting other interneuron dendrites (ID) in stratum oriens. Note numerous other, nonï¿½HRPï¿½filled synaptic contacts (open arrows) onto the aspinous interneuron dendrites. Scale bar, 0.5 ï¿½m","Fig. 10",NULL,NULL,NULL,NULL,3612227,0,"CA1 O/A Interneuron?CA1 Interneuron with dendrites in CA1:SO",NULL,"3100429.png",NULL
3100429,4068,NULL,4066,NULL,"<b>O/A interneuron contacts onto other interneurons.</b><br><b>A and B,</b> HRPï¿½filled axonal processes (arrows) contacting other interneuron dendrites (ID) in stratum oriens. Note numerous other, nonï¿½HRPï¿½filled synaptic contacts (open arrows) onto the aspinous interneuron dendrites. Scale bar, 0.5 ï¿½m","Fig. 10",NULL,NULL,NULL,NULL,3612227,0,"CA1 O/A Interneuron?CA1 Interneuron with dendrites in CA1:SO",NULL,"3100429.png",NULL
3100429,4068,NULL,4076,NULL,"<b>O/A interneuron contacts onto other interneurons.</b><br><b>A and B,</b> HRPï¿½filled axonal processes (arrows) contacting other interneuron dendrites (ID) in stratum oriens. Note numerous other, nonï¿½HRPï¿½filled synaptic contacts (open arrows) onto the aspinous interneuron dendrites. Scale bar, 0.5 ï¿½m","Fig. 10",NULL,NULL,NULL,NULL,3612227,0,"CA1 O/A Interneuron?CA1 Interneuron with dendrites in CA1:SO",NULL,"3100429.png",NULL
3100429,4068,NULL,4003,NULL,"<b>O/A interneuron contacts onto other interneurons.</b><br><b>A and B,</b> HRPï¿½filled axonal processes (arrows) contacting other interneuron dendrites (ID) in stratum oriens. Note numerous other, nonï¿½HRPï¿½filled synaptic contacts (open arrows) onto the aspinous interneuron dendrites. Scale bar, 0.5 ï¿½m","Fig. 10",NULL,NULL,NULL,NULL,3612227,0,"CA1 O/A Interneuron?CA1 Interneuron with dendrites in CA1:SO",NULL,"3100429.png",NULL
3100429,4068,NULL,4084,NULL,"<b>O/A interneuron contacts onto other interneurons.</b><br><b>A and B,</b> HRPï¿½filled axonal processes (arrows) contacting other interneuron dendrites (ID) in stratum oriens. Note numerous other, nonï¿½HRPï¿½filled synaptic contacts (open arrows) onto the aspinous interneuron dendrites. Scale bar, 0.5 ï¿½m","Fig. 10",NULL,NULL,NULL,NULL,3612227,0,"CA1 O/A Interneuron?CA1 Interneuron with dendrites in CA1:SO",NULL,"3100429.png",NULL
3100429,4068,NULL,4033,NULL,"<b>O/A interneuron contacts onto other interneurons.</b><br><b>A and B,</b> HRPï¿½filled axonal processes (arrows) contacting other interneuron dendrites (ID) in stratum oriens. Note numerous other, nonï¿½HRPï¿½filled synaptic contacts (open arrows) onto the aspinous interneuron dendrites. Scale bar, 0.5 ï¿½m","Fig. 10",NULL,NULL,NULL,NULL,3612227,0,"CA1 O/A Interneuron?CA1 Interneuron with dendrites in CA1:SO",NULL,"3100429.png",NULL
3100429,4068,NULL,4041,NULL,"<b>O/A interneuron contacts onto other interneurons.</b><br><b>A and B,</b> HRPï¿½filled axonal processes (arrows) contacting other interneuron dendrites (ID) in stratum oriens. Note numerous other, nonï¿½HRPï¿½filled synaptic contacts (open arrows) onto the aspinous interneuron dendrites. Scale bar, 0.5 ï¿½m","Fig. 10",NULL,NULL,NULL,NULL,3612227,0,"CA1 O/A Interneuron?CA1 Interneuron with dendrites in CA1:SO",NULL,"3100429.png",NULL
3100429,4068,NULL,4035,NULL,"<b>O/A interneuron contacts onto other interneurons.</b><br><b>A and B,</b> HRPï¿½filled axonal processes (arrows) contacting other interneuron dendrites (ID) in stratum oriens. Note numerous other, nonï¿½HRPï¿½filled synaptic contacts (open arrows) onto the aspinous interneuron dendrites. Scale bar, 0.5 ï¿½m","Fig. 10",NULL,NULL,NULL,NULL,3612227,0,"CA1 O/A Interneuron?CA1 Interneuron with dendrites in CA1:SO",NULL,"3100429.png",NULL
3100429,4068,NULL,4013,NULL,"<b>O/A interneuron contacts onto other interneurons.</b><br><b>A and B,</b> HRPï¿½filled axonal processes (arrows) contacting other interneuron dendrites (ID) in stratum oriens. Note numerous other, nonï¿½HRPï¿½filled synaptic contacts (open arrows) onto the aspinous interneuron dendrites. Scale bar, 0.5 ï¿½m","Fig. 10",NULL,NULL,NULL,NULL,3612227,0,"CA1 O/A Interneuron?CA1 Interneuron with dendrites in CA1:SO",NULL,"3100429.png",NULL
3100429,4035,NULL,4036,NULL,"<b>O/A interneuron contacts onto other interneurons.</b><br><b>A and B,</b> HRPï¿½filled axonal processes (arrows) contacting other interneuron dendrites (ID) in stratum oriens. Note numerous other, nonï¿½HRPï¿½filled synaptic contacts (open arrows) onto the aspinous interneuron dendrites. Scale bar, 0.5 ï¿½m","Fig. 10",NULL,NULL,NULL,NULL,3612227,0,"CA1 O/A Interneuron?CA1 Interneuron with dendrites in CA1:SO",NULL,"3100429.png",NULL
3100429,4035,NULL,4038,NULL,"<b>O/A interneuron contacts onto other interneurons.</b><br><b>A and B,</b> HRPï¿½filled axonal processes (arrows) contacting other interneuron dendrites (ID) in stratum oriens. Note numerous other, nonï¿½HRPï¿½filled synaptic contacts (open arrows) onto the aspinous interneuron dendrites. Scale bar, 0.5 ï¿½m","Fig. 10",NULL,NULL,NULL,NULL,3612227,0,"CA1 O/A Interneuron?CA1 Interneuron with dendrites in CA1:SO",NULL,"3100429.png",NULL
3100429,4035,NULL,4023,NULL,"<b>O/A interneuron contacts onto other interneurons.</b><br><b>A and B,</b> HRPï¿½filled axonal processes (arrows) contacting other interneuron dendrites (ID) in stratum oriens. Note numerous other, nonï¿½HRPï¿½filled synaptic contacts (open arrows) onto the aspinous interneuron dendrites. Scale bar, 0.5 ï¿½m","Fig. 10",NULL,NULL,NULL,NULL,3612227,0,"CA1 O/A Interneuron?CA1 Interneuron with dendrites in CA1:SO",NULL,"3100429.png",NULL
3100429,4035,NULL,4078,NULL,"<b>O/A interneuron contacts onto other interneurons.</b><br><b>A and B,</b> HRPï¿½filled axonal processes (arrows) contacting other interneuron dendrites (ID) in stratum oriens. Note numerous other, nonï¿½HRPï¿½filled synaptic contacts (open arrows) onto the aspinous interneuron dendrites. Scale bar, 0.5 ï¿½m","Fig. 10",NULL,NULL,NULL,NULL,3612227,0,"CA1 O/A Interneuron?CA1 Interneuron with dendrites in CA1:SO",NULL,"3100429.png",NULL
3100429,4035,NULL,4079,NULL,"<b>O/A interneuron contacts onto other interneurons.</b><br><b>A and B,</b> HRPï¿½filled axonal processes (arrows) contacting other interneuron dendrites (ID) in stratum oriens. Note numerous other, nonï¿½HRPï¿½filled synaptic contacts (open arrows) onto the aspinous interneuron dendrites. Scale bar, 0.5 ï¿½m","Fig. 10",NULL,NULL,NULL,NULL,3612227,0,"CA1 O/A Interneuron?CA1 Interneuron with dendrites in CA1:SO",NULL,"3100429.png",NULL
3100429,4035,NULL,4039,NULL,"<b>O/A interneuron contacts onto other interneurons.</b><br><b>A and B,</b> HRPï¿½filled axonal processes (arrows) contacting other interneuron dendrites (ID) in stratum oriens. Note numerous other, nonï¿½HRPï¿½filled synaptic contacts (open arrows) onto the aspinous interneuron dendrites. Scale bar, 0.5 ï¿½m","Fig. 10",NULL,NULL,NULL,NULL,3612227,0,"CA1 O/A Interneuron?CA1 Interneuron with dendrites in CA1:SO",NULL,"3100429.png",NULL
3100429,4035,NULL,4080,NULL,"<b>O/A interneuron contacts onto other interneurons.</b><br><b>A and B,</b> HRPï¿½filled axonal processes (arrows) contacting other interneuron dendrites (ID) in stratum oriens. Note numerous other, nonï¿½HRPï¿½filled synaptic contacts (open arrows) onto the aspinous interneuron dendrites. Scale bar, 0.5 ï¿½m","Fig. 10",NULL,NULL,NULL,NULL,3612227,0,"CA1 O/A Interneuron?CA1 Interneuron with dendrites in CA1:SO",NULL,"3100429.png",NULL
3100429,4035,NULL,4022,NULL,"<b>O/A interneuron contacts onto other interneurons.</b><br><b>A and B,</b> HRPï¿½filled axonal processes (arrows) contacting other interneuron dendrites (ID) in stratum oriens. Note numerous other, nonï¿½HRPï¿½filled synaptic contacts (open arrows) onto the aspinous interneuron dendrites. Scale bar, 0.5 ï¿½m","Fig. 10",NULL,NULL,NULL,NULL,3612227,0,"CA1 O/A Interneuron?CA1 Interneuron with dendrites in CA1:SO",NULL,"3100429.png",NULL
3100429,4035,NULL,4031,NULL,"<b>O/A interneuron contacts onto other interneurons.</b><br><b>A and B,</b> HRPï¿½filled axonal processes (arrows) contacting other interneuron dendrites (ID) in stratum oriens. Note numerous other, nonï¿½HRPï¿½filled synaptic contacts (open arrows) onto the aspinous interneuron dendrites. Scale bar, 0.5 ï¿½m","Fig. 10",NULL,NULL,NULL,NULL,3612227,0,"CA1 O/A Interneuron?CA1 Interneuron with dendrites in CA1:SO",NULL,"3100429.png",NULL
3100429,4035,NULL,4020,NULL,"<b>O/A interneuron contacts onto other interneurons.</b><br><b>A and B,</b> HRPï¿½filled axonal processes (arrows) contacting other interneuron dendrites (ID) in stratum oriens. Note numerous other, nonï¿½HRPï¿½filled synaptic contacts (open arrows) onto the aspinous interneuron dendrites. Scale bar, 0.5 ï¿½m","Fig. 10",NULL,NULL,NULL,NULL,3612227,0,"CA1 O/A Interneuron?CA1 Interneuron with dendrites in CA1:SO",NULL,"3100429.png",NULL
3100429,4035,NULL,4093,NULL,"<b>O/A interneuron contacts onto other interneurons.</b><br><b>A and B,</b> HRPï¿½filled axonal processes (arrows) contacting other interneuron dendrites (ID) in stratum oriens. Note numerous other, nonï¿½HRPï¿½filled synaptic contacts (open arrows) onto the aspinous interneuron dendrites. Scale bar, 0.5 ï¿½m","Fig. 10",NULL,NULL,NULL,NULL,3612227,0,"CA1 O/A Interneuron?CA1 Interneuron with dendrites in CA1:SO",NULL,"3100429.png",NULL
3100429,4035,NULL,4081,NULL,"<b>O/A interneuron contacts onto other interneurons.</b><br><b>A and B,</b> HRPï¿½filled axonal processes (arrows) contacting other interneuron dendrites (ID) in stratum oriens. Note numerous other, nonï¿½HRPï¿½filled synaptic contacts (open arrows) onto the aspinous interneuron dendrites. Scale bar, 0.5 ï¿½m","Fig. 10",NULL,NULL,NULL,NULL,3612227,0,"CA1 O/A Interneuron?CA1 Interneuron with dendrites in CA1:SO",NULL,"3100429.png",NULL
3100429,4035,NULL,4069,NULL,"<b>O/A interneuron contacts onto other interneurons.</b><br><b>A and B,</b> HRPï¿½filled axonal processes (arrows) contacting other interneuron dendrites (ID) in stratum oriens. Note numerous other, nonï¿½HRPï¿½filled synaptic contacts (open arrows) onto the aspinous interneuron dendrites. Scale bar, 0.5 ï¿½m","Fig. 10",NULL,NULL,NULL,NULL,3612227,0,"CA1 O/A Interneuron?CA1 Interneuron with dendrites in CA1:SO",NULL,"3100429.png",NULL
3100429,4035,NULL,4089,NULL,"<b>O/A interneuron contacts onto other interneurons.</b><br><b>A and B,</b> HRPï¿½filled axonal processes (arrows) contacting other interneuron dendrites (ID) in stratum oriens. Note numerous other, nonï¿½HRPï¿½filled synaptic contacts (open arrows) onto the aspinous interneuron dendrites. Scale bar, 0.5 ï¿½m","Fig. 10",NULL,NULL,NULL,NULL,3612227,0,"CA1 O/A Interneuron?CA1 Interneuron with dendrites in CA1:SO",NULL,"3100429.png",NULL
3100429,4035,NULL,4087,NULL,"<b>O/A interneuron contacts onto other interneurons.</b><br><b>A and B,</b> HRPï¿½filled axonal processes (arrows) contacting other interneuron dendrites (ID) in stratum oriens. Note numerous other, nonï¿½HRPï¿½filled synaptic contacts (open arrows) onto the aspinous interneuron dendrites. Scale bar, 0.5 ï¿½m","Fig. 10",NULL,NULL,NULL,NULL,3612227,0,"CA1 O/A Interneuron?CA1 Interneuron with dendrites in CA1:SO",NULL,"3100429.png",NULL
3100429,4035,NULL,4055,NULL,"<b>O/A interneuron contacts onto other interneurons.</b><br><b>A and B,</b> HRPï¿½filled axonal processes (arrows) contacting other interneuron dendrites (ID) in stratum oriens. Note numerous other, nonï¿½HRPï¿½filled synaptic contacts (open arrows) onto the aspinous interneuron dendrites. Scale bar, 0.5 ï¿½m","Fig. 10",NULL,NULL,NULL,NULL,3612227,0,"CA1 O/A Interneuron?CA1 Interneuron with dendrites in CA1:SO",NULL,"3100429.png",NULL
3100429,4035,NULL,4083,NULL,"<b>O/A interneuron contacts onto other interneurons.</b><br><b>A and B,</b> HRPï¿½filled axonal processes (arrows) contacting other interneuron dendrites (ID) in stratum oriens. Note numerous other, nonï¿½HRPï¿½filled synaptic contacts (open arrows) onto the aspinous interneuron dendrites. Scale bar, 0.5 ï¿½m","Fig. 10",NULL,NULL,NULL,NULL,3612227,0,"CA1 O/A Interneuron?CA1 Interneuron with dendrites in CA1:SO",NULL,"3100429.png",NULL
3100429,4035,NULL,4068,NULL,"<b>O/A interneuron contacts onto other interneurons.</b><br><b>A and B,</b> HRPï¿½filled axonal processes (arrows) contacting other interneuron dendrites (ID) in stratum oriens. Note numerous other, nonï¿½HRPï¿½filled synaptic contacts (open arrows) onto the aspinous interneuron dendrites. Scale bar, 0.5 ï¿½m","Fig. 10",NULL,NULL,NULL,NULL,3612227,0,"CA1 O/A Interneuron?CA1 Interneuron with dendrites in CA1:SO",NULL,"3100429.png",NULL
3100429,4035,NULL,4066,NULL,"<b>O/A interneuron contacts onto other interneurons.</b><br><b>A and B,</b> HRPï¿½filled axonal processes (arrows) contacting other interneuron dendrites (ID) in stratum oriens. Note numerous other, nonï¿½HRPï¿½filled synaptic contacts (open arrows) onto the aspinous interneuron dendrites. Scale bar, 0.5 ï¿½m","Fig. 10",NULL,NULL,NULL,NULL,3612227,0,"CA1 O/A Interneuron?CA1 Interneuron with dendrites in CA1:SO",NULL,"3100429.png",NULL
3100429,4035,NULL,4076,NULL,"<b>O/A interneuron contacts onto other interneurons.</b><br><b>A and B,</b> HRPï¿½filled axonal processes (arrows) contacting other interneuron dendrites (ID) in stratum oriens. Note numerous other, nonï¿½HRPï¿½filled synaptic contacts (open arrows) onto the aspinous interneuron dendrites. Scale bar, 0.5 ï¿½m","Fig. 10",NULL,NULL,NULL,NULL,3612227,0,"CA1 O/A Interneuron?CA1 Interneuron with dendrites in CA1:SO",NULL,"3100429.png",NULL
3100429,4035,NULL,4003,NULL,"<b>O/A interneuron contacts onto other interneurons.</b><br><b>A and B,</b> HRPï¿½filled axonal processes (arrows) contacting other interneuron dendrites (ID) in stratum oriens. Note numerous other, nonï¿½HRPï¿½filled synaptic contacts (open arrows) onto the aspinous interneuron dendrites. Scale bar, 0.5 ï¿½m","Fig. 10",NULL,NULL,NULL,NULL,3612227,0,"CA1 O/A Interneuron?CA1 Interneuron with dendrites in CA1:SO",NULL,"3100429.png",NULL
3100429,4035,NULL,4084,NULL,"<b>O/A interneuron contacts onto other interneurons.</b><br><b>A and B,</b> HRPï¿½filled axonal processes (arrows) contacting other interneuron dendrites (ID) in stratum oriens. Note numerous other, nonï¿½HRPï¿½filled synaptic contacts (open arrows) onto the aspinous interneuron dendrites. Scale bar, 0.5 ï¿½m","Fig. 10",NULL,NULL,NULL,NULL,3612227,0,"CA1 O/A Interneuron?CA1 Interneuron with dendrites in CA1:SO",NULL,"3100429.png",NULL
3100429,4035,NULL,4033,NULL,"<b>O/A interneuron contacts onto other interneurons.</b><br><b>A and B,</b> HRPï¿½filled axonal processes (arrows) contacting other interneuron dendrites (ID) in stratum oriens. Note numerous other, nonï¿½HRPï¿½filled synaptic contacts (open arrows) onto the aspinous interneuron dendrites. Scale bar, 0.5 ï¿½m","Fig. 10",NULL,NULL,NULL,NULL,3612227,0,"CA1 O/A Interneuron?CA1 Interneuron with dendrites in CA1:SO",NULL,"3100429.png",NULL
3100429,4035,NULL,4041,NULL,"<b>O/A interneuron contacts onto other interneurons.</b><br><b>A and B,</b> HRPï¿½filled axonal processes (arrows) contacting other interneuron dendrites (ID) in stratum oriens. Note numerous other, nonï¿½HRPï¿½filled synaptic contacts (open arrows) onto the aspinous interneuron dendrites. Scale bar, 0.5 ï¿½m","Fig. 10",NULL,NULL,NULL,NULL,3612227,0,"CA1 O/A Interneuron?CA1 Interneuron with dendrites in CA1:SO",NULL,"3100429.png",NULL
3100429,4035,NULL,4035,NULL,"<b>O/A interneuron contacts onto other interneurons.</b><br><b>A and B,</b> HRPï¿½filled axonal processes (arrows) contacting other interneuron dendrites (ID) in stratum oriens. Note numerous other, nonï¿½HRPï¿½filled synaptic contacts (open arrows) onto the aspinous interneuron dendrites. Scale bar, 0.5 ï¿½m","Fig. 10",NULL,NULL,NULL,NULL,3612227,0,"CA1 O/A Interneuron?CA1 Interneuron with dendrites in CA1:SO",NULL,"3100429.png",NULL
3100429,4035,NULL,4013,NULL,"<b>O/A interneuron contacts onto other interneurons.</b><br><b>A and B,</b> HRPï¿½filled axonal processes (arrows) contacting other interneuron dendrites (ID) in stratum oriens. Note numerous other, nonï¿½HRPï¿½filled synaptic contacts (open arrows) onto the aspinous interneuron dendrites. Scale bar, 0.5 ï¿½m","Fig. 10",NULL,NULL,NULL,NULL,3612227,0,"CA1 O/A Interneuron?CA1 Interneuron with dendrites in CA1:SO",NULL,"3100429.png",NULL
3100430,4069,NULL,4000,NULL,"<b>Schematic representation of the CA1 OLM cell microcircuit.</b><br>Red arrows represent the potentiation effect from OLM<sup>?2</sup> cell (red) activation on SCï¿½CA1 and TAï¿½CA1 synapses. Cholinergic inputs from the fimbria fornix (FF) are represented in green. Other interneurons represented here are basket cells in SP, SCï¿½associated interneurons in SR and BS neurons in SO (SLM, s. lacunosumï¿½moleculare; SR, s. radiatum; SP, s. pyramidale; SO, s. oriens; TA, temporoammonic pathway; SC, Schaffer collateral pathway).","Fig. S9",NULL,NULL,NULL,NULL,23042082,0,"CA1 O-LM microcircuit",NULL,"3100430.png",NULL
3100430,4069,NULL,4094,NULL,"<b>Schematic representation of the CA1 OLM cell microcircuit.</b><br>Red arrows represent the potentiation effect from OLM<sup>?2</sup> cell (red) activation on SCï¿½CA1 and TAï¿½CA1 synapses. Cholinergic inputs from the fimbria fornix (FF) are represented in green. Other interneurons represented here are basket cells in SP, SCï¿½associated interneurons in SR and BS neurons in SO (SLM, s. lacunosumï¿½moleculare; SR, s. radiatum; SP, s. pyramidale; SO, s. oriens; TA, temporoammonic pathway; SC, Schaffer collateral pathway).","Fig. S9",NULL,NULL,NULL,NULL,23042082,0,"CA1 O-LM microcircuit",NULL,"3100430.png",NULL
3100430,4069,NULL,4054,NULL,"<b>Schematic representation of the CA1 OLM cell microcircuit.</b><br>Red arrows represent the potentiation effect from OLM<sup>?2</sup> cell (red) activation on SCï¿½CA1 and TAï¿½CA1 synapses. Cholinergic inputs from the fimbria fornix (FF) are represented in green. Other interneurons represented here are basket cells in SP, SCï¿½associated interneurons in SR and BS neurons in SO (SLM, s. lacunosumï¿½moleculare; SR, s. radiatum; SP, s. pyramidale; SO, s. oriens; TA, temporoammonic pathway; SC, Schaffer collateral pathway).","Fig. S9",NULL,NULL,NULL,NULL,23042082,0,"CA1 O-LM microcircuit",NULL,"3100430.png",NULL
3100430,4069,NULL,4036,NULL,"<b>Schematic representation of the CA1 OLM cell microcircuit.</b><br>Red arrows represent the potentiation effect from OLM<sup>?2</sup> cell (red) activation on SCï¿½CA1 and TAï¿½CA1 synapses. Cholinergic inputs from the fimbria fornix (FF) are represented in green. Other interneurons represented here are basket cells in SP, SCï¿½associated interneurons in SR and BS neurons in SO (SLM, s. lacunosumï¿½moleculare; SR, s. radiatum; SP, s. pyramidale; SO, s. oriens; TA, temporoammonic pathway; SC, Schaffer collateral pathway).","Fig. S9",NULL,NULL,NULL,NULL,23042082,0,"CA1 O-LM microcircuit",NULL,"3100430.png",NULL
3100430,4069,NULL,4078,NULL,"<b>Schematic representation of the CA1 OLM cell microcircuit.</b><br>Red arrows represent the potentiation effect from OLM<sup>?2</sup> cell (red) activation on SCï¿½CA1 and TAï¿½CA1 synapses. Cholinergic inputs from the fimbria fornix (FF) are represented in green. Other interneurons represented here are basket cells in SP, SCï¿½associated interneurons in SR and BS neurons in SO (SLM, s. lacunosumï¿½moleculare; SR, s. radiatum; SP, s. pyramidale; SO, s. oriens; TA, temporoammonic pathway; SC, Schaffer collateral pathway).","Fig. S9",NULL,NULL,NULL,NULL,23042082,0,"CA1 O-LM microcircuit",NULL,"3100430.png",NULL
3100430,4069,NULL,4079,NULL,"<b>Schematic representation of the CA1 OLM cell microcircuit.</b><br>Red arrows represent the potentiation effect from OLM<sup>?2</sup> cell (red) activation on SCï¿½CA1 and TAï¿½CA1 synapses. Cholinergic inputs from the fimbria fornix (FF) are represented in green. Other interneurons represented here are basket cells in SP, SCï¿½associated interneurons in SR and BS neurons in SO (SLM, s. lacunosumï¿½moleculare; SR, s. radiatum; SP, s. pyramidale; SO, s. oriens; TA, temporoammonic pathway; SC, Schaffer collateral pathway).","Fig. S9",NULL,NULL,NULL,NULL,23042082,0,"CA1 O-LM microcircuit",NULL,"3100430.png",NULL
3100430,4069,NULL,4022,NULL,"<b>Schematic representation of the CA1 OLM cell microcircuit.</b><br>Red arrows represent the potentiation effect from OLM<sup>?2</sup> cell (red) activation on SCï¿½CA1 and TAï¿½CA1 synapses. Cholinergic inputs from the fimbria fornix (FF) are represented in green. Other interneurons represented here are basket cells in SP, SCï¿½associated interneurons in SR and BS neurons in SO (SLM, s. lacunosumï¿½moleculare; SR, s. radiatum; SP, s. pyramidale; SO, s. oriens; TA, temporoammonic pathway; SC, Schaffer collateral pathway).","Fig. S9",NULL,NULL,NULL,NULL,23042082,0,"CA1 O-LM microcircuit",NULL,"3100430.png",NULL
3100430,4069,NULL,4021,NULL,"<b>Schematic representation of the CA1 OLM cell microcircuit.</b><br>Red arrows represent the potentiation effect from OLM<sup>?2</sup> cell (red) activation on SCï¿½CA1 and TAï¿½CA1 synapses. Cholinergic inputs from the fimbria fornix (FF) are represented in green. Other interneurons represented here are basket cells in SP, SCï¿½associated interneurons in SR and BS neurons in SO (SLM, s. lacunosumï¿½moleculare; SR, s. radiatum; SP, s. pyramidale; SO, s. oriens; TA, temporoammonic pathway; SC, Schaffer collateral pathway).","Fig. S9",NULL,NULL,NULL,NULL,23042082,0,"CA1 O-LM microcircuit",NULL,"3100430.png",NULL
3100430,4069,NULL,4056,NULL,"<b>Schematic representation of the CA1 OLM cell microcircuit.</b><br>Red arrows represent the potentiation effect from OLM<sup>?2</sup> cell (red) activation on SCï¿½CA1 and TAï¿½CA1 synapses. Cholinergic inputs from the fimbria fornix (FF) are represented in green. Other interneurons represented here are basket cells in SP, SCï¿½associated interneurons in SR and BS neurons in SO (SLM, s. lacunosumï¿½moleculare; SR, s. radiatum; SP, s. pyramidale; SO, s. oriens; TA, temporoammonic pathway; SC, Schaffer collateral pathway).","Fig. S9",NULL,NULL,NULL,NULL,23042082,0,"CA1 O-LM microcircuit",NULL,"3100430.png",NULL
3100430,4069,NULL,4020,NULL,"<b>Schematic representation of the CA1 OLM cell microcircuit.</b><br>Red arrows represent the potentiation effect from OLM<sup>?2</sup> cell (red) activation on SCï¿½CA1 and TAï¿½CA1 synapses. Cholinergic inputs from the fimbria fornix (FF) are represented in green. Other interneurons represented here are basket cells in SP, SCï¿½associated interneurons in SR and BS neurons in SO (SLM, s. lacunosumï¿½moleculare; SR, s. radiatum; SP, s. pyramidale; SO, s. oriens; TA, temporoammonic pathway; SC, Schaffer collateral pathway).","Fig. S9",NULL,NULL,NULL,NULL,23042082,0,"CA1 O-LM microcircuit",NULL,"3100430.png",NULL
3100430,4069,NULL,4005,NULL,"<b>Schematic representation of the CA1 OLM cell microcircuit.</b><br>Red arrows represent the potentiation effect from OLM<sup>?2</sup> cell (red) activation on SCï¿½CA1 and TAï¿½CA1 synapses. Cholinergic inputs from the fimbria fornix (FF) are represented in green. Other interneurons represented here are basket cells in SP, SCï¿½associated interneurons in SR and BS neurons in SO (SLM, s. lacunosumï¿½moleculare; SR, s. radiatum; SP, s. pyramidale; SO, s. oriens; TA, temporoammonic pathway; SC, Schaffer collateral pathway).","Fig. S9",NULL,NULL,NULL,NULL,23042082,0,"CA1 O-LM microcircuit",NULL,"3100430.png",NULL
3100430,4069,NULL,4004,NULL,"<b>Schematic representation of the CA1 OLM cell microcircuit.</b><br>Red arrows represent the potentiation effect from OLM<sup>?2</sup> cell (red) activation on SCï¿½CA1 and TAï¿½CA1 synapses. Cholinergic inputs from the fimbria fornix (FF) are represented in green. Other interneurons represented here are basket cells in SP, SCï¿½associated interneurons in SR and BS neurons in SO (SLM, s. lacunosumï¿½moleculare; SR, s. radiatum; SP, s. pyramidale; SO, s. oriens; TA, temporoammonic pathway; SC, Schaffer collateral pathway).","Fig. S9",NULL,NULL,NULL,NULL,23042082,0,"CA1 O-LM microcircuit",NULL,"3100430.png",NULL
3100430,4069,NULL,4012,NULL,"<b>Schematic representation of the CA1 OLM cell microcircuit.</b><br>Red arrows represent the potentiation effect from OLM<sup>?2</sup> cell (red) activation on SCï¿½CA1 and TAï¿½CA1 synapses. Cholinergic inputs from the fimbria fornix (FF) are represented in green. Other interneurons represented here are basket cells in SP, SCï¿½associated interneurons in SR and BS neurons in SO (SLM, s. lacunosumï¿½moleculare; SR, s. radiatum; SP, s. pyramidale; SO, s. oriens; TA, temporoammonic pathway; SC, Schaffer collateral pathway).","Fig. S9",NULL,NULL,NULL,NULL,23042082,0,"CA1 O-LM microcircuit",NULL,"3100430.png",NULL
3100430,4069,NULL,4011,NULL,"<b>Schematic representation of the CA1 OLM cell microcircuit.</b><br>Red arrows represent the potentiation effect from OLM<sup>?2</sup> cell (red) activation on SCï¿½CA1 and TAï¿½CA1 synapses. Cholinergic inputs from the fimbria fornix (FF) are represented in green. Other interneurons represented here are basket cells in SP, SCï¿½associated interneurons in SR and BS neurons in SO (SLM, s. lacunosumï¿½moleculare; SR, s. radiatum; SP, s. pyramidale; SO, s. oriens; TA, temporoammonic pathway; SC, Schaffer collateral pathway).","Fig. S9",NULL,NULL,NULL,NULL,23042082,0,"CA1 O-LM microcircuit",NULL,"3100430.png",NULL
3100430,4069,NULL,4055,NULL,"<b>Schematic representation of the CA1 OLM cell microcircuit.</b><br>Red arrows represent the potentiation effect from OLM<sup>?2</sup> cell (red) activation on SCï¿½CA1 and TAï¿½CA1 synapses. Cholinergic inputs from the fimbria fornix (FF) are represented in green. Other interneurons represented here are basket cells in SP, SCï¿½associated interneurons in SR and BS neurons in SO (SLM, s. lacunosumï¿½moleculare; SR, s. radiatum; SP, s. pyramidale; SO, s. oriens; TA, temporoammonic pathway; SC, Schaffer collateral pathway).","Fig. S9",NULL,NULL,NULL,NULL,23042082,0,"CA1 O-LM microcircuit",NULL,"3100430.png",NULL
3100430,4069,NULL,4006,NULL,"<b>Schematic representation of the CA1 OLM cell microcircuit.</b><br>Red arrows represent the potentiation effect from OLM<sup>?2</sup> cell (red) activation on SCï¿½CA1 and TAï¿½CA1 synapses. Cholinergic inputs from the fimbria fornix (FF) are represented in green. Other interneurons represented here are basket cells in SP, SCï¿½associated interneurons in SR and BS neurons in SO (SLM, s. lacunosumï¿½moleculare; SR, s. radiatum; SP, s. pyramidale; SO, s. oriens; TA, temporoammonic pathway; SC, Schaffer collateral pathway).","Fig. S9",NULL,NULL,NULL,NULL,23042082,0,"CA1 O-LM microcircuit",NULL,"3100430.png",NULL
3100430,4069,NULL,4076,NULL,"<b>Schematic representation of the CA1 OLM cell microcircuit.</b><br>Red arrows represent the potentiation effect from OLM<sup>?2</sup> cell (red) activation on SCï¿½CA1 and TAï¿½CA1 synapses. Cholinergic inputs from the fimbria fornix (FF) are represented in green. Other interneurons represented here are basket cells in SP, SCï¿½associated interneurons in SR and BS neurons in SO (SLM, s. lacunosumï¿½moleculare; SR, s. radiatum; SP, s. pyramidale; SO, s. oriens; TA, temporoammonic pathway; SC, Schaffer collateral pathway).","Fig. S9",NULL,NULL,NULL,NULL,23042082,0,"CA1 O-LM microcircuit",NULL,"3100430.png",NULL
3100430,4069,NULL,4003,NULL,"<b>Schematic representation of the CA1 OLM cell microcircuit.</b><br>Red arrows represent the potentiation effect from OLM<sup>?2</sup> cell (red) activation on SCï¿½CA1 and TAï¿½CA1 synapses. Cholinergic inputs from the fimbria fornix (FF) are represented in green. Other interneurons represented here are basket cells in SP, SCï¿½associated interneurons in SR and BS neurons in SO (SLM, s. lacunosumï¿½moleculare; SR, s. radiatum; SP, s. pyramidale; SO, s. oriens; TA, temporoammonic pathway; SC, Schaffer collateral pathway).","Fig. S9",NULL,NULL,NULL,NULL,23042082,0,"CA1 O-LM microcircuit",NULL,"3100430.png",NULL
3100430,4069,NULL,4015,NULL,"<b>Schematic representation of the CA1 OLM cell microcircuit.</b><br>Red arrows represent the potentiation effect from OLM<sup>?2</sup> cell (red) activation on SCï¿½CA1 and TAï¿½CA1 synapses. Cholinergic inputs from the fimbria fornix (FF) are represented in green. Other interneurons represented here are basket cells in SP, SCï¿½associated interneurons in SR and BS neurons in SO (SLM, s. lacunosumï¿½moleculare; SR, s. radiatum; SP, s. pyramidale; SO, s. oriens; TA, temporoammonic pathway; SC, Schaffer collateral pathway).","Fig. S9",NULL,NULL,NULL,NULL,23042082,0,"CA1 O-LM microcircuit",NULL,"3100430.png",NULL
3100430,4069,NULL,4013,NULL,"<b>Schematic representation of the CA1 OLM cell microcircuit.</b><br>Red arrows represent the potentiation effect from OLM<sup>?2</sup> cell (red) activation on SCï¿½CA1 and TAï¿½CA1 synapses. Cholinergic inputs from the fimbria fornix (FF) are represented in green. Other interneurons represented here are basket cells in SP, SCï¿½associated interneurons in SR and BS neurons in SO (SLM, s. lacunosumï¿½moleculare; SR, s. radiatum; SP, s. pyramidale; SO, s. oriens; TA, temporoammonic pathway; SC, Schaffer collateral pathway).","Fig. S9",NULL,NULL,NULL,NULL,23042082,0,"CA1 O-LM microcircuit",NULL,"3100430.png",NULL
3100431,4000,NULL,4000,NULL,"<b>Properties of pyramidal neurons</b><br> In 11 experiments, involving 56 transverse hippocampal slices, 989 pairs of CA1 pyramidal neurons were tested for synaptic connections. These trials included 134 cells that were held stably for tens of minutes, each of these being tested with up to 20 simultaneously, sequentially recorded pyramidal cells. All cells included in these totals had characteristics typical of CA1 pyramidal neurons. These were fully characterized in 38 of the longerï¿½term recordings in which electrode characteristics permitted repeated large current injections and in which no connection was demonstrated. Spike amplitude was 89ï¿½3.8 mV (meanï¿½S.D., range 81ï¿½94 mV), spike width at halfï¿½amplitude was between 0.4 and 0.7 ms, maximum input impedance was 32.9ï¿½11.3 M? (15ï¿½68 M?) and at the end of a 200ï¿½ms -2 nA pulse was always lower, i.e. 20.1ï¿½5.9 M? (10.4ï¿½38.0 M?); rebound depolarizations from large negative current pulses were 4.8ï¿½3.0 mV (1ï¿½12.2 mV) in amplitude and membrane time constants were 7.5ï¿½2.9 ms (5.4ï¿½18.2 ms). All cells included displayed similar properties, i.e. resting potentials between -60 and -75 mV, spike amplitudes greater than 80 mV (where spike width at halfï¿½amplitude was &lt;0.7 ms), spike accommodation and frequency adaptation, delayed inward rectification in response to large negative current pulses and a complex, typically triphasic spike afterhyperpolarization. The neurons reported here that were demonstrably involved in a synaptic connection displayed similar characteristics. No evidence could be found to suggest that they formed a distinct subset of pyramidal neurons (see Fig. 2B). In addition, many neurons were filled with biocytin and all recovered cells were identifiable as CA1 pyramidal cells except on those occasions when an interneuron, with different electrophysiological characteristics, was also recorded.","p1010",NULL,NULL,NULL,NULL,8895869,0,"CE; CA1 Pyramidal?CA1 Pyramidal",NULL,NULL,NULL
3100432,4038,NULL,4000,NULL,"From a total of 57 successfully recovered and identified stratum oriens horizontal interneurons, four were judged to be axoï¿½axonic cells based on their axonal arborization. This was determined in an initial light microscopic analysis, giving them a ï¿½chandelierï¿½-like appearance (Somogyi, 1977; Somogyi et al., 1985; Buhl et al., 1994) (Fig. 1A,E). Electron microscopic analysis of a random sample of the postsynaptic targets of two of these cells provided unequivocal evidence that this prediction was correct. The following discussion presents a detailed analysis of the properties of these cells. Some of the physiological features are summarized in Table 1.<br><b>Axonal and Dendritic Patterns; Synaptic Targets</b><br> All four cells presented in this report shared the main anatomical feature of a characteristic axonal arbor located primarily in the part of stratum pyramidale adjoining stratum oriens and also in stratum oriens itself (Fig. 1A,E). For two of the cells (cell 240499 and 080299), some boutonï¿½bearing axon collaterals also spread into the deep stratum oriens and alveus. Only a few collaterals penetrated the compact layer of stratum pyramidale and stratum radiatum, but when they did, they established radially oriented rows of boutons, the hallmark of axoï¿½axonic cells (Fig. 1A,E). Because of the truncation of axonal trees by the slicing procedure, no attempt was made to count the rows of boutons here. The main axons of horizontal axoï¿½axonic cells originated in the soma in three cases and from a very proximal dendrite in one case.<br>Electron microscopic analysis of a random sample of 10 postsynaptic targets for each of cell 081298 and 080299 showed that they made synapses exclusively on axon initial segments. Even when the identified bouton was in direct membrane apposition to the cell body of a pyramidal cell, it made no synaptic junction with it, but formed a junction with a nearby AIS. The AIS were recognized by their higher electron opacity than that of dendrites in the same material, and, when present, the electronï¿½dense membrane undercoating, microtubule fascicles, and a high density of membranous tubules and large vesicles (Fig. 1F). They only received type II synapses both from the recorded axoï¿½axonic cell and from unlabeled boutons, presumably originating in other converging axoaxonic cells (Fig. 1F). These axon initial segments very likely originate in CA1 pyramidal cells, although only three could be followed back to the parent cells within the examined series of sections. The axons did not form appositions with the axon initial segment, soma, or dendrite of the labeled interneurons themselves; therefore, there was no indication of autaptic contacts (Cobb et al., 1997). The axon initial segment of interneurons examined in the rodent hippocampus so far received no synapses, or very few (P. Somogyi, unpublished observation).<br>The soma of all four cells was spindle shaped, elongated parallel with the layers (called the horizontal orientation), with short and long axes of ~10 and 20 ï¿½m, respectively. Three of the somata were located in stratum oriens about halfway between the stratum pyramidale and the alveus (Fig. 1Aï¿½C); one was closer to the alveus. The recovery of three of the cells was excellent, and we were able to trace dendrites to their apparent natural ends. One of the cells showed signs of collapse, and the dendrites were filled with HRP reaction product only in patches. Nevertheless, some could be traced up to a 200ï¿½ï¿½m distance, and it is unlikely that any major dendrite was missed. Most dendrites emanated from the two poles of the soma and ran parallel with the pyramidal cell layer. Branching occurred mainly at the origin of dendrites and in their most distal parts. The dendrites showing natural ends could be traced for up to ~340 ï¿½m from the soma, making a total lateral dendritic extent of 400ï¿½500 ï¿½m. The dendrites were mostly smooth, with a few filopodial extensions, as is typical in young animals, and with a low density of drumstickï¿½shaped spines on two of the cells. Some dendrites emanated from the sides or upper parts of the soma and were truncated by the slicing procedure. We cannot exclude the possibility that some of the truncated dendrites extended into layers outside the stratum oriens, but this was observed only in one of the cells (cell 240499), which had a small dendrite reaching the lower part of stratum radiatum.","p234-5",NULL,NULL,NULL,NULL,15098728,0,"Mo; CA1 Horizontal Axo-Axonic?CA1 Pyramidal",NULL,NULL,NULL
3100433,4078,NULL,4078,NULL,"<b>2.5. Autaptic connectivity of GABAergic interneurons</b><br>In addition to targeting interneurons and pyramidal cells, individual basket and bistratified cells also appeared to form multiple sites of autaptic [90] selfï¿½innervation with their own membrane surface. For each of 18 interneurons, one 60ï¿½70 ï¿½m section containing the cell body and the majority of the dendrites was analysed. For 12 of 12 basket cells and six of six bistratified cells tested, light microscopic evaluation revealed boutonï¿½laden axon collaterals of the same cell closely apposed to its somata and /or dendrites. In a single section, at least two and up to seven boutons appeared to be apposed to the somatodendritic domain of each cell. Conversely, axoï¿½axonic cells which exclusively innervate the axon initial segment domain of pyramidal cells [13, 14, 52, 83] showed no such autaptic innervation in any of the 12 biocytinï¿½filled cells examined (not shown). In order to confirm the synaptic nature of such sites seen at the light microscopic level in basket and bistratified cells, a single biocytinï¿½filled basket cell (Fig. 10; full reconstruction shown in Fig. 2 of Ref. [12]) was reï¿½embedded in resin and the entire perisomatic region was reï¿½sectioned for electron microscopy. Light microscopic analysis predicted that seven boutons, originating from five axon collaterals which could be continuously traced to the main axon, were closely apposed to the somatodendritic domain of the basket cell. Evaluation of serial ultrathin sections at the electron microscopic level confirmed that five boutons made autaptic junctions (Fig. 11). In one instance (site 3* in Fig. 10), a single bouton formed two active zones on a principal apical dendrite, close to where it originated from the parent basket cell soma (Fig. 11). All autaptic junctions (n=6) were on very proximal apical and basal dendrites. The perisomatic placement of autapses is similar to the synaptic target profile of the same cell to local pyramidal cell targets (48% somata, 49% proximal dendrites and 2% spines; n=61; reported in Ref.[12]).","p640-2",NULL,NULL,NULL,NULL,9219929,0,"CA1 Basket?CA1 Basket; CA1 Bistratified?CA1 Bistratified",NULL,NULL,NULL
3100433,4080,NULL,4080,NULL,"<b>2.5. Autaptic connectivity of GABAergic interneurons</b><br>In addition to targeting interneurons and pyramidal cells, individual basket and bistratified cells also appeared to form multiple sites of autaptic [90] selfï¿½innervation with their own membrane surface. For each of 18 interneurons, one 60ï¿½70 ï¿½m section containing the cell body and the majority of the dendrites was analysed. For 12 of 12 basket cells and six of six bistratified cells tested, light microscopic evaluation revealed boutonï¿½laden axon collaterals of the same cell closely apposed to its somata and /or dendrites. In a single section, at least two and up to seven boutons appeared to be apposed to the somatodendritic domain of each cell. Conversely, axoï¿½axonic cells which exclusively innervate the axon initial segment domain of pyramidal cells [13, 14, 52, 83] showed no such autaptic innervation in any of the 12 biocytinï¿½filled cells examined (not shown). In order to confirm the synaptic nature of such sites seen at the light microscopic level in basket and bistratified cells, a single biocytinï¿½filled basket cell (Fig. 10; full reconstruction shown in Fig. 2 of Ref. [12]) was reï¿½embedded in resin and the entire perisomatic region was reï¿½sectioned for electron microscopy. Light microscopic analysis predicted that seven boutons, originating from five axon collaterals which could be continuously traced to the main axon, were closely apposed to the somatodendritic domain of the basket cell. Evaluation of serial ultrathin sections at the electron microscopic level confirmed that five boutons made autaptic junctions (Fig. 11). In one instance (site 3* in Fig. 10), a single bouton formed two active zones on a principal apical dendrite, close to where it originated from the parent basket cell soma (Fig. 11). All autaptic junctions (n=6) were on very proximal apical and basal dendrites. The perisomatic placement of autapses is similar to the synaptic target profile of the same cell to local pyramidal cell targets (48% somata, 49% proximal dendrites and 2% spines; n=61; reported in Ref.[12]).","p640-2",NULL,NULL,NULL,NULL,9219929,0,"CA1 Basket?CA1 Basket; CA1 Bistratified?CA1 Bistratified",NULL,NULL,NULL
3100434,4078,NULL,4080,NULL,"<b>Intracellularly labelled basket cellï¿½toï¿½bistratified cell pair.</b><br> The light microscopic reconstruction shows the presynaptic basket cell (soma and dendrites in red, axon in black) and the nearby postsynaptic interneuron (blue) which has the distinctive dendritic characteristics of a bistratified cell [31]. Arrows indicate the main axons originating from each cell. The axon of the basket cell was similar to those published earlier,[31] therefore only the branches innervating the putative bistratified cell are indicated for clarity. The postsynaptic cell gives rise to two main axons, which emerge from the basal portion of the soma. The inset indicates all electron microscopically identified sites of synaptic contact (n=12; see Fig. 3) made by 10 boutons of the presynaptic basket cell axon onto the postsynaptic bistratified cell. In two instances (marked with an asterisk), a single bouton formed two active zones, so that in total, seven synaptic junctions were made onto the soma and the remaining five onto proximal dendritic shafts. Electron microscopic evaluation of randomly selected synaptic terminals (n=12) showed that the basket cell innervated somata (50% of targets tested) and proximal dendritic shafts (50%) of unlabelled pyramidal cells. SP, stratum pyramidale; SR, stratum radiatum. Scale bar=100 ï¿½m; Inset scale bar=50 ï¿½m.","Fig. 2",NULL,NULL,NULL,NULL,9219929,0,"CA1 Basket?CA1 Bistratified",NULL,"3100434.png",NULL
3100435,4078,NULL,4000,NULL,"<b>Light and electron micrographs of selected basket cell synaptic boutons established with a postsynaptic putative bistratified cell shown in Fig. 2.</b><br>Bouton numbers correspond to those in Fig. 2, inset.<br><b>(A)</b> Light micrograph showing basket cell axon crossing the apical portion of the bistratified cell soma and forming two boutons, b3<sup>*</sup> and b4.<br><b>(B, C)</b> Electron micrographs of boutons b3<sup>*</sup> and b4 respectively, making type 2 synaptic junctions (arrows) with the bistratified cell soma (SO). Bouton 3* forms two separate synaptic junctions which were not joined as proved in serial sections.<br><b>(D)</b> Light micrograph of bouton 8 (arrow) in close apposition to the bistratified cell soma.<br><b>(E)</b> The corresponding electron micrograph confirms the presence of a type 2 synaptic junction with the postsynaptic neuron (white arrow). The opposite side of the same bouton makes a second synapse (open arrow) with an adjacent pyramidal cellsoma (PS). The identified bouton (b8) is adjacent to another vesicle filled bouton (lower right) that is free of reaction product.<br><b>(F)</b> Light micrograph showing the basket cell axon forming a bouton (arrow, b2) close to a proximal dendrite of the postsynaptic bistratified cell.<br><b>(G)</b> Corresponding electron micrograph of the bouton (b2) showing the synaptic junction (arrow) with the dendrite (d) which also receives synaptic input (open arrow) from an adjacent unlabelled synaptic terminal.<br><b>(H)</b> Light micrograph of a basket cell bouton (arrow; b10) in close apposition to a basal dendrite of the bistratified cell.<br><b>(I)</b> The corresponding electron micrograph shows b10 forming a type 2 synaptic junction (arrow) with the dendrite (d). <br>Scale bars: A, D, F, H=2 ï¿½m; B, C, E, G, I=0.5 ï¿½m.","Fig. 3",NULL,NULL,NULL,NULL,9219929,0,"CA1 Basket?CA1 Pyramidal|Bistratified",NULL,"3100435.png",NULL
3100435,4078,NULL,4080,NULL,"<b>Light and electron micrographs of selected basket cell synaptic boutons established with a postsynaptic putative bistratified cell shown in Fig. 2.</b><br>Bouton numbers correspond to those in Fig. 2, inset.<br><b>(A)</b> Light micrograph showing basket cell axon crossing the apical portion of the bistratified cell soma and forming two boutons, b3<sup>*</sup> and b4.<br><b>(B, C)</b> Electron micrographs of boutons b3<sup>*</sup> and b4 respectively, making type 2 synaptic junctions (arrows) with the bistratified cell soma (SO). Bouton 3* forms two separate synaptic junctions which were not joined as proved in serial sections.<br><b>(D)</b> Light micrograph of bouton 8 (arrow) in close apposition to the bistratified cell soma.<br><b>(E)</b> The corresponding electron micrograph confirms the presence of a type 2 synaptic junction with the postsynaptic neuron (white arrow). The opposite side of the same bouton makes a second synapse (open arrow) with an adjacent pyramidal cellsoma (PS). The identified bouton (b8) is adjacent to another vesicle filled bouton (lower right) that is free of reaction product.<br><b>(F)</b> Light micrograph showing the basket cell axon forming a bouton (arrow, b2) close to a proximal dendrite of the postsynaptic bistratified cell.<br><b>(G)</b> Corresponding electron micrograph of the bouton (b2) showing the synaptic junction (arrow) with the dendrite (d) which also receives synaptic input (open arrow) from an adjacent unlabelled synaptic terminal.<br><b>(H)</b> Light micrograph of a basket cell bouton (arrow; b10) in close apposition to a basal dendrite of the bistratified cell.<br><b>(I)</b> The corresponding electron micrograph shows b10 forming a type 2 synaptic junction (arrow) with the dendrite (d). <br>Scale bars: A, D, F, H=2 ï¿½m; B, C, E, G, I=0.5 ï¿½m.","Fig. 3",NULL,NULL,NULL,NULL,9219929,0,"CA1 Basket?CA1 Pyramidal|Bistratified",NULL,"3100435.png",NULL
3100436,NULL,NULL,4000,NULL,"<b>Light and electron micrographs of the basket cell shown in Fig. 5 and its postsynaptic targets.</b><br><b>(A)</b> Light microscopic montage of the basket cell. At higher magnification, axons were seen to form characteristic ï¿½perisomatic basketsï¿½ <b>(B)</b> and vertically elongated collaterals <b>(C),</b> forming multiple boutons, which appeared to follow unlabelled apical dendrites (arrows).<br><b>(D, E)</b> Electron micrographs of labelled basket cell boutons (b), forming synaptic junctions (arrows) with an unlabelled pyramidal cell soma (som) and a proximal apical dendrite (d).<br>SO, stratum oriens; SP, stratum pyramidale; SR, stratum radiatum. Scale bars: A=50 ï¿½m; B=20 ï¿½m; C=10 ï¿½m; D and E=0.5 ï¿½m.","Fig. 6",NULL,NULL,NULL,NULL,9219929,0,"CA1:0232 Wide-Arbor Basket?CA1 Pyramidal",NULL,"3100436.png",NULL
3100437,NULL,NULL,NULL,NULL,"<b>Reconstruction of an interneuron at the border of stratum lacunosum/radiatum and postsynapticbistratified and pyramidal cells.</b><br> The soma of the presynaptic cell (red) is situated in stratum radiatum (SR) close to the border with stratum lacunosum moleculare (SLM). Dendrites (incomplete) project into both strata radiatum and lacunosum moleculare. The postsynaptic bistratified cell (blue) and pyramidal cell (black) somata are situated in stratum pyramidale (SP). Apical dendrites of the bistratified cell are beaded and confined to stratum radiatum, whereas the spiny pyramidal cell dendrites extensively ramify in all layers. Only the main axons (arrowheads) of the bistratified and pyramidal cells and two of the pyramidal basal dendrites are shown for clarity. The axon of the bistratified cell originated from the soma towards stratum radiatum and turned immediately towards stratum oriens.<br>Scale bar=100 ï¿½m.","Fig. 8",NULL,NULL,NULL,NULL,9219929,0,"CA1:2300 LMR-R?CA1 Bistratified|Pyramidal",NULL,"3100437.png",NULL
3100438,4078,NULL,4078,NULL,"<b>Light microscopic reconstruction of a basket cell soma and proximal dendrites, showing multiple sites of autaptic innervation.</b><br> The basket cell axon (black) emerges from the soma (red), branches extensively (Ys indicate branch points), forming multiple (5) sites of autaptic selfï¿½innervation. Electron microscopic analysis confirmed all the numbered sites to represent synaptic junctions (see Fig. 11) and showed one particular bouton (3*) to form two separate synaptic membrane specializations. SR, stratum radiatum; SP, stratum pyramidale. Scale bar=20 ï¿½m.","Fig. 10",NULL,NULL,NULL,NULL,9219929,0,"CA1 Basket?CA1 Basket; CA1 Bistratified?CA1 Bistratified",NULL,"3100438.png",NULL
3100438,4080,NULL,4080,NULL,"<b>Light microscopic reconstruction of a basket cell soma and proximal dendrites, showing multiple sites of autaptic innervation.</b><br> The basket cell axon (black) emerges from the soma (red), branches extensively (Ys indicate branch points), forming multiple (5) sites of autaptic selfï¿½innervation. Electron microscopic analysis confirmed all the numbered sites to represent synaptic junctions (see Fig. 11) and showed one particular bouton (3*) to form two separate synaptic membrane specializations. SR, stratum radiatum; SP, stratum pyramidale. Scale bar=20 ï¿½m.","Fig. 10",NULL,NULL,NULL,NULL,9219929,0,"CA1 Basket?CA1 Basket; CA1 Bistratified?CA1 Bistratified",NULL,"3100438.png",NULL
3100439,4078,NULL,4078,NULL,"<b>Electron microscopic demonstration of autaptic junctions (also illustrated in Fig. 10).</b><br><b>(A)</b> Low power electron micrograph of the basket cell soma (so) and a proximal basal dendrite (d). Arrow indicates a bouton of the same basket cell in close apposition to the basal dendrite. At higher power (B) the same bouton (b1; corresponds to site 1 in Fig. 10) is seen to form an autaptic junction with the dendrite (arrow).<br><b>(C)</b> Electron micrograph of a second bouton (b2, site 2 in Fig. 10), forming an autaptic junction (arrow) onto a basal dendrite (d) of the basket cell. Scale bars: A=2 ï¿½m; B, C=0.2 ï¿½m.","Fig. 11",NULL,NULL,NULL,NULL,9219929,0,"CA1 Basket?CA1 Basket; CA1 Bistratified?CA1 Bistratified",NULL,"3100439.png",NULL
3100439,4080,NULL,4080,NULL,"<b>Electron microscopic demonstration of autaptic junctions (also illustrated in Fig. 10).</b><br><b>(A)</b> Low power electron micrograph of the basket cell soma (so) and a proximal basal dendrite (d). Arrow indicates a bouton of the same basket cell in close apposition to the basal dendrite. At higher power (B) the same bouton (b1; corresponds to site 1 in Fig. 10) is seen to form an autaptic junction with the dendrite (arrow).<br><b>(C)</b> Electron micrograph of a second bouton (b2, site 2 in Fig. 10), forming an autaptic junction (arrow) onto a basal dendrite (d) of the basket cell. Scale bars: A=2 ï¿½m; B, C=0.2 ï¿½m.","Fig. 11",NULL,NULL,NULL,NULL,9219929,0,"CA1 Basket?CA1 Basket; CA1 Bistratified?CA1 Bistratified",NULL,"3100439.png",NULL
3100440,NULL,NULL,NULL,NULL,"<b>Light and electron microscopic classification of Rï¿½LM interneurons</b><br>Light microscopic examination revealed that those Rï¿½LM interneurons with extensive dendritic and axonal labelling (n=22) could be incorporated into at least four distinct, nonï¿½overlapping categories. Prominent differences were apparent with regard to the lamination pattern of the axon, innervating circumscribed hippocampal layers and/or showing a highly distinct arborization pattern. In those instances, when the axon appeared to be coï¿½laminated with a major glutamatergic hippocampal afferent pathway, such as the perforant pathway, we have followed the terminology originally proposed for dentate gyrus localï¿½circuit neurons (Han et al. 1993), which has found relatively widespread acceptance and has been extended to other hippocampal subfields (for review see Freund &amp; Buzsï¿½ki, 1996).<br><b>(1)</b> The axon of Rï¿½LM basket cells (n=4) was confined to the somatic region and adjoining parts of strata radiatum and oriens (Fig. 1A).<br><b>(2)</b> The most abundant type of interneuron, the Schaffer collateral/commissural pathwayï¿½associated interneurons (n=10), for reasons of brevity referred to as Schafferï¿½associated interneurons, predominantly innervated stratum radiatum and, to a lesser extent, stratum oriens (Figs 2A and ?and3A).3A).<br><b>(3)</b> The axon of perforant pathï¿½associated interneurons (n=6) was concentrated in stratum lacunosumï¿½moleculare of the CA1 area and could also extend into the molecular layer of both dentate gyrus and subiculum (Fig. 5A).<br><b>(4)</b> The remaining class of localï¿½circuit neuron had a very small stellate dendritic tree and an equally compact axonal arbour within strata radiatum and lacunosumï¿½moleculare (Figs 6A and ?and7).7). Based on their striking resemblance to a class of previously described neocortical nonï¿½principal cells (Szentï¿½gothai, 1973) we have thus adopted the term neurogliaform interneurons (n=2).<br>Regarding the efferent connectivity of hippocampal interneurons, the laminar distribution of axonal arbours is already a reasonably good predictor for their postsynaptic domain specificity (Gulyï¿½s et al. 1993; Halasy &amp; Somogyi, 1993). However, light microscopic predictions are nevertheless insufficient to assess adequately the postsynaptic target preference for particular membrane domains which may overlap within a given lamina, such as, for example, somata, dendrites and axon initial segments being coï¿½distributed within the pyramidal cell layer. Within the strata radiatum and lacunosumï¿½moleculare potential postsynaptic targets include pyramidal dendrites and spines, the somata of occasional pyramidal cells and the entire somatoï¿½dendritic surface of other interneurons. We therefore studied the postsynaptic target distribution of a representative sample of Rï¿½LM interneurons (n=14; Table 2), using random electron microscopic sampling of vesicleï¿½containing axonal boutons (n=231), 164 of which were found to establish a total of 170 synaptic junctions (Fig. 8Aï¿½K; Table 2). Overall, these data indicate that postsynaptic target profiles are relatively stereotyped within the respective groups (see below), notwithstanding some degree of variability, which may be partially due to the limited sample size (10ï¿½17 synaptic junctions per cell). Importantly, all cells appeared to favour pyramidal cells as their postsynaptic targets and it is therefore highly probable that none of the cell classes described below overlaps with those categories of Rï¿½LM interneurons which have been recently shown to target predominantly, if not exclusively, other interneurons (Gulyï¿½s et al. 1996; Acsï¿½dy et al. 1996).","p761",NULL,NULL,NULL,NULL,9503336,0,"CA1 R-LM",NULL,NULL,NULL
3100441,4081,NULL,4000,NULL,"<b>Axonal Arborizations and Synaptic Targets of Ivy Cells.</b><br><b>(A)</b> Axonal distributions of Ivy cells (n=4) and bistratified cells (n=5) are significantly different (<sup>?</sup>p = 0.016). Axons were sampled in defined areas (see text) of stratum oriens (str. or.), proximal stratum radiatum (str. rad. prox.), and next to stratum lacunosumï¿½moleculare in distal stratum radiatum (str. rad. dist.) from one 70ï¿½ï¿½mï¿½thick section containing the soma. Bars represent means, and symbols, individual measurements. The axonal sample of Ivy cells in stratum oriens was one order of magnitude higher than that of bistratified cells (1.604ï¿½0.564 and 0.148ï¿½0.033 mm, respectively). The Ivy cell (T134a) with the lowest amount of axon in stratum oriens had the highest amount in stratum radiatum (gray line).<br><b>(B)</b> Confocal immunoflourescence image showing a dense cloud of nNOS- and NPYï¿½expressing, fine axons in stratum oriens.<br><b>(C and D)</b> Confocal immunoflourescence images showing the filled axon of Ivy cell P2a, which is immunopositive for nNOS.<br><b>(E)</b> Serial section reconstruction (12 70ï¿½nmï¿½thick sections) of the Ivy cell bouton (blue) shown in (F) making a synapse (purple) onto a small dendritic shaft (yellow) emitting multiple spines, some of them with visible type I synapses on their head (turquoise) appearing in this orientation. Dashed regions indicate cut surfaces. Inset in (F) shows the synaptic cleft and the small synaptic junction.<br><b>(G and H)</b> Electron micrographs of horseradish peroxidase productï¿½labeled boutons of recorded Ivy cells. The boutons make small type II synaptic junctions (arrow) with small dendritic shafts either in stratum oriens ([G], cell P2a) or in stratum radiatum ([H], cell T134a). The small pyramidal cell dendrite in (H) emits a spine that receives a type I synapse.<br><b>Scale bars:</b> (B)ï¿½(D), 5 ï¿½m; (E)ï¿½(H), 200 nm; (F) inset, 100 nm.","Fig. 3",NULL,NULL,NULL,NULL,18367092,0,"Ma; Mo; CA1 Ivy|Bistratified?CA1 Pyramidal",NULL,"3100441.png",NULL
3100441,4080,NULL,4000,NULL,"<b>Axonal Arborizations and Synaptic Targets of Ivy Cells.</b><br><b>(A)</b> Axonal distributions of Ivy cells (n=4) and bistratified cells (n=5) are significantly different (<sup>?</sup>p = 0.016). Axons were sampled in defined areas (see text) of stratum oriens (str. or.), proximal stratum radiatum (str. rad. prox.), and next to stratum lacunosumï¿½moleculare in distal stratum radiatum (str. rad. dist.) from one 70ï¿½ï¿½mï¿½thick section containing the soma. Bars represent means, and symbols, individual measurements. The axonal sample of Ivy cells in stratum oriens was one order of magnitude higher than that of bistratified cells (1.604ï¿½0.564 and 0.148ï¿½0.033 mm, respectively). The Ivy cell (T134a) with the lowest amount of axon in stratum oriens had the highest amount in stratum radiatum (gray line).<br><b>(B)</b> Confocal immunoflourescence image showing a dense cloud of nNOS- and NPYï¿½expressing, fine axons in stratum oriens.<br><b>(C and D)</b> Confocal immunoflourescence images showing the filled axon of Ivy cell P2a, which is immunopositive for nNOS.<br><b>(E)</b> Serial section reconstruction (12 70ï¿½nmï¿½thick sections) of the Ivy cell bouton (blue) shown in (F) making a synapse (purple) onto a small dendritic shaft (yellow) emitting multiple spines, some of them with visible type I synapses on their head (turquoise) appearing in this orientation. Dashed regions indicate cut surfaces. Inset in (F) shows the synaptic cleft and the small synaptic junction.<br><b>(G and H)</b> Electron micrographs of horseradish peroxidase productï¿½labeled boutons of recorded Ivy cells. The boutons make small type II synaptic junctions (arrow) with small dendritic shafts either in stratum oriens ([G], cell P2a) or in stratum radiatum ([H], cell T134a). The small pyramidal cell dendrite in (H) emits a spine that receives a type I synapse.<br><b>Scale bars:</b> (B)ï¿½(D), 5 ï¿½m; (E)ï¿½(H), 200 nm; (F) inset, 100 nm.","Fig. 3",NULL,NULL,NULL,NULL,18367092,0,"Ma; Mo; CA1 Ivy|Bistratified?CA1 Pyramidal",NULL,"3100441.png",NULL
3100442,4000,NULL,4069,NULL,"<b>Summary diagram of the dendritic and axonal arborization and possible synaptic contacts made and received by a horizontal Oï¿½A interneurone</b><br>A pyramidal cell directly excites a horizontal Oï¿½A interneurone, which might then suppress inputs from entorhinal cortex to that pyramidal cell by shunting current in distal dendrites.","Fig. 13",NULL,NULL,NULL,NULL,9490837,0,"CA1 Pyramidal?CA1 O-LM",NULL,"3100442.png",NULL
3100443,4078,NULL,4078,NULL,"<b>Light microscopic reconstruction of the pair of synaptically connected basket cells shown in Fig. 2<br>A,</b> the presynaptic basket cell (black somaï¿½dendrites and light grey axonal arbour) generated IPSPs in the postsynaptic basket cell (dark grey, somaï¿½dendrites only).<br><b>B,</b> axonal arbour of the postsynaptic basket cell.<br><b>C,</b> soma and proximal dendrites of the preï¿½ and postsynaptic cell. The arrowheads indicate the sites of close apposition of the presynaptic cell's axon with the postsynaptic cell (left, semiï¿½filled arrowheads) and with its own somatoï¿½dendritic domain (right, filled arrowheads). This magnification reveals the sparsely spiny dendrites of the presynaptic and the smooth dendrites of the postsynaptic cell.<br><b>Abbreviations:</b> ax = axonï¿½initial segment, SO = stratum oriens, SP = stratum pyramidale, SR = stratum radiatum.","Fig. 6",NULL,NULL,NULL,NULL,12562998,0,"Mo; CA1 Basket?CA1 Basket",NULL,"3100443.png",NULL
3100444,4078,NULL,4078,NULL,"<b>Electron microscopic verification of autapses.</b><br>The inset shows the drawing tube reconstruction of the soma (black) and a part of the axon (light grey) of the fastï¿½spiking basket cell shown in Fig. 3A. The six close appositions were all confirmed to be synaptic contacts. The electron microscopic images of contacts 1 (A,C), 3 (B,D) and 5 (B,E) are shown at low (A,B) and high (Cï¿½E) magnification. The arrowheads point towards the postsynaptic densities, the numbers correspond to the number of close appositions observed at the light microscopic level. Scale bars: A=1 ï¿½m, B=2 ï¿½m, Cï¿½E= 250 nm.","Fig. 7",NULL,NULL,NULL,NULL,12562998,0,"CA1 Basket fs?CA1 Basket fs",NULL,"3100444.png",NULL
3100445,NULL,NULL,4000,NULL,"<b>SLï¿½INs establish synaptic contacts with CA1 pyramidal cells: confocal analysis.</b><br><b>(Aï¿½C)</b> Examples of putative synaptic contact detected by confocal microscopy in three different pairs of cells. SLï¿½IN axons (filled with biocytin) interact with the apical dendrite of a CA1 pyramidal cell. <b>On the side:</b> serial confocal stacks from the red lineï¿½box. Putative contact points (yellow asterisks) are constituted by presynaptic and postsynaptic structures located on the same focal plane.","Fig. S12",NULL,NULL,NULL,NULL,24457215,0,"CA1 SL-INs?CA1 pyramidal cells",NULL,"3100445.png",NULL
3100446,NULL,NULL,NULL,NULL,"<b>Examples of relationships between CCK- and PVï¿½immunostained elements.</b><br><b>A1,</b> Several CCK terminals (green) appear adjacent to a PV (red) dendritic process.<br><b>A2,</b> Same field as <b>A1</b> but including synaptophysin (SYP) staining (blue) reveals several SYP puncta, including one that completely colocalizes with a CCK terminal (asterisk).<br><b>B1</b> and <b>B2</b> show the same field as in <b>A</b> but after rotation (90ï¿½ into the plane of the image) revealing the putative synapse, close appositions (e.g., arrow), and nonassociations (e.g., arrowheads) between the PV- and CCKï¿½stained elements. A close apposition was defined as two elements staining for CCK or PV that were contiguous within the limits of our optical resolution even when rotated. A putative synapse was defined as a close apposition in which the terminal was also SYP immunoreactive. Nonassociated elements did not remain in close apposition after image rotation. Note the 90ï¿½ rotation is used only for illustrative purposes; all images were in fact rotated through 360ï¿½ to confirm close apposition, as shown in the supplemental movie and supplemental Figure 1. Magnification, 100ï¿½. Scale bar, 1 ï¿½m.","Fig. 1",NULL,NULL,NULL,NULL,19339609,0,"CCK+?PV+",NULL,"3100446.png",NULL
3100447,NULL,NULL,NULL,NULL,"<b>Punctate CCK immunoreactivity.</b><br><b>A,</b> CCK immunoreactivity frequently appeared as clusters of three to six puncta each 250ï¿½300 nm in diameter.<br><b>A1,</b> Image depicting several CCK clusters observed within s. pyramidale. Scale bar, 1 ï¿½m.<br><b>A2,</b> Enlarged view of a cluster from <b>A1</b>. Images were taken at 100ï¿½. Scale bar, 250 nm.<br><b>B,</b> CCK puncta are present in preterminal axons.<br><b>B1,</b> Lowï¿½power image of s. pyramidale, showing CCK immunostaining in green, and the biocytinï¿½filled axon from a CCK interneuron making close contacts with the large dark spaces that represent pyramidal cell somata.<br><b>B2</b> and <b>B3</b> are higherï¿½power images of the area outlined by the white box in <b>B1</b>; <b>B3</b> is a 90ï¿½ rotation of the image in <b>B2</b>, showing that the CCK puncta are present within the axon (yellow puncta).<br>Scale bars: <b>B1</b>, 10 ï¿½m; <b>B2</b>, <b>B3</b>, 1 ï¿½m.","Fig. 2",NULL,NULL,NULL,NULL,19339609,0,"CCK+?CCK+",NULL,"3100447.png",NULL
3100448,NULL,NULL,NULL,NULL,"<b>Axosomatic synapses between CCK and PV interneurons in CA1 s. pyramidale.</b><br><b>A1,</b> A PV interneuron (red) is surrounded by many CCKï¿½immunoreactive (green) terminals.<br><b>A2ï¿½A5,</b> Magnified images of the region of interest demarked by the box in <b>A1</b>.<br><b>A2,</b> Several CCK terminals are observed within the region of interest.<br><b>A3,</b> SYP immunoreactivity (blue) is also observed.<br><b>A4,</b> Colocalization of a CCK terminal and SYP (arrow).<br><b>A5,</b> The CCK/SYP immunoreactive terminal is in close apposition to the PV soma forming a putative synapse. Similarly, in <b>B1</b>, a CCK interneuron (granular appearance because of numerous CCK puncta) is surrounded by many PVï¿½immunoreactive terminals.<br><b>B2ï¿½B5</b> show a magnified image of the region of interest demarked by the box in <b>B1</b>.<br><b>B2,</b> Several PV terminals are present within the region of interest.<br><b>B3,</b> SYP immunoreactivity is also observed.<br><b>B4,</b> Colocalization of a PV terminal and SYP (arrow).<br><b>B5,</b> The PV/SYPï¿½immunoreactive terminal is in close apposition to the PV soma. Images were taken at 100ï¿½.<br>Scale bars: <b>A1</b>, <b>B1</b>, 15 ï¿½m; all other panels, 1 ï¿½m.","Fig. 3",NULL,NULL,NULL,NULL,19339609,0,"CA1:SP CCK+?PV+",NULL,"3100448.png",NULL
3100449,NULL,NULL,NULL,NULL,"<b>Axoaxonic contacts between CCK and PV interneurons in s. pyramidale.</b><br><b>A,</b> A PV interneuron axon (red) is surrounded by many CCKï¿½immunoreactive (green) terminals, and one terminal in close apposition is both CCK and SYP immunoreactive (blue).<br><b>B1ï¿½B4,</b> The 90ï¿½ counterclockwise rotations of <b>A1ï¿½A4</b> showing that the cells remain contiguous. Scale bars, 1 ï¿½m.","Fig. 4",NULL,NULL,NULL,NULL,19339609,0,"CA1:SP CCK+?PV+",NULL,"3100449.png",NULL
3100450,NULL,NULL,NULL,NULL,"<b>Electron micrographs of contacts between CCK- and PVï¿½immunoreactive elements in hippocampal CA1 region.</b><br><b>A,</b> A CCKï¿½labeled terminal (CCKï¿½T) (developed with DAB) forms a synapse (between arrows in all panels) with a PVï¿½labeled soma (PVï¿½S) (silverï¿½intensified gold particles).<br><b>B,</b> A CCKï¿½labeled terminal (DAB) forms a synapse with a PVï¿½labeled dendrite (gold).<br><b>C,</b> A PVï¿½labeled terminal (DAB) forms a synapse with a CCKï¿½labeled dendrite (gold).<br><b>D,</b> A PVï¿½labeled terminal (DAB) contacts a CCKï¿½labeled dendrite (gold).<br><b>E,</b> A CCKï¿½labeled terminal (gold) contacts a PVï¿½labeled terminal (DAB).<br><b>F,</b> Close appositions between PV (DAB) terminals and a CCK terminal (gold). An unlabeled, presumed pyramidal cell soma (Uï¿½S) is nearby.<br><b>A</b> and <b>B</b> were from s. oriens; <b>Cï¿½F</b> were from s. pyramidale. Scale bars, 500 nm (for all panels).","Fig. 5",NULL,NULL,NULL,NULL,19339609,0,"CA1:SP CCK+??PV+",NULL,"3100450.png",NULL
3100451,NULL,NULL,NULL,NULL,"<b>Examples of basket cell morphology of recorded CCK and PV cells in paired recordings.</b><br>Tracings of two coupled CCKï¿½PV pairs of cells shown in computerï¿½aided (see Materials and Methods) reconstruction on left and as labeled immunocytochemically on right (left: biocytin, red; <b>center:</b> CCK, green; <b>right:</b> PV, blue). After electrophysiological recordings were performed with biocytinï¿½filled pipettes, the slices were first fixed and labeled with fluorescent antibodies and photographed. The slices were then reprocessed for nickelï¿½DAB staining, and computerï¿½aided methods were used to trace the axons. DAB staining was required to detect the extensive axonal arborizations, and the identity of the individual axons was lost at that point. In the reconstructions, the cell somata and initial portions of the axons are shown in color because they were positively identified, but all axons are illustrated in dark gray. These reconstructions are typical of the five pairs processed in this way. The scale bar on the fluorescent images is 10 ï¿½m.","Fig. 7",NULL,NULL,NULL,NULL,19339609,0,"CCK+?PV+",NULL,"3100451.png",NULL
3100452,NULL,NULL,NULL,NULL,"<b>A putative CCK/PV synapse.</b><br>A CCK (green) and synaptophysin (blue) immunoï¿½positive terminal is in close apposition to a PV dendritic process (red). Movie depicts 360 degree horizontal rotations in conjunction with various color subtractions. The movie demonstrates a terminal in which CCK and SYP are clearly coï¿½localized, and in close apposition to the PV dendrite throughout the rotation.","Fig. S1",NULL,NULL,NULL,NULL,19339609,0,"CCK+?PV+",NULL,"3100452.png",NULL
3100453,4078,NULL,4000,NULL,"<b>Probabilities of inhibitory connections</b><br>Of 263 paired recordings in which a putative basket cell (n=35) was recorded simultaneously with a pyramidal cell (n=263), 57 yielded a monosynaptic IPSP, i.e. an average probability of 1 in 4.6 randomly selected pairs yielding an IPSP (14 of these were too small or too unstable for analysis). There appeared to be some relationship between the distance separating the two cells and the probability of obtaining an inhibitory connection. Pairs within 50ï¿½100 ï¿½m of each other yielded probabilities closer to 1 in 2ï¿½tested pairs (46 : 89 pairs tested), the lowest success rate for close neighbours corresponding to a presynaptic interneuron with an unusually narrow axonal arbour (370 ï¿½m, 1 : 13). Pairs separated by &gt;150ï¿½200 ï¿½m yielded probabilities of 1 : 20 (6 : 120 tested pairs). This matches well the findings of Halasy et al. (1996) who estimated that the proportion of innervated pyramidal cells declined from 28% in the middle to 4% at the edge of the basket cell axonal field.<br>In addition to these inhibitory connections, two of these putative basket cells (one VO and one CFS) received excitatory postsynaptic potentials from other simultaneously recorded pyramidal cells. Two interneurons (one Rï¿½AHP and one CFS) were reciprocally connected with their postsynaptic pyramidal cell partners and the radial trilaminar interneuron (see Figs 8 and 9) was reciprocally connected with Basket cell 1. Finally, one RS cell received an inhibitory input from a CFS interneuron.","p1749-52",NULL,NULL,NULL,NULL,10215927,0,"CA1 BC?CA1 PC",NULL,NULL,NULL
3100454,4012,NULL,4012,NULL,"<b>Correlated light- and electron microscopy of membrane to membrane appositions established by NGFCs.</b><br><b>(A1)</b> Light micrograph of a closely apposed axon terminal (arrow) to a secondary dendrite of the parent cell.<br><b>(A2 and A3)</b> Low and high power electron micrographs of A1, show that the closely apposed cellï¿½s axon (a) to its own dendrite (d).<br><b>(B1)</b> Light micrograph showing an axonal branch running horizontally closely apposed (arrow) to a dendrite of the parent cell.<br><b>(B2)</b> Low power electron micrograph of B1, showing this putative contact (arrow).<br><b>(B3)</b> High power magnification of the same axon terminal (a) forming a membrane apposition with its own dendrite (d).<br><b>Scale bars are:</b> 20 ï¿½m in A1 and B1, 2 ï¿½m in A2, 0.5 ï¿½m in B2 and 0.2 ï¿½m in A3 and B3.","Fig. S1",NULL,NULL,NULL,NULL,20660272,0,"CA1 Neurogliaform??CA1 Neurogliaform",NULL,"3100454.png",NULL
3100455,4094,NULL,4000,NULL,"<b>Synaptic and nonï¿½synaptic junctions formed by axonal varicosities of Cajalï¿½Retzius cells</b><br><b>A,</b> partial reconstruction of the axon of a Cajalï¿½Retzius cell at the light microscopy level. Soma (grey) is indicated by the arrow. Serial sections were examined at the EM level in the axonal portion highlighted in red. Inset shows the location of the cell in the entire slice. lï¿½m, stratum lacunosumï¿½moleculare; m, stratum moleculare; g, stratum granulosum.<br><b>B1,</b> 3ï¿½dimensional reconstruction of the contact between a biocytinï¿½labelled varicosity (red) and an unlabelled dendrite (blue).<br><b>B2,</b> EM image showing an individual section identifying a putative synapse. Notice the postsynaptic density marked by the arrowhead.<br><b>C1ï¿½9,</b> serial sections revealing the lack of postsynaptic specializations opposite to a labelled varicosity. Notice, however, the presence of several synapses between unlabelled terminals in the same field of view (arrows).","Fig. 9",NULL,NULL,NULL,NULL,20547684,0,"CA1 Cajalï¿½Retzius?Any",NULL,"3100455.png",NULL
3100455,4094,NULL,4094,NULL,"<b>Synaptic and nonï¿½synaptic junctions formed by axonal varicosities of Cajalï¿½Retzius cells</b><br><b>A,</b> partial reconstruction of the axon of a Cajalï¿½Retzius cell at the light microscopy level. Soma (grey) is indicated by the arrow. Serial sections were examined at the EM level in the axonal portion highlighted in red. Inset shows the location of the cell in the entire slice. lï¿½m, stratum lacunosumï¿½moleculare; m, stratum moleculare; g, stratum granulosum.<br><b>B1,</b> 3ï¿½dimensional reconstruction of the contact between a biocytinï¿½labelled varicosity (red) and an unlabelled dendrite (blue).<br><b>B2,</b> EM image showing an individual section identifying a putative synapse. Notice the postsynaptic density marked by the arrowhead.<br><b>C1ï¿½9,</b> serial sections revealing the lack of postsynaptic specializations opposite to a labelled varicosity. Notice, however, the presence of several synapses between unlabelled terminals in the same field of view (arrows).","Fig. 9",NULL,NULL,NULL,NULL,20547684,0,"CA1 Cajalï¿½Retzius?Any",NULL,"3100455.png",NULL
3100455,4094,NULL,4054,NULL,"<b>Synaptic and nonï¿½synaptic junctions formed by axonal varicosities of Cajalï¿½Retzius cells</b><br><b>A,</b> partial reconstruction of the axon of a Cajalï¿½Retzius cell at the light microscopy level. Soma (grey) is indicated by the arrow. Serial sections were examined at the EM level in the axonal portion highlighted in red. Inset shows the location of the cell in the entire slice. lï¿½m, stratum lacunosumï¿½moleculare; m, stratum moleculare; g, stratum granulosum.<br><b>B1,</b> 3ï¿½dimensional reconstruction of the contact between a biocytinï¿½labelled varicosity (red) and an unlabelled dendrite (blue).<br><b>B2,</b> EM image showing an individual section identifying a putative synapse. Notice the postsynaptic density marked by the arrowhead.<br><b>C1ï¿½9,</b> serial sections revealing the lack of postsynaptic specializations opposite to a labelled varicosity. Notice, however, the presence of several synapses between unlabelled terminals in the same field of view (arrows).","Fig. 9",NULL,NULL,NULL,NULL,20547684,0,"CA1 Cajalï¿½Retzius?Any",NULL,"3100455.png",NULL
3100455,4094,NULL,4036,NULL,"<b>Synaptic and nonï¿½synaptic junctions formed by axonal varicosities of Cajalï¿½Retzius cells</b><br><b>A,</b> partial reconstruction of the axon of a Cajalï¿½Retzius cell at the light microscopy level. Soma (grey) is indicated by the arrow. Serial sections were examined at the EM level in the axonal portion highlighted in red. Inset shows the location of the cell in the entire slice. lï¿½m, stratum lacunosumï¿½moleculare; m, stratum moleculare; g, stratum granulosum.<br><b>B1,</b> 3ï¿½dimensional reconstruction of the contact between a biocytinï¿½labelled varicosity (red) and an unlabelled dendrite (blue).<br><b>B2,</b> EM image showing an individual section identifying a putative synapse. Notice the postsynaptic density marked by the arrowhead.<br><b>C1ï¿½9,</b> serial sections revealing the lack of postsynaptic specializations opposite to a labelled varicosity. Notice, however, the presence of several synapses between unlabelled terminals in the same field of view (arrows).","Fig. 9",NULL,NULL,NULL,NULL,20547684,0,"CA1 Cajalï¿½Retzius?Any",NULL,"3100455.png",NULL
3100455,4094,NULL,4078,NULL,"<b>Synaptic and nonï¿½synaptic junctions formed by axonal varicosities of Cajalï¿½Retzius cells</b><br><b>A,</b> partial reconstruction of the axon of a Cajalï¿½Retzius cell at the light microscopy level. Soma (grey) is indicated by the arrow. Serial sections were examined at the EM level in the axonal portion highlighted in red. Inset shows the location of the cell in the entire slice. lï¿½m, stratum lacunosumï¿½moleculare; m, stratum moleculare; g, stratum granulosum.<br><b>B1,</b> 3ï¿½dimensional reconstruction of the contact between a biocytinï¿½labelled varicosity (red) and an unlabelled dendrite (blue).<br><b>B2,</b> EM image showing an individual section identifying a putative synapse. Notice the postsynaptic density marked by the arrowhead.<br><b>C1ï¿½9,</b> serial sections revealing the lack of postsynaptic specializations opposite to a labelled varicosity. Notice, however, the presence of several synapses between unlabelled terminals in the same field of view (arrows).","Fig. 9",NULL,NULL,NULL,NULL,20547684,0,"CA1 Cajalï¿½Retzius?Any",NULL,"3100455.png",NULL
3100455,4094,NULL,4079,NULL,"<b>Synaptic and nonï¿½synaptic junctions formed by axonal varicosities of Cajalï¿½Retzius cells</b><br><b>A,</b> partial reconstruction of the axon of a Cajalï¿½Retzius cell at the light microscopy level. Soma (grey) is indicated by the arrow. Serial sections were examined at the EM level in the axonal portion highlighted in red. Inset shows the location of the cell in the entire slice. lï¿½m, stratum lacunosumï¿½moleculare; m, stratum moleculare; g, stratum granulosum.<br><b>B1,</b> 3ï¿½dimensional reconstruction of the contact between a biocytinï¿½labelled varicosity (red) and an unlabelled dendrite (blue).<br><b>B2,</b> EM image showing an individual section identifying a putative synapse. Notice the postsynaptic density marked by the arrowhead.<br><b>C1ï¿½9,</b> serial sections revealing the lack of postsynaptic specializations opposite to a labelled varicosity. Notice, however, the presence of several synapses between unlabelled terminals in the same field of view (arrows).","Fig. 9",NULL,NULL,NULL,NULL,20547684,0,"CA1 Cajalï¿½Retzius?Any",NULL,"3100455.png",NULL
3100455,4094,NULL,4022,NULL,"<b>Synaptic and nonï¿½synaptic junctions formed by axonal varicosities of Cajalï¿½Retzius cells</b><br><b>A,</b> partial reconstruction of the axon of a Cajalï¿½Retzius cell at the light microscopy level. Soma (grey) is indicated by the arrow. Serial sections were examined at the EM level in the axonal portion highlighted in red. Inset shows the location of the cell in the entire slice. lï¿½m, stratum lacunosumï¿½moleculare; m, stratum moleculare; g, stratum granulosum.<br><b>B1,</b> 3ï¿½dimensional reconstruction of the contact between a biocytinï¿½labelled varicosity (red) and an unlabelled dendrite (blue).<br><b>B2,</b> EM image showing an individual section identifying a putative synapse. Notice the postsynaptic density marked by the arrowhead.<br><b>C1ï¿½9,</b> serial sections revealing the lack of postsynaptic specializations opposite to a labelled varicosity. Notice, however, the presence of several synapses between unlabelled terminals in the same field of view (arrows).","Fig. 9",NULL,NULL,NULL,NULL,20547684,0,"CA1 Cajalï¿½Retzius?Any",NULL,"3100455.png",NULL
3100455,4094,NULL,4021,NULL,"<b>Synaptic and nonï¿½synaptic junctions formed by axonal varicosities of Cajalï¿½Retzius cells</b><br><b>A,</b> partial reconstruction of the axon of a Cajalï¿½Retzius cell at the light microscopy level. Soma (grey) is indicated by the arrow. Serial sections were examined at the EM level in the axonal portion highlighted in red. Inset shows the location of the cell in the entire slice. lï¿½m, stratum lacunosumï¿½moleculare; m, stratum moleculare; g, stratum granulosum.<br><b>B1,</b> 3ï¿½dimensional reconstruction of the contact between a biocytinï¿½labelled varicosity (red) and an unlabelled dendrite (blue).<br><b>B2,</b> EM image showing an individual section identifying a putative synapse. Notice the postsynaptic density marked by the arrowhead.<br><b>C1ï¿½9,</b> serial sections revealing the lack of postsynaptic specializations opposite to a labelled varicosity. Notice, however, the presence of several synapses between unlabelled terminals in the same field of view (arrows).","Fig. 9",NULL,NULL,NULL,NULL,20547684,0,"CA1 Cajalï¿½Retzius?Any",NULL,"3100455.png",NULL
3100455,4094,NULL,4056,NULL,"<b>Synaptic and nonï¿½synaptic junctions formed by axonal varicosities of Cajalï¿½Retzius cells</b><br><b>A,</b> partial reconstruction of the axon of a Cajalï¿½Retzius cell at the light microscopy level. Soma (grey) is indicated by the arrow. Serial sections were examined at the EM level in the axonal portion highlighted in red. Inset shows the location of the cell in the entire slice. lï¿½m, stratum lacunosumï¿½moleculare; m, stratum moleculare; g, stratum granulosum.<br><b>B1,</b> 3ï¿½dimensional reconstruction of the contact between a biocytinï¿½labelled varicosity (red) and an unlabelled dendrite (blue).<br><b>B2,</b> EM image showing an individual section identifying a putative synapse. Notice the postsynaptic density marked by the arrowhead.<br><b>C1ï¿½9,</b> serial sections revealing the lack of postsynaptic specializations opposite to a labelled varicosity. Notice, however, the presence of several synapses between unlabelled terminals in the same field of view (arrows).","Fig. 9",NULL,NULL,NULL,NULL,20547684,0,"CA1 Cajalï¿½Retzius?Any",NULL,"3100455.png",NULL
3100455,4094,NULL,4020,NULL,"<b>Synaptic and nonï¿½synaptic junctions formed by axonal varicosities of Cajalï¿½Retzius cells</b><br><b>A,</b> partial reconstruction of the axon of a Cajalï¿½Retzius cell at the light microscopy level. Soma (grey) is indicated by the arrow. Serial sections were examined at the EM level in the axonal portion highlighted in red. Inset shows the location of the cell in the entire slice. lï¿½m, stratum lacunosumï¿½moleculare; m, stratum moleculare; g, stratum granulosum.<br><b>B1,</b> 3ï¿½dimensional reconstruction of the contact between a biocytinï¿½labelled varicosity (red) and an unlabelled dendrite (blue).<br><b>B2,</b> EM image showing an individual section identifying a putative synapse. Notice the postsynaptic density marked by the arrowhead.<br><b>C1ï¿½9,</b> serial sections revealing the lack of postsynaptic specializations opposite to a labelled varicosity. Notice, however, the presence of several synapses between unlabelled terminals in the same field of view (arrows).","Fig. 9",NULL,NULL,NULL,NULL,20547684,0,"CA1 Cajalï¿½Retzius?Any",NULL,"3100455.png",NULL
3100455,4094,NULL,4005,NULL,"<b>Synaptic and nonï¿½synaptic junctions formed by axonal varicosities of Cajalï¿½Retzius cells</b><br><b>A,</b> partial reconstruction of the axon of a Cajalï¿½Retzius cell at the light microscopy level. Soma (grey) is indicated by the arrow. Serial sections were examined at the EM level in the axonal portion highlighted in red. Inset shows the location of the cell in the entire slice. lï¿½m, stratum lacunosumï¿½moleculare; m, stratum moleculare; g, stratum granulosum.<br><b>B1,</b> 3ï¿½dimensional reconstruction of the contact between a biocytinï¿½labelled varicosity (red) and an unlabelled dendrite (blue).<br><b>B2,</b> EM image showing an individual section identifying a putative synapse. Notice the postsynaptic density marked by the arrowhead.<br><b>C1ï¿½9,</b> serial sections revealing the lack of postsynaptic specializations opposite to a labelled varicosity. Notice, however, the presence of several synapses between unlabelled terminals in the same field of view (arrows).","Fig. 9",NULL,NULL,NULL,NULL,20547684,0,"CA1 Cajalï¿½Retzius?Any",NULL,"3100455.png",NULL
3100455,4094,NULL,4004,NULL,"<b>Synaptic and nonï¿½synaptic junctions formed by axonal varicosities of Cajalï¿½Retzius cells</b><br><b>A,</b> partial reconstruction of the axon of a Cajalï¿½Retzius cell at the light microscopy level. Soma (grey) is indicated by the arrow. Serial sections were examined at the EM level in the axonal portion highlighted in red. Inset shows the location of the cell in the entire slice. lï¿½m, stratum lacunosumï¿½moleculare; m, stratum moleculare; g, stratum granulosum.<br><b>B1,</b> 3ï¿½dimensional reconstruction of the contact between a biocytinï¿½labelled varicosity (red) and an unlabelled dendrite (blue).<br><b>B2,</b> EM image showing an individual section identifying a putative synapse. Notice the postsynaptic density marked by the arrowhead.<br><b>C1ï¿½9,</b> serial sections revealing the lack of postsynaptic specializations opposite to a labelled varicosity. Notice, however, the presence of several synapses between unlabelled terminals in the same field of view (arrows).","Fig. 9",NULL,NULL,NULL,NULL,20547684,0,"CA1 Cajalï¿½Retzius?Any",NULL,"3100455.png",NULL
3100455,4094,NULL,4012,NULL,"<b>Synaptic and nonï¿½synaptic junctions formed by axonal varicosities of Cajalï¿½Retzius cells</b><br><b>A,</b> partial reconstruction of the axon of a Cajalï¿½Retzius cell at the light microscopy level. Soma (grey) is indicated by the arrow. Serial sections were examined at the EM level in the axonal portion highlighted in red. Inset shows the location of the cell in the entire slice. lï¿½m, stratum lacunosumï¿½moleculare; m, stratum moleculare; g, stratum granulosum.<br><b>B1,</b> 3ï¿½dimensional reconstruction of the contact between a biocytinï¿½labelled varicosity (red) and an unlabelled dendrite (blue).<br><b>B2,</b> EM image showing an individual section identifying a putative synapse. Notice the postsynaptic density marked by the arrowhead.<br><b>C1ï¿½9,</b> serial sections revealing the lack of postsynaptic specializations opposite to a labelled varicosity. Notice, however, the presence of several synapses between unlabelled terminals in the same field of view (arrows).","Fig. 9",NULL,NULL,NULL,NULL,20547684,0,"CA1 Cajalï¿½Retzius?Any",NULL,"3100455.png",NULL
3100455,4094,NULL,4011,NULL,"<b>Synaptic and nonï¿½synaptic junctions formed by axonal varicosities of Cajalï¿½Retzius cells</b><br><b>A,</b> partial reconstruction of the axon of a Cajalï¿½Retzius cell at the light microscopy level. Soma (grey) is indicated by the arrow. Serial sections were examined at the EM level in the axonal portion highlighted in red. Inset shows the location of the cell in the entire slice. lï¿½m, stratum lacunosumï¿½moleculare; m, stratum moleculare; g, stratum granulosum.<br><b>B1,</b> 3ï¿½dimensional reconstruction of the contact between a biocytinï¿½labelled varicosity (red) and an unlabelled dendrite (blue).<br><b>B2,</b> EM image showing an individual section identifying a putative synapse. Notice the postsynaptic density marked by the arrowhead.<br><b>C1ï¿½9,</b> serial sections revealing the lack of postsynaptic specializations opposite to a labelled varicosity. Notice, however, the presence of several synapses between unlabelled terminals in the same field of view (arrows).","Fig. 9",NULL,NULL,NULL,NULL,20547684,0,"CA1 Cajalï¿½Retzius?Any",NULL,"3100455.png",NULL
3100455,4094,NULL,4055,NULL,"<b>Synaptic and nonï¿½synaptic junctions formed by axonal varicosities of Cajalï¿½Retzius cells</b><br><b>A,</b> partial reconstruction of the axon of a Cajalï¿½Retzius cell at the light microscopy level. Soma (grey) is indicated by the arrow. Serial sections were examined at the EM level in the axonal portion highlighted in red. Inset shows the location of the cell in the entire slice. lï¿½m, stratum lacunosumï¿½moleculare; m, stratum moleculare; g, stratum granulosum.<br><b>B1,</b> 3ï¿½dimensional reconstruction of the contact between a biocytinï¿½labelled varicosity (red) and an unlabelled dendrite (blue).<br><b>B2,</b> EM image showing an individual section identifying a putative synapse. Notice the postsynaptic density marked by the arrowhead.<br><b>C1ï¿½9,</b> serial sections revealing the lack of postsynaptic specializations opposite to a labelled varicosity. Notice, however, the presence of several synapses between unlabelled terminals in the same field of view (arrows).","Fig. 9",NULL,NULL,NULL,NULL,20547684,0,"CA1 Cajalï¿½Retzius?Any",NULL,"3100455.png",NULL
3100455,4094,NULL,4006,NULL,"<b>Synaptic and nonï¿½synaptic junctions formed by axonal varicosities of Cajalï¿½Retzius cells</b><br><b>A,</b> partial reconstruction of the axon of a Cajalï¿½Retzius cell at the light microscopy level. Soma (grey) is indicated by the arrow. Serial sections were examined at the EM level in the axonal portion highlighted in red. Inset shows the location of the cell in the entire slice. lï¿½m, stratum lacunosumï¿½moleculare; m, stratum moleculare; g, stratum granulosum.<br><b>B1,</b> 3ï¿½dimensional reconstruction of the contact between a biocytinï¿½labelled varicosity (red) and an unlabelled dendrite (blue).<br><b>B2,</b> EM image showing an individual section identifying a putative synapse. Notice the postsynaptic density marked by the arrowhead.<br><b>C1ï¿½9,</b> serial sections revealing the lack of postsynaptic specializations opposite to a labelled varicosity. Notice, however, the presence of several synapses between unlabelled terminals in the same field of view (arrows).","Fig. 9",NULL,NULL,NULL,NULL,20547684,0,"CA1 Cajalï¿½Retzius?Any",NULL,"3100455.png",NULL
3100455,4094,NULL,4076,NULL,"<b>Synaptic and nonï¿½synaptic junctions formed by axonal varicosities of Cajalï¿½Retzius cells</b><br><b>A,</b> partial reconstruction of the axon of a Cajalï¿½Retzius cell at the light microscopy level. Soma (grey) is indicated by the arrow. Serial sections were examined at the EM level in the axonal portion highlighted in red. Inset shows the location of the cell in the entire slice. lï¿½m, stratum lacunosumï¿½moleculare; m, stratum moleculare; g, stratum granulosum.<br><b>B1,</b> 3ï¿½dimensional reconstruction of the contact between a biocytinï¿½labelled varicosity (red) and an unlabelled dendrite (blue).<br><b>B2,</b> EM image showing an individual section identifying a putative synapse. Notice the postsynaptic density marked by the arrowhead.<br><b>C1ï¿½9,</b> serial sections revealing the lack of postsynaptic specializations opposite to a labelled varicosity. Notice, however, the presence of several synapses between unlabelled terminals in the same field of view (arrows).","Fig. 9",NULL,NULL,NULL,NULL,20547684,0,"CA1 Cajalï¿½Retzius?Any",NULL,"3100455.png",NULL
3100455,4094,NULL,4003,NULL,"<b>Synaptic and nonï¿½synaptic junctions formed by axonal varicosities of Cajalï¿½Retzius cells</b><br><b>A,</b> partial reconstruction of the axon of a Cajalï¿½Retzius cell at the light microscopy level. Soma (grey) is indicated by the arrow. Serial sections were examined at the EM level in the axonal portion highlighted in red. Inset shows the location of the cell in the entire slice. lï¿½m, stratum lacunosumï¿½moleculare; m, stratum moleculare; g, stratum granulosum.<br><b>B1,</b> 3ï¿½dimensional reconstruction of the contact between a biocytinï¿½labelled varicosity (red) and an unlabelled dendrite (blue).<br><b>B2,</b> EM image showing an individual section identifying a putative synapse. Notice the postsynaptic density marked by the arrowhead.<br><b>C1ï¿½9,</b> serial sections revealing the lack of postsynaptic specializations opposite to a labelled varicosity. Notice, however, the presence of several synapses between unlabelled terminals in the same field of view (arrows).","Fig. 9",NULL,NULL,NULL,NULL,20547684,0,"CA1 Cajalï¿½Retzius?Any",NULL,"3100455.png",NULL
3100455,4094,NULL,4015,NULL,"<b>Synaptic and nonï¿½synaptic junctions formed by axonal varicosities of Cajalï¿½Retzius cells</b><br><b>A,</b> partial reconstruction of the axon of a Cajalï¿½Retzius cell at the light microscopy level. Soma (grey) is indicated by the arrow. Serial sections were examined at the EM level in the axonal portion highlighted in red. Inset shows the location of the cell in the entire slice. lï¿½m, stratum lacunosumï¿½moleculare; m, stratum moleculare; g, stratum granulosum.<br><b>B1,</b> 3ï¿½dimensional reconstruction of the contact between a biocytinï¿½labelled varicosity (red) and an unlabelled dendrite (blue).<br><b>B2,</b> EM image showing an individual section identifying a putative synapse. Notice the postsynaptic density marked by the arrowhead.<br><b>C1ï¿½9,</b> serial sections revealing the lack of postsynaptic specializations opposite to a labelled varicosity. Notice, however, the presence of several synapses between unlabelled terminals in the same field of view (arrows).","Fig. 9",NULL,NULL,NULL,NULL,20547684,0,"CA1 Cajalï¿½Retzius?Any",NULL,"3100455.png",NULL
3100455,4094,NULL,4013,NULL,"<b>Synaptic and nonï¿½synaptic junctions formed by axonal varicosities of Cajalï¿½Retzius cells</b><br><b>A,</b> partial reconstruction of the axon of a Cajalï¿½Retzius cell at the light microscopy level. Soma (grey) is indicated by the arrow. Serial sections were examined at the EM level in the axonal portion highlighted in red. Inset shows the location of the cell in the entire slice. lï¿½m, stratum lacunosumï¿½moleculare; m, stratum moleculare; g, stratum granulosum.<br><b>B1,</b> 3ï¿½dimensional reconstruction of the contact between a biocytinï¿½labelled varicosity (red) and an unlabelled dendrite (blue).<br><b>B2,</b> EM image showing an individual section identifying a putative synapse. Notice the postsynaptic density marked by the arrowhead.<br><b>C1ï¿½9,</b> serial sections revealing the lack of postsynaptic specializations opposite to a labelled varicosity. Notice, however, the presence of several synapses between unlabelled terminals in the same field of view (arrows).","Fig. 9",NULL,NULL,NULL,NULL,20547684,0,"CA1 Cajalï¿½Retzius?Any",NULL,"3100455.png",NULL
3100456,4094,NULL,4000,NULL,"<b>Varicosities of Cajalï¿½Retzius cells rarely form synapses</b><table><thead><tr><th></th><th>Layers</th><th>Number of varicosities tested</th><th>No synapse</th><th>Putative synapse</th><th>Age</th></tr></thead><tbody><tr><td>Cell 1</td><td>lï¿½m</td><td>17</td><td>16</td><td>1</td><td>P15</td></tr><tr><td>Cell 2</td><td>lï¿½m, m</td><td>10</td><td> 9</td><td>1</td><td>P20</td></tr><tr><td>Cell 3</td><td>m</td><td>32</td><td>32</td><td>0</td><td>P19</td></tr><tr><td>Total</td><td></td><td>59</td><td>57</td><td>2</td><td></td></tr></tbody></table><ul><li>lï¿½m, stratum lacunosumï¿½moleculare; m, stratum moleculare.</li></ul>","Table 1",NULL,NULL,NULL,NULL,20547684,0,"CA1 Cajalï¿½Retzius?Any",NULL,"3100456.png",NULL
3100456,4094,NULL,4094,NULL,"<b>Varicosities of Cajalï¿½Retzius cells rarely form synapses</b><table><thead><tr><th></th><th>Layers</th><th>Number of varicosities tested</th><th>No synapse</th><th>Putative synapse</th><th>Age</th></tr></thead><tbody><tr><td>Cell 1</td><td>lï¿½m</td><td>17</td><td>16</td><td>1</td><td>P15</td></tr><tr><td>Cell 2</td><td>lï¿½m, m</td><td>10</td><td> 9</td><td>1</td><td>P20</td></tr><tr><td>Cell 3</td><td>m</td><td>32</td><td>32</td><td>0</td><td>P19</td></tr><tr><td>Total</td><td></td><td>59</td><td>57</td><td>2</td><td></td></tr></tbody></table><ul><li>lï¿½m, stratum lacunosumï¿½moleculare; m, stratum moleculare.</li></ul>","Table 1",NULL,NULL,NULL,NULL,20547684,0,"CA1 Cajalï¿½Retzius?Any",NULL,"3100456.png",NULL
3100456,4094,NULL,4054,NULL,"<b>Varicosities of Cajalï¿½Retzius cells rarely form synapses</b><table><thead><tr><th></th><th>Layers</th><th>Number of varicosities tested</th><th>No synapse</th><th>Putative synapse</th><th>Age</th></tr></thead><tbody><tr><td>Cell 1</td><td>lï¿½m</td><td>17</td><td>16</td><td>1</td><td>P15</td></tr><tr><td>Cell 2</td><td>lï¿½m, m</td><td>10</td><td> 9</td><td>1</td><td>P20</td></tr><tr><td>Cell 3</td><td>m</td><td>32</td><td>32</td><td>0</td><td>P19</td></tr><tr><td>Total</td><td></td><td>59</td><td>57</td><td>2</td><td></td></tr></tbody></table><ul><li>lï¿½m, stratum lacunosumï¿½moleculare; m, stratum moleculare.</li></ul>","Table 1",NULL,NULL,NULL,NULL,20547684,0,"CA1 Cajalï¿½Retzius?Any",NULL,"3100456.png",NULL
3100456,4094,NULL,4036,NULL,"<b>Varicosities of Cajalï¿½Retzius cells rarely form synapses</b><table><thead><tr><th></th><th>Layers</th><th>Number of varicosities tested</th><th>No synapse</th><th>Putative synapse</th><th>Age</th></tr></thead><tbody><tr><td>Cell 1</td><td>lï¿½m</td><td>17</td><td>16</td><td>1</td><td>P15</td></tr><tr><td>Cell 2</td><td>lï¿½m, m</td><td>10</td><td> 9</td><td>1</td><td>P20</td></tr><tr><td>Cell 3</td><td>m</td><td>32</td><td>32</td><td>0</td><td>P19</td></tr><tr><td>Total</td><td></td><td>59</td><td>57</td><td>2</td><td></td></tr></tbody></table><ul><li>lï¿½m, stratum lacunosumï¿½moleculare; m, stratum moleculare.</li></ul>","Table 1",NULL,NULL,NULL,NULL,20547684,0,"CA1 Cajalï¿½Retzius?Any",NULL,"3100456.png",NULL
3100456,4094,NULL,4078,NULL,"<b>Varicosities of Cajalï¿½Retzius cells rarely form synapses</b><table><thead><tr><th></th><th>Layers</th><th>Number of varicosities tested</th><th>No synapse</th><th>Putative synapse</th><th>Age</th></tr></thead><tbody><tr><td>Cell 1</td><td>lï¿½m</td><td>17</td><td>16</td><td>1</td><td>P15</td></tr><tr><td>Cell 2</td><td>lï¿½m, m</td><td>10</td><td> 9</td><td>1</td><td>P20</td></tr><tr><td>Cell 3</td><td>m</td><td>32</td><td>32</td><td>0</td><td>P19</td></tr><tr><td>Total</td><td></td><td>59</td><td>57</td><td>2</td><td></td></tr></tbody></table><ul><li>lï¿½m, stratum lacunosumï¿½moleculare; m, stratum moleculare.</li></ul>","Table 1",NULL,NULL,NULL,NULL,20547684,0,"CA1 Cajalï¿½Retzius?Any",NULL,"3100456.png",NULL
3100456,4094,NULL,4079,NULL,"<b>Varicosities of Cajalï¿½Retzius cells rarely form synapses</b><table><thead><tr><th></th><th>Layers</th><th>Number of varicosities tested</th><th>No synapse</th><th>Putative synapse</th><th>Age</th></tr></thead><tbody><tr><td>Cell 1</td><td>lï¿½m</td><td>17</td><td>16</td><td>1</td><td>P15</td></tr><tr><td>Cell 2</td><td>lï¿½m, m</td><td>10</td><td> 9</td><td>1</td><td>P20</td></tr><tr><td>Cell 3</td><td>m</td><td>32</td><td>32</td><td>0</td><td>P19</td></tr><tr><td>Total</td><td></td><td>59</td><td>57</td><td>2</td><td></td></tr></tbody></table><ul><li>lï¿½m, stratum lacunosumï¿½moleculare; m, stratum moleculare.</li></ul>","Table 1",NULL,NULL,NULL,NULL,20547684,0,"CA1 Cajalï¿½Retzius?Any",NULL,"3100456.png",NULL
3100456,4094,NULL,4022,NULL,"<b>Varicosities of Cajalï¿½Retzius cells rarely form synapses</b><table><thead><tr><th></th><th>Layers</th><th>Number of varicosities tested</th><th>No synapse</th><th>Putative synapse</th><th>Age</th></tr></thead><tbody><tr><td>Cell 1</td><td>lï¿½m</td><td>17</td><td>16</td><td>1</td><td>P15</td></tr><tr><td>Cell 2</td><td>lï¿½m, m</td><td>10</td><td> 9</td><td>1</td><td>P20</td></tr><tr><td>Cell 3</td><td>m</td><td>32</td><td>32</td><td>0</td><td>P19</td></tr><tr><td>Total</td><td></td><td>59</td><td>57</td><td>2</td><td></td></tr></tbody></table><ul><li>lï¿½m, stratum lacunosumï¿½moleculare; m, stratum moleculare.</li></ul>","Table 1",NULL,NULL,NULL,NULL,20547684,0,"CA1 Cajalï¿½Retzius?Any",NULL,"3100456.png",NULL
3100456,4094,NULL,4021,NULL,"<b>Varicosities of Cajalï¿½Retzius cells rarely form synapses</b><table><thead><tr><th></th><th>Layers</th><th>Number of varicosities tested</th><th>No synapse</th><th>Putative synapse</th><th>Age</th></tr></thead><tbody><tr><td>Cell 1</td><td>lï¿½m</td><td>17</td><td>16</td><td>1</td><td>P15</td></tr><tr><td>Cell 2</td><td>lï¿½m, m</td><td>10</td><td> 9</td><td>1</td><td>P20</td></tr><tr><td>Cell 3</td><td>m</td><td>32</td><td>32</td><td>0</td><td>P19</td></tr><tr><td>Total</td><td></td><td>59</td><td>57</td><td>2</td><td></td></tr></tbody></table><ul><li>lï¿½m, stratum lacunosumï¿½moleculare; m, stratum moleculare.</li></ul>","Table 1",NULL,NULL,NULL,NULL,20547684,0,"CA1 Cajalï¿½Retzius?Any",NULL,"3100456.png",NULL
3100456,4094,NULL,4056,NULL,"<b>Varicosities of Cajalï¿½Retzius cells rarely form synapses</b><table><thead><tr><th></th><th>Layers</th><th>Number of varicosities tested</th><th>No synapse</th><th>Putative synapse</th><th>Age</th></tr></thead><tbody><tr><td>Cell 1</td><td>lï¿½m</td><td>17</td><td>16</td><td>1</td><td>P15</td></tr><tr><td>Cell 2</td><td>lï¿½m, m</td><td>10</td><td> 9</td><td>1</td><td>P20</td></tr><tr><td>Cell 3</td><td>m</td><td>32</td><td>32</td><td>0</td><td>P19</td></tr><tr><td>Total</td><td></td><td>59</td><td>57</td><td>2</td><td></td></tr></tbody></table><ul><li>lï¿½m, stratum lacunosumï¿½moleculare; m, stratum moleculare.</li></ul>","Table 1",NULL,NULL,NULL,NULL,20547684,0,"CA1 Cajalï¿½Retzius?Any",NULL,"3100456.png",NULL
3100456,4094,NULL,4020,NULL,"<b>Varicosities of Cajalï¿½Retzius cells rarely form synapses</b><table><thead><tr><th></th><th>Layers</th><th>Number of varicosities tested</th><th>No synapse</th><th>Putative synapse</th><th>Age</th></tr></thead><tbody><tr><td>Cell 1</td><td>lï¿½m</td><td>17</td><td>16</td><td>1</td><td>P15</td></tr><tr><td>Cell 2</td><td>lï¿½m, m</td><td>10</td><td> 9</td><td>1</td><td>P20</td></tr><tr><td>Cell 3</td><td>m</td><td>32</td><td>32</td><td>0</td><td>P19</td></tr><tr><td>Total</td><td></td><td>59</td><td>57</td><td>2</td><td></td></tr></tbody></table><ul><li>lï¿½m, stratum lacunosumï¿½moleculare; m, stratum moleculare.</li></ul>","Table 1",NULL,NULL,NULL,NULL,20547684,0,"CA1 Cajalï¿½Retzius?Any",NULL,"3100456.png",NULL
3100456,4094,NULL,4005,NULL,"<b>Varicosities of Cajalï¿½Retzius cells rarely form synapses</b><table><thead><tr><th></th><th>Layers</th><th>Number of varicosities tested</th><th>No synapse</th><th>Putative synapse</th><th>Age</th></tr></thead><tbody><tr><td>Cell 1</td><td>lï¿½m</td><td>17</td><td>16</td><td>1</td><td>P15</td></tr><tr><td>Cell 2</td><td>lï¿½m, m</td><td>10</td><td> 9</td><td>1</td><td>P20</td></tr><tr><td>Cell 3</td><td>m</td><td>32</td><td>32</td><td>0</td><td>P19</td></tr><tr><td>Total</td><td></td><td>59</td><td>57</td><td>2</td><td></td></tr></tbody></table><ul><li>lï¿½m, stratum lacunosumï¿½moleculare; m, stratum moleculare.</li></ul>","Table 1",NULL,NULL,NULL,NULL,20547684,0,"CA1 Cajalï¿½Retzius?Any",NULL,"3100456.png",NULL
3100456,4094,NULL,4004,NULL,"<b>Varicosities of Cajalï¿½Retzius cells rarely form synapses</b><table><thead><tr><th></th><th>Layers</th><th>Number of varicosities tested</th><th>No synapse</th><th>Putative synapse</th><th>Age</th></tr></thead><tbody><tr><td>Cell 1</td><td>lï¿½m</td><td>17</td><td>16</td><td>1</td><td>P15</td></tr><tr><td>Cell 2</td><td>lï¿½m, m</td><td>10</td><td> 9</td><td>1</td><td>P20</td></tr><tr><td>Cell 3</td><td>m</td><td>32</td><td>32</td><td>0</td><td>P19</td></tr><tr><td>Total</td><td></td><td>59</td><td>57</td><td>2</td><td></td></tr></tbody></table><ul><li>lï¿½m, stratum lacunosumï¿½moleculare; m, stratum moleculare.</li></ul>","Table 1",NULL,NULL,NULL,NULL,20547684,0,"CA1 Cajalï¿½Retzius?Any",NULL,"3100456.png",NULL
3100456,4094,NULL,4012,NULL,"<b>Varicosities of Cajalï¿½Retzius cells rarely form synapses</b><table><thead><tr><th></th><th>Layers</th><th>Number of varicosities tested</th><th>No synapse</th><th>Putative synapse</th><th>Age</th></tr></thead><tbody><tr><td>Cell 1</td><td>lï¿½m</td><td>17</td><td>16</td><td>1</td><td>P15</td></tr><tr><td>Cell 2</td><td>lï¿½m, m</td><td>10</td><td> 9</td><td>1</td><td>P20</td></tr><tr><td>Cell 3</td><td>m</td><td>32</td><td>32</td><td>0</td><td>P19</td></tr><tr><td>Total</td><td></td><td>59</td><td>57</td><td>2</td><td></td></tr></tbody></table><ul><li>lï¿½m, stratum lacunosumï¿½moleculare; m, stratum moleculare.</li></ul>","Table 1",NULL,NULL,NULL,NULL,20547684,0,"CA1 Cajalï¿½Retzius?Any",NULL,"3100456.png",NULL
3100456,4094,NULL,4011,NULL,"<b>Varicosities of Cajalï¿½Retzius cells rarely form synapses</b><table><thead><tr><th></th><th>Layers</th><th>Number of varicosities tested</th><th>No synapse</th><th>Putative synapse</th><th>Age</th></tr></thead><tbody><tr><td>Cell 1</td><td>lï¿½m</td><td>17</td><td>16</td><td>1</td><td>P15</td></tr><tr><td>Cell 2</td><td>lï¿½m, m</td><td>10</td><td> 9</td><td>1</td><td>P20</td></tr><tr><td>Cell 3</td><td>m</td><td>32</td><td>32</td><td>0</td><td>P19</td></tr><tr><td>Total</td><td></td><td>59</td><td>57</td><td>2</td><td></td></tr></tbody></table><ul><li>lï¿½m, stratum lacunosumï¿½moleculare; m, stratum moleculare.</li></ul>","Table 1",NULL,NULL,NULL,NULL,20547684,0,"CA1 Cajalï¿½Retzius?Any",NULL,"3100456.png",NULL
3100456,4094,NULL,4055,NULL,"<b>Varicosities of Cajalï¿½Retzius cells rarely form synapses</b><table><thead><tr><th></th><th>Layers</th><th>Number of varicosities tested</th><th>No synapse</th><th>Putative synapse</th><th>Age</th></tr></thead><tbody><tr><td>Cell 1</td><td>lï¿½m</td><td>17</td><td>16</td><td>1</td><td>P15</td></tr><tr><td>Cell 2</td><td>lï¿½m, m</td><td>10</td><td> 9</td><td>1</td><td>P20</td></tr><tr><td>Cell 3</td><td>m</td><td>32</td><td>32</td><td>0</td><td>P19</td></tr><tr><td>Total</td><td></td><td>59</td><td>57</td><td>2</td><td></td></tr></tbody></table><ul><li>lï¿½m, stratum lacunosumï¿½moleculare; m, stratum moleculare.</li></ul>","Table 1",NULL,NULL,NULL,NULL,20547684,0,"CA1 Cajalï¿½Retzius?Any",NULL,"3100456.png",NULL
3100456,4094,NULL,4006,NULL,"<b>Varicosities of Cajalï¿½Retzius cells rarely form synapses</b><table><thead><tr><th></th><th>Layers</th><th>Number of varicosities tested</th><th>No synapse</th><th>Putative synapse</th><th>Age</th></tr></thead><tbody><tr><td>Cell 1</td><td>lï¿½m</td><td>17</td><td>16</td><td>1</td><td>P15</td></tr><tr><td>Cell 2</td><td>lï¿½m, m</td><td>10</td><td> 9</td><td>1</td><td>P20</td></tr><tr><td>Cell 3</td><td>m</td><td>32</td><td>32</td><td>0</td><td>P19</td></tr><tr><td>Total</td><td></td><td>59</td><td>57</td><td>2</td><td></td></tr></tbody></table><ul><li>lï¿½m, stratum lacunosumï¿½moleculare; m, stratum moleculare.</li></ul>","Table 1",NULL,NULL,NULL,NULL,20547684,0,"CA1 Cajalï¿½Retzius?Any",NULL,"3100456.png",NULL
3100456,4094,NULL,4076,NULL,"<b>Varicosities of Cajalï¿½Retzius cells rarely form synapses</b><table><thead><tr><th></th><th>Layers</th><th>Number of varicosities tested</th><th>No synapse</th><th>Putative synapse</th><th>Age</th></tr></thead><tbody><tr><td>Cell 1</td><td>lï¿½m</td><td>17</td><td>16</td><td>1</td><td>P15</td></tr><tr><td>Cell 2</td><td>lï¿½m, m</td><td>10</td><td> 9</td><td>1</td><td>P20</td></tr><tr><td>Cell 3</td><td>m</td><td>32</td><td>32</td><td>0</td><td>P19</td></tr><tr><td>Total</td><td></td><td>59</td><td>57</td><td>2</td><td></td></tr></tbody></table><ul><li>lï¿½m, stratum lacunosumï¿½moleculare; m, stratum moleculare.</li></ul>","Table 1",NULL,NULL,NULL,NULL,20547684,0,"CA1 Cajalï¿½Retzius?Any",NULL,"3100456.png",NULL
3100456,4094,NULL,4003,NULL,"<b>Varicosities of Cajalï¿½Retzius cells rarely form synapses</b><table><thead><tr><th></th><th>Layers</th><th>Number of varicosities tested</th><th>No synapse</th><th>Putative synapse</th><th>Age</th></tr></thead><tbody><tr><td>Cell 1</td><td>lï¿½m</td><td>17</td><td>16</td><td>1</td><td>P15</td></tr><tr><td>Cell 2</td><td>lï¿½m, m</td><td>10</td><td> 9</td><td>1</td><td>P20</td></tr><tr><td>Cell 3</td><td>m</td><td>32</td><td>32</td><td>0</td><td>P19</td></tr><tr><td>Total</td><td></td><td>59</td><td>57</td><td>2</td><td></td></tr></tbody></table><ul><li>lï¿½m, stratum lacunosumï¿½moleculare; m, stratum moleculare.</li></ul>","Table 1",NULL,NULL,NULL,NULL,20547684,0,"CA1 Cajalï¿½Retzius?Any",NULL,"3100456.png",NULL
3100456,4094,NULL,4015,NULL,"<b>Varicosities of Cajalï¿½Retzius cells rarely form synapses</b><table><thead><tr><th></th><th>Layers</th><th>Number of varicosities tested</th><th>No synapse</th><th>Putative synapse</th><th>Age</th></tr></thead><tbody><tr><td>Cell 1</td><td>lï¿½m</td><td>17</td><td>16</td><td>1</td><td>P15</td></tr><tr><td>Cell 2</td><td>lï¿½m, m</td><td>10</td><td> 9</td><td>1</td><td>P20</td></tr><tr><td>Cell 3</td><td>m</td><td>32</td><td>32</td><td>0</td><td>P19</td></tr><tr><td>Total</td><td></td><td>59</td><td>57</td><td>2</td><td></td></tr></tbody></table><ul><li>lï¿½m, stratum lacunosumï¿½moleculare; m, stratum moleculare.</li></ul>","Table 1",NULL,NULL,NULL,NULL,20547684,0,"CA1 Cajalï¿½Retzius?Any",NULL,"3100456.png",NULL
3100456,4094,NULL,4013,NULL,"<b>Varicosities of Cajalï¿½Retzius cells rarely form synapses</b><table><thead><tr><th></th><th>Layers</th><th>Number of varicosities tested</th><th>No synapse</th><th>Putative synapse</th><th>Age</th></tr></thead><tbody><tr><td>Cell 1</td><td>lï¿½m</td><td>17</td><td>16</td><td>1</td><td>P15</td></tr><tr><td>Cell 2</td><td>lï¿½m, m</td><td>10</td><td> 9</td><td>1</td><td>P20</td></tr><tr><td>Cell 3</td><td>m</td><td>32</td><td>32</td><td>0</td><td>P19</td></tr><tr><td>Total</td><td></td><td>59</td><td>57</td><td>2</td><td></td></tr></tbody></table><ul><li>lï¿½m, stratum lacunosumï¿½moleculare; m, stratum moleculare.</li></ul>","Table 1",NULL,NULL,NULL,NULL,20547684,0,"CA1 Cajalï¿½Retzius?Any",NULL,"3100456.png",NULL
3100457,NULL,NULL,NULL,NULL,"<b>PCA analysis of excitability in electrically coupled versus uncoupled stratum lacunosumï¿½moleculare interneurons.</b><br><b>A, B,</b> Threeï¿½dimensional summary plot showing the position along the three principal components of all interneurons tested for electrical connectivity (black symbols). The connections tested are represented by the lines between the symbols. To facilitate the visibility of most points, the scale excludes the two furthest points of the dataset (see lines exiting the borders of the plots). Combinations that were found electrically uncoupled are shown by the lines in <b>A</b>, whereas electrophysiologically verified combinations of coupled cells are represented by the lines in <b>B</b>.<br><b>C,</b> Factor loadings (correlations) for each variable are shown in histogram form (white, factor 1; gray, factor 2; and black, factor 3).<br><b>D,</b> The cumulative distributions of the Euclidean distances in the cases of unconnected (u) and connected (c) neurons are superimposed. Notice the similarity between the two curves.","Fig. 9",NULL,NULL,NULL,NULL,16177037,0,"FP; CA1:SLM Interneuron?CA1:SLM Interneuron",NULL,"3100457.png",NULL
3100458,NULL,NULL,NULL,NULL,"<b>The probability of finding a connected pair of neurons in our sample does not depend on the Euclidean distances measured from the plots shown in Figure 9.</b><br><b>A,</b> Examples of firing pattern sweeps (80 pA above threshold level current pulse) from pairs of neurons with different Euclidean distances. Notice the increasing diversity with the larger Euclidean distance.<br><b>B, Top,</b> Histogram distribution of the number of overall pairs of neurons tested for electrical coupling. <b>Bottom,</b> Lack of correlation between Euclidean distance of the tested pair and probability of finding electrical coupling. The probability of finding a connection was calculated for every bin and plotted against the Euclidean distance in the center of the bin. Linear regression (dotted line) was weighted according to the number of pairs tested for every bin.","Fig. 10",NULL,NULL,NULL,NULL,16177037,0,"FP; CA1:SLM Interneuron?CA1:SLM Interneuron",NULL,"3100458.png",NULL
3100459,NULL,NULL,NULL,NULL,"<b>A,</b> Camera lucida reconstructions of two st. oriens interneurons demonstrating the two major morphological cell classes. The cell on the left has vertically oriented dendrites and its axon heavily innervates st. pyramidale (arrow). The cell on the right has horizontally oriented dendrites and sends its axon to st. lacunosum (arrow). Cells were reconstructed from slices 250 ï¿½m thick.<br><b>B,</b> The spiny dendrite of a st. oriens interneuron. The interneuron was filled with biocytin during recording. Magnification, 2800ï¿½.","Fig. 4",NULL,NULL,NULL,NULL,7517996,0,"Mo; Spines on CA1:SO neurons Vertically|Horizontally oriented",NULL,"3100459.png",NULL
3100460,NULL,NULL,NULL,NULL,"<b>Electron microscopic demonstration of immunoreactivity for group III mGluRs in the presynaptic active zones of GABAergic and nonï¿½GABAergic synaptic terminals innervating interneuron dendritic shafts (d) in str. oriens.</b><br>Immunoreactivity for GAD is demonstrated by silverï¿½intensified immunogold reaction (particles); mGluRs are demonstrated by immunoperoxidase product, a homogeneous electronï¿½opaque deposit in the active zone. The GADï¿½immunopositive boutons form type II synapses (arrows), whereas the GADï¿½immunonegative boutons form type I synapses (arrowheads), except the one in A, which forms a type II synapse.<br><b>(A)</b> A GADï¿½immunopositive (top) and a GADï¿½immunonegative (right) bouton forming synapses (arrows) with a GADï¿½immunopositive dendrite are both immunoreactive for mGluR4. A bouton (b) forming synapses with two spines (s) is immunonegative.<br><b>(B)</b> A GADï¿½immunopositive (top) and two GADï¿½immunonegative (left and bottom) boutons forming synapses with a GADï¿½immunopositive dendrite are immunoreactive for mGluR7a.<br><b>(C)</b> A GADï¿½immunopositive (top) and a GADï¿½immunonegative (bottom) bouton forming synapses with a dendrite are seen. Only the GADï¿½positive bouton is immunoreactive for mGluR8a. Scale bar, 0.2 ï¿½m (Aï¿½C).","Fig. 8",NULL,NULL,NULL,NULL,15147307,0,"mGluRIII+?CA1:SO neuron",NULL,"3100460.png",NULL
3100461,5005,NULL,4000,NULL,"<b>Axonal collateralization.</b><br><b>Aï¿½B:</b> Two pyramidal cells from a control and a pilocarpineï¿½treated rat showing extensive axonal branching. Axons spread widely throughout the stratum pyramidale and stratum moleculare. Axon collaterals project to stratum pyramidale and stratum radiatum of CA1.<br><b>C:</b> Scholl analysis of axonal collateralization showing numbers of axonal crossings with the concentric Scholl rings drawn round the soma in distances of 50 ï¿½m. <br><b>D</b><sub><b>1ï¿½3</b></sub><b>:</b> Axon collateral with multiple varicosities passes a spiny basal dendrite. A varicosity of the axon (open arrow) is located between two dendritic spines (filled arrows) suggesting an autaptic synaptic contact. For clarification the dendrite (D<sub>2</sub>) and the axon (D<sub>3</sub>) are illustrated separately.<br><b>E:</b> A main axon descending to the alveus closely passes a basal dendrite of the same cell also suggesting an autaptic site. Note that the axon is free of varicosities (see text). Scale bars=100 ï¿½m in B (applies to A,B); 5 ï¿½m in D<sub>3</sub> (applies to D<sub>1ï¿½3</sub>); 10 ï¿½m in E.","Fig. 7",NULL,NULL,NULL,NULL,15700275,0,"SUB CA1-Projecting Pyramidal?",NULL,"3100461.png",NULL
3100461,5005,NULL,4054,NULL,"<b>Axonal collateralization.</b><br><b>Aï¿½B:</b> Two pyramidal cells from a control and a pilocarpineï¿½treated rat showing extensive axonal branching. Axons spread widely throughout the stratum pyramidale and stratum moleculare. Axon collaterals project to stratum pyramidale and stratum radiatum of CA1.<br><b>C:</b> Scholl analysis of axonal collateralization showing numbers of axonal crossings with the concentric Scholl rings drawn round the soma in distances of 50 ï¿½m. <br><b>D</b><sub><b>1ï¿½3</b></sub><b>:</b> Axon collateral with multiple varicosities passes a spiny basal dendrite. A varicosity of the axon (open arrow) is located between two dendritic spines (filled arrows) suggesting an autaptic synaptic contact. For clarification the dendrite (D<sub>2</sub>) and the axon (D<sub>3</sub>) are illustrated separately.<br><b>E:</b> A main axon descending to the alveus closely passes a basal dendrite of the same cell also suggesting an autaptic site. Note that the axon is free of varicosities (see text). Scale bars=100 ï¿½m in B (applies to A,B); 5 ï¿½m in D<sub>3</sub> (applies to D<sub>1ï¿½3</sub>); 10 ï¿½m in E.","Fig. 7",NULL,NULL,NULL,NULL,15700275,0,"SUB CA1-Projecting Pyramidal?",NULL,"3100461.png",NULL
3100461,5005,NULL,4036,NULL,"<b>Axonal collateralization.</b><br><b>Aï¿½B:</b> Two pyramidal cells from a control and a pilocarpineï¿½treated rat showing extensive axonal branching. Axons spread widely throughout the stratum pyramidale and stratum moleculare. Axon collaterals project to stratum pyramidale and stratum radiatum of CA1.<br><b>C:</b> Scholl analysis of axonal collateralization showing numbers of axonal crossings with the concentric Scholl rings drawn round the soma in distances of 50 ï¿½m. <br><b>D</b><sub><b>1ï¿½3</b></sub><b>:</b> Axon collateral with multiple varicosities passes a spiny basal dendrite. A varicosity of the axon (open arrow) is located between two dendritic spines (filled arrows) suggesting an autaptic synaptic contact. For clarification the dendrite (D<sub>2</sub>) and the axon (D<sub>3</sub>) are illustrated separately.<br><b>E:</b> A main axon descending to the alveus closely passes a basal dendrite of the same cell also suggesting an autaptic site. Note that the axon is free of varicosities (see text). Scale bars=100 ï¿½m in B (applies to A,B); 5 ï¿½m in D<sub>3</sub> (applies to D<sub>1ï¿½3</sub>); 10 ï¿½m in E.","Fig. 7",NULL,NULL,NULL,NULL,15700275,0,"SUB CA1-Projecting Pyramidal?",NULL,"3100461.png",NULL
3100461,5005,NULL,4023,NULL,"<b>Axonal collateralization.</b><br><b>Aï¿½B:</b> Two pyramidal cells from a control and a pilocarpineï¿½treated rat showing extensive axonal branching. Axons spread widely throughout the stratum pyramidale and stratum moleculare. Axon collaterals project to stratum pyramidale and stratum radiatum of CA1.<br><b>C:</b> Scholl analysis of axonal collateralization showing numbers of axonal crossings with the concentric Scholl rings drawn round the soma in distances of 50 ï¿½m. <br><b>D</b><sub><b>1ï¿½3</b></sub><b>:</b> Axon collateral with multiple varicosities passes a spiny basal dendrite. A varicosity of the axon (open arrow) is located between two dendritic spines (filled arrows) suggesting an autaptic synaptic contact. For clarification the dendrite (D<sub>2</sub>) and the axon (D<sub>3</sub>) are illustrated separately.<br><b>E:</b> A main axon descending to the alveus closely passes a basal dendrite of the same cell also suggesting an autaptic site. Note that the axon is free of varicosities (see text). Scale bars=100 ï¿½m in B (applies to A,B); 5 ï¿½m in D<sub>3</sub> (applies to D<sub>1ï¿½3</sub>); 10 ï¿½m in E.","Fig. 7",NULL,NULL,NULL,NULL,15700275,0,"SUB CA1-Projecting Pyramidal?",NULL,"3100461.png",NULL
3100461,5005,NULL,4078,NULL,"<b>Axonal collateralization.</b><br><b>Aï¿½B:</b> Two pyramidal cells from a control and a pilocarpineï¿½treated rat showing extensive axonal branching. Axons spread widely throughout the stratum pyramidale and stratum moleculare. Axon collaterals project to stratum pyramidale and stratum radiatum of CA1.<br><b>C:</b> Scholl analysis of axonal collateralization showing numbers of axonal crossings with the concentric Scholl rings drawn round the soma in distances of 50 ï¿½m. <br><b>D</b><sub><b>1ï¿½3</b></sub><b>:</b> Axon collateral with multiple varicosities passes a spiny basal dendrite. A varicosity of the axon (open arrow) is located between two dendritic spines (filled arrows) suggesting an autaptic synaptic contact. For clarification the dendrite (D<sub>2</sub>) and the axon (D<sub>3</sub>) are illustrated separately.<br><b>E:</b> A main axon descending to the alveus closely passes a basal dendrite of the same cell also suggesting an autaptic site. Note that the axon is free of varicosities (see text). Scale bars=100 ï¿½m in B (applies to A,B); 5 ï¿½m in D<sub>3</sub> (applies to D<sub>1ï¿½3</sub>); 10 ï¿½m in E.","Fig. 7",NULL,NULL,NULL,NULL,15700275,0,"SUB CA1-Projecting Pyramidal?",NULL,"3100461.png",NULL
3100461,5005,NULL,4079,NULL,"<b>Axonal collateralization.</b><br><b>Aï¿½B:</b> Two pyramidal cells from a control and a pilocarpineï¿½treated rat showing extensive axonal branching. Axons spread widely throughout the stratum pyramidale and stratum moleculare. Axon collaterals project to stratum pyramidale and stratum radiatum of CA1.<br><b>C:</b> Scholl analysis of axonal collateralization showing numbers of axonal crossings with the concentric Scholl rings drawn round the soma in distances of 50 ï¿½m. <br><b>D</b><sub><b>1ï¿½3</b></sub><b>:</b> Axon collateral with multiple varicosities passes a spiny basal dendrite. A varicosity of the axon (open arrow) is located between two dendritic spines (filled arrows) suggesting an autaptic synaptic contact. For clarification the dendrite (D<sub>2</sub>) and the axon (D<sub>3</sub>) are illustrated separately.<br><b>E:</b> A main axon descending to the alveus closely passes a basal dendrite of the same cell also suggesting an autaptic site. Note that the axon is free of varicosities (see text). Scale bars=100 ï¿½m in B (applies to A,B); 5 ï¿½m in D<sub>3</sub> (applies to D<sub>1ï¿½3</sub>); 10 ï¿½m in E.","Fig. 7",NULL,NULL,NULL,NULL,15700275,0,"SUB CA1-Projecting Pyramidal?",NULL,"3100461.png",NULL
3100461,5005,NULL,4080,NULL,"<b>Axonal collateralization.</b><br><b>Aï¿½B:</b> Two pyramidal cells from a control and a pilocarpineï¿½treated rat showing extensive axonal branching. Axons spread widely throughout the stratum pyramidale and stratum moleculare. Axon collaterals project to stratum pyramidale and stratum radiatum of CA1.<br><b>C:</b> Scholl analysis of axonal collateralization showing numbers of axonal crossings with the concentric Scholl rings drawn round the soma in distances of 50 ï¿½m. <br><b>D</b><sub><b>1ï¿½3</b></sub><b>:</b> Axon collateral with multiple varicosities passes a spiny basal dendrite. A varicosity of the axon (open arrow) is located between two dendritic spines (filled arrows) suggesting an autaptic synaptic contact. For clarification the dendrite (D<sub>2</sub>) and the axon (D<sub>3</sub>) are illustrated separately.<br><b>E:</b> A main axon descending to the alveus closely passes a basal dendrite of the same cell also suggesting an autaptic site. Note that the axon is free of varicosities (see text). Scale bars=100 ï¿½m in B (applies to A,B); 5 ï¿½m in D<sub>3</sub> (applies to D<sub>1ï¿½3</sub>); 10 ï¿½m in E.","Fig. 7",NULL,NULL,NULL,NULL,15700275,0,"SUB CA1-Projecting Pyramidal?",NULL,"3100461.png",NULL
3100461,5005,NULL,4056,NULL,"<b>Axonal collateralization.</b><br><b>Aï¿½B:</b> Two pyramidal cells from a control and a pilocarpineï¿½treated rat showing extensive axonal branching. Axons spread widely throughout the stratum pyramidale and stratum moleculare. Axon collaterals project to stratum pyramidale and stratum radiatum of CA1.<br><b>C:</b> Scholl analysis of axonal collateralization showing numbers of axonal crossings with the concentric Scholl rings drawn round the soma in distances of 50 ï¿½m. <br><b>D</b><sub><b>1ï¿½3</b></sub><b>:</b> Axon collateral with multiple varicosities passes a spiny basal dendrite. A varicosity of the axon (open arrow) is located between two dendritic spines (filled arrows) suggesting an autaptic synaptic contact. For clarification the dendrite (D<sub>2</sub>) and the axon (D<sub>3</sub>) are illustrated separately.<br><b>E:</b> A main axon descending to the alveus closely passes a basal dendrite of the same cell also suggesting an autaptic site. Note that the axon is free of varicosities (see text). Scale bars=100 ï¿½m in B (applies to A,B); 5 ï¿½m in D<sub>3</sub> (applies to D<sub>1ï¿½3</sub>); 10 ï¿½m in E.","Fig. 7",NULL,NULL,NULL,NULL,15700275,0,"SUB CA1-Projecting Pyramidal?",NULL,"3100461.png",NULL
3100461,5005,NULL,4020,NULL,"<b>Axonal collateralization.</b><br><b>Aï¿½B:</b> Two pyramidal cells from a control and a pilocarpineï¿½treated rat showing extensive axonal branching. Axons spread widely throughout the stratum pyramidale and stratum moleculare. Axon collaterals project to stratum pyramidale and stratum radiatum of CA1.<br><b>C:</b> Scholl analysis of axonal collateralization showing numbers of axonal crossings with the concentric Scholl rings drawn round the soma in distances of 50 ï¿½m. <br><b>D</b><sub><b>1ï¿½3</b></sub><b>:</b> Axon collateral with multiple varicosities passes a spiny basal dendrite. A varicosity of the axon (open arrow) is located between two dendritic spines (filled arrows) suggesting an autaptic synaptic contact. For clarification the dendrite (D<sub>2</sub>) and the axon (D<sub>3</sub>) are illustrated separately.<br><b>E:</b> A main axon descending to the alveus closely passes a basal dendrite of the same cell also suggesting an autaptic site. Note that the axon is free of varicosities (see text). Scale bars=100 ï¿½m in B (applies to A,B); 5 ï¿½m in D<sub>3</sub> (applies to D<sub>1ï¿½3</sub>); 10 ï¿½m in E.","Fig. 7",NULL,NULL,NULL,NULL,15700275,0,"SUB CA1-Projecting Pyramidal?",NULL,"3100461.png",NULL
3100461,5005,NULL,4091,NULL,"<b>Axonal collateralization.</b><br><b>Aï¿½B:</b> Two pyramidal cells from a control and a pilocarpineï¿½treated rat showing extensive axonal branching. Axons spread widely throughout the stratum pyramidale and stratum moleculare. Axon collaterals project to stratum pyramidale and stratum radiatum of CA1.<br><b>C:</b> Scholl analysis of axonal collateralization showing numbers of axonal crossings with the concentric Scholl rings drawn round the soma in distances of 50 ï¿½m. <br><b>D</b><sub><b>1ï¿½3</b></sub><b>:</b> Axon collateral with multiple varicosities passes a spiny basal dendrite. A varicosity of the axon (open arrow) is located between two dendritic spines (filled arrows) suggesting an autaptic synaptic contact. For clarification the dendrite (D<sub>2</sub>) and the axon (D<sub>3</sub>) are illustrated separately.<br><b>E:</b> A main axon descending to the alveus closely passes a basal dendrite of the same cell also suggesting an autaptic site. Note that the axon is free of varicosities (see text). Scale bars=100 ï¿½m in B (applies to A,B); 5 ï¿½m in D<sub>3</sub> (applies to D<sub>1ï¿½3</sub>); 10 ï¿½m in E.","Fig. 7",NULL,NULL,NULL,NULL,15700275,0,"SUB CA1-Projecting Pyramidal?",NULL,"3100461.png",NULL
3100461,5005,NULL,4093,NULL,"<b>Axonal collateralization.</b><br><b>Aï¿½B:</b> Two pyramidal cells from a control and a pilocarpineï¿½treated rat showing extensive axonal branching. Axons spread widely throughout the stratum pyramidale and stratum moleculare. Axon collaterals project to stratum pyramidale and stratum radiatum of CA1.<br><b>C:</b> Scholl analysis of axonal collateralization showing numbers of axonal crossings with the concentric Scholl rings drawn round the soma in distances of 50 ï¿½m. <br><b>D</b><sub><b>1ï¿½3</b></sub><b>:</b> Axon collateral with multiple varicosities passes a spiny basal dendrite. A varicosity of the axon (open arrow) is located between two dendritic spines (filled arrows) suggesting an autaptic synaptic contact. For clarification the dendrite (D<sub>2</sub>) and the axon (D<sub>3</sub>) are illustrated separately.<br><b>E:</b> A main axon descending to the alveus closely passes a basal dendrite of the same cell also suggesting an autaptic site. Note that the axon is free of varicosities (see text). Scale bars=100 ï¿½m in B (applies to A,B); 5 ï¿½m in D<sub>3</sub> (applies to D<sub>1ï¿½3</sub>); 10 ï¿½m in E.","Fig. 7",NULL,NULL,NULL,NULL,15700275,0,"SUB CA1-Projecting Pyramidal?",NULL,"3100461.png",NULL
3100461,5005,NULL,4081,NULL,"<b>Axonal collateralization.</b><br><b>Aï¿½B:</b> Two pyramidal cells from a control and a pilocarpineï¿½treated rat showing extensive axonal branching. Axons spread widely throughout the stratum pyramidale and stratum moleculare. Axon collaterals project to stratum pyramidale and stratum radiatum of CA1.<br><b>C:</b> Scholl analysis of axonal collateralization showing numbers of axonal crossings with the concentric Scholl rings drawn round the soma in distances of 50 ï¿½m. <br><b>D</b><sub><b>1ï¿½3</b></sub><b>:</b> Axon collateral with multiple varicosities passes a spiny basal dendrite. A varicosity of the axon (open arrow) is located between two dendritic spines (filled arrows) suggesting an autaptic synaptic contact. For clarification the dendrite (D<sub>2</sub>) and the axon (D<sub>3</sub>) are illustrated separately.<br><b>E:</b> A main axon descending to the alveus closely passes a basal dendrite of the same cell also suggesting an autaptic site. Note that the axon is free of varicosities (see text). Scale bars=100 ï¿½m in B (applies to A,B); 5 ï¿½m in D<sub>3</sub> (applies to D<sub>1ï¿½3</sub>); 10 ï¿½m in E.","Fig. 7",NULL,NULL,NULL,NULL,15700275,0,"SUB CA1-Projecting Pyramidal?",NULL,"3100461.png",NULL
3100461,5005,NULL,4005,NULL,"<b>Axonal collateralization.</b><br><b>Aï¿½B:</b> Two pyramidal cells from a control and a pilocarpineï¿½treated rat showing extensive axonal branching. Axons spread widely throughout the stratum pyramidale and stratum moleculare. Axon collaterals project to stratum pyramidale and stratum radiatum of CA1.<br><b>C:</b> Scholl analysis of axonal collateralization showing numbers of axonal crossings with the concentric Scholl rings drawn round the soma in distances of 50 ï¿½m. <br><b>D</b><sub><b>1ï¿½3</b></sub><b>:</b> Axon collateral with multiple varicosities passes a spiny basal dendrite. A varicosity of the axon (open arrow) is located between two dendritic spines (filled arrows) suggesting an autaptic synaptic contact. For clarification the dendrite (D<sub>2</sub>) and the axon (D<sub>3</sub>) are illustrated separately.<br><b>E:</b> A main axon descending to the alveus closely passes a basal dendrite of the same cell also suggesting an autaptic site. Note that the axon is free of varicosities (see text). Scale bars=100 ï¿½m in B (applies to A,B); 5 ï¿½m in D<sub>3</sub> (applies to D<sub>1ï¿½3</sub>); 10 ï¿½m in E.","Fig. 7",NULL,NULL,NULL,NULL,15700275,0,"SUB CA1-Projecting Pyramidal?",NULL,"3100461.png",NULL
3100461,5005,NULL,4004,NULL,"<b>Axonal collateralization.</b><br><b>Aï¿½B:</b> Two pyramidal cells from a control and a pilocarpineï¿½treated rat showing extensive axonal branching. Axons spread widely throughout the stratum pyramidale and stratum moleculare. Axon collaterals project to stratum pyramidale and stratum radiatum of CA1.<br><b>C:</b> Scholl analysis of axonal collateralization showing numbers of axonal crossings with the concentric Scholl rings drawn round the soma in distances of 50 ï¿½m. <br><b>D</b><sub><b>1ï¿½3</b></sub><b>:</b> Axon collateral with multiple varicosities passes a spiny basal dendrite. A varicosity of the axon (open arrow) is located between two dendritic spines (filled arrows) suggesting an autaptic synaptic contact. For clarification the dendrite (D<sub>2</sub>) and the axon (D<sub>3</sub>) are illustrated separately.<br><b>E:</b> A main axon descending to the alveus closely passes a basal dendrite of the same cell also suggesting an autaptic site. Note that the axon is free of varicosities (see text). Scale bars=100 ï¿½m in B (applies to A,B); 5 ï¿½m in D<sub>3</sub> (applies to D<sub>1ï¿½3</sub>); 10 ï¿½m in E.","Fig. 7",NULL,NULL,NULL,NULL,15700275,0,"SUB CA1-Projecting Pyramidal?",NULL,"3100461.png",NULL
3100461,5005,NULL,4055,NULL,"<b>Axonal collateralization.</b><br><b>Aï¿½B:</b> Two pyramidal cells from a control and a pilocarpineï¿½treated rat showing extensive axonal branching. Axons spread widely throughout the stratum pyramidale and stratum moleculare. Axon collaterals project to stratum pyramidale and stratum radiatum of CA1.<br><b>C:</b> Scholl analysis of axonal collateralization showing numbers of axonal crossings with the concentric Scholl rings drawn round the soma in distances of 50 ï¿½m. <br><b>D</b><sub><b>1ï¿½3</b></sub><b>:</b> Axon collateral with multiple varicosities passes a spiny basal dendrite. A varicosity of the axon (open arrow) is located between two dendritic spines (filled arrows) suggesting an autaptic synaptic contact. For clarification the dendrite (D<sub>2</sub>) and the axon (D<sub>3</sub>) are illustrated separately.<br><b>E:</b> A main axon descending to the alveus closely passes a basal dendrite of the same cell also suggesting an autaptic site. Note that the axon is free of varicosities (see text). Scale bars=100 ï¿½m in B (applies to A,B); 5 ï¿½m in D<sub>3</sub> (applies to D<sub>1ï¿½3</sub>); 10 ï¿½m in E.","Fig. 7",NULL,NULL,NULL,NULL,15700275,0,"SUB CA1-Projecting Pyramidal?",NULL,"3100461.png",NULL
3100461,5005,NULL,4066,NULL,"<b>Axonal collateralization.</b><br><b>Aï¿½B:</b> Two pyramidal cells from a control and a pilocarpineï¿½treated rat showing extensive axonal branching. Axons spread widely throughout the stratum pyramidale and stratum moleculare. Axon collaterals project to stratum pyramidale and stratum radiatum of CA1.<br><b>C:</b> Scholl analysis of axonal collateralization showing numbers of axonal crossings with the concentric Scholl rings drawn round the soma in distances of 50 ï¿½m. <br><b>D</b><sub><b>1ï¿½3</b></sub><b>:</b> Axon collateral with multiple varicosities passes a spiny basal dendrite. A varicosity of the axon (open arrow) is located between two dendritic spines (filled arrows) suggesting an autaptic synaptic contact. For clarification the dendrite (D<sub>2</sub>) and the axon (D<sub>3</sub>) are illustrated separately.<br><b>E:</b> A main axon descending to the alveus closely passes a basal dendrite of the same cell also suggesting an autaptic site. Note that the axon is free of varicosities (see text). Scale bars=100 ï¿½m in B (applies to A,B); 5 ï¿½m in D<sub>3</sub> (applies to D<sub>1ï¿½3</sub>); 10 ï¿½m in E.","Fig. 7",NULL,NULL,NULL,NULL,15700275,0,"SUB CA1-Projecting Pyramidal?",NULL,"3100461.png",NULL
3100461,5005,NULL,4006,NULL,"<b>Axonal collateralization.</b><br><b>Aï¿½B:</b> Two pyramidal cells from a control and a pilocarpineï¿½treated rat showing extensive axonal branching. Axons spread widely throughout the stratum pyramidale and stratum moleculare. Axon collaterals project to stratum pyramidale and stratum radiatum of CA1.<br><b>C:</b> Scholl analysis of axonal collateralization showing numbers of axonal crossings with the concentric Scholl rings drawn round the soma in distances of 50 ï¿½m. <br><b>D</b><sub><b>1ï¿½3</b></sub><b>:</b> Axon collateral with multiple varicosities passes a spiny basal dendrite. A varicosity of the axon (open arrow) is located between two dendritic spines (filled arrows) suggesting an autaptic synaptic contact. For clarification the dendrite (D<sub>2</sub>) and the axon (D<sub>3</sub>) are illustrated separately.<br><b>E:</b> A main axon descending to the alveus closely passes a basal dendrite of the same cell also suggesting an autaptic site. Note that the axon is free of varicosities (see text). Scale bars=100 ï¿½m in B (applies to A,B); 5 ï¿½m in D<sub>3</sub> (applies to D<sub>1ï¿½3</sub>); 10 ï¿½m in E.","Fig. 7",NULL,NULL,NULL,NULL,15700275,0,"SUB CA1-Projecting Pyramidal?",NULL,"3100461.png",NULL
3100461,5005,NULL,4076,NULL,"<b>Axonal collateralization.</b><br><b>Aï¿½B:</b> Two pyramidal cells from a control and a pilocarpineï¿½treated rat showing extensive axonal branching. Axons spread widely throughout the stratum pyramidale and stratum moleculare. Axon collaterals project to stratum pyramidale and stratum radiatum of CA1.<br><b>C:</b> Scholl analysis of axonal collateralization showing numbers of axonal crossings with the concentric Scholl rings drawn round the soma in distances of 50 ï¿½m. <br><b>D</b><sub><b>1ï¿½3</b></sub><b>:</b> Axon collateral with multiple varicosities passes a spiny basal dendrite. A varicosity of the axon (open arrow) is located between two dendritic spines (filled arrows) suggesting an autaptic synaptic contact. For clarification the dendrite (D<sub>2</sub>) and the axon (D<sub>3</sub>) are illustrated separately.<br><b>E:</b> A main axon descending to the alveus closely passes a basal dendrite of the same cell also suggesting an autaptic site. Note that the axon is free of varicosities (see text). Scale bars=100 ï¿½m in B (applies to A,B); 5 ï¿½m in D<sub>3</sub> (applies to D<sub>1ï¿½3</sub>); 10 ï¿½m in E.","Fig. 7",NULL,NULL,NULL,NULL,15700275,0,"SUB CA1-Projecting Pyramidal?",NULL,"3100461.png",NULL
3100461,5005,NULL,4003,NULL,"<b>Axonal collateralization.</b><br><b>Aï¿½B:</b> Two pyramidal cells from a control and a pilocarpineï¿½treated rat showing extensive axonal branching. Axons spread widely throughout the stratum pyramidale and stratum moleculare. Axon collaterals project to stratum pyramidale and stratum radiatum of CA1.<br><b>C:</b> Scholl analysis of axonal collateralization showing numbers of axonal crossings with the concentric Scholl rings drawn round the soma in distances of 50 ï¿½m. <br><b>D</b><sub><b>1ï¿½3</b></sub><b>:</b> Axon collateral with multiple varicosities passes a spiny basal dendrite. A varicosity of the axon (open arrow) is located between two dendritic spines (filled arrows) suggesting an autaptic synaptic contact. For clarification the dendrite (D<sub>2</sub>) and the axon (D<sub>3</sub>) are illustrated separately.<br><b>E:</b> A main axon descending to the alveus closely passes a basal dendrite of the same cell also suggesting an autaptic site. Note that the axon is free of varicosities (see text). Scale bars=100 ï¿½m in B (applies to A,B); 5 ï¿½m in D<sub>3</sub> (applies to D<sub>1ï¿½3</sub>); 10 ï¿½m in E.","Fig. 7",NULL,NULL,NULL,NULL,15700275,0,"SUB CA1-Projecting Pyramidal?",NULL,"3100461.png",NULL
3100461,5005,NULL,4028,NULL,"<b>Axonal collateralization.</b><br><b>Aï¿½B:</b> Two pyramidal cells from a control and a pilocarpineï¿½treated rat showing extensive axonal branching. Axons spread widely throughout the stratum pyramidale and stratum moleculare. Axon collaterals project to stratum pyramidale and stratum radiatum of CA1.<br><b>C:</b> Scholl analysis of axonal collateralization showing numbers of axonal crossings with the concentric Scholl rings drawn round the soma in distances of 50 ï¿½m. <br><b>D</b><sub><b>1ï¿½3</b></sub><b>:</b> Axon collateral with multiple varicosities passes a spiny basal dendrite. A varicosity of the axon (open arrow) is located between two dendritic spines (filled arrows) suggesting an autaptic synaptic contact. For clarification the dendrite (D<sub>2</sub>) and the axon (D<sub>3</sub>) are illustrated separately.<br><b>E:</b> A main axon descending to the alveus closely passes a basal dendrite of the same cell also suggesting an autaptic site. Note that the axon is free of varicosities (see text). Scale bars=100 ï¿½m in B (applies to A,B); 5 ï¿½m in D<sub>3</sub> (applies to D<sub>1ï¿½3</sub>); 10 ï¿½m in E.","Fig. 7",NULL,NULL,NULL,NULL,15700275,0,"SUB CA1-Projecting Pyramidal?",NULL,"3100461.png",NULL
3100461,5005,NULL,4061,NULL,"<b>Axonal collateralization.</b><br><b>Aï¿½B:</b> Two pyramidal cells from a control and a pilocarpineï¿½treated rat showing extensive axonal branching. Axons spread widely throughout the stratum pyramidale and stratum moleculare. Axon collaterals project to stratum pyramidale and stratum radiatum of CA1.<br><b>C:</b> Scholl analysis of axonal collateralization showing numbers of axonal crossings with the concentric Scholl rings drawn round the soma in distances of 50 ï¿½m. <br><b>D</b><sub><b>1ï¿½3</b></sub><b>:</b> Axon collateral with multiple varicosities passes a spiny basal dendrite. A varicosity of the axon (open arrow) is located between two dendritic spines (filled arrows) suggesting an autaptic synaptic contact. For clarification the dendrite (D<sub>2</sub>) and the axon (D<sub>3</sub>) are illustrated separately.<br><b>E:</b> A main axon descending to the alveus closely passes a basal dendrite of the same cell also suggesting an autaptic site. Note that the axon is free of varicosities (see text). Scale bars=100 ï¿½m in B (applies to A,B); 5 ï¿½m in D<sub>3</sub> (applies to D<sub>1ï¿½3</sub>); 10 ï¿½m in E.","Fig. 7",NULL,NULL,NULL,NULL,15700275,0,"SUB CA1-Projecting Pyramidal?",NULL,"3100461.png",NULL
3100461,5005,NULL,4015,NULL,"<b>Axonal collateralization.</b><br><b>Aï¿½B:</b> Two pyramidal cells from a control and a pilocarpineï¿½treated rat showing extensive axonal branching. Axons spread widely throughout the stratum pyramidale and stratum moleculare. Axon collaterals project to stratum pyramidale and stratum radiatum of CA1.<br><b>C:</b> Scholl analysis of axonal collateralization showing numbers of axonal crossings with the concentric Scholl rings drawn round the soma in distances of 50 ï¿½m. <br><b>D</b><sub><b>1ï¿½3</b></sub><b>:</b> Axon collateral with multiple varicosities passes a spiny basal dendrite. A varicosity of the axon (open arrow) is located between two dendritic spines (filled arrows) suggesting an autaptic synaptic contact. For clarification the dendrite (D<sub>2</sub>) and the axon (D<sub>3</sub>) are illustrated separately.<br><b>E:</b> A main axon descending to the alveus closely passes a basal dendrite of the same cell also suggesting an autaptic site. Note that the axon is free of varicosities (see text). Scale bars=100 ï¿½m in B (applies to A,B); 5 ï¿½m in D<sub>3</sub> (applies to D<sub>1ï¿½3</sub>); 10 ï¿½m in E.","Fig. 7",NULL,NULL,NULL,NULL,15700275,0,"SUB CA1-Projecting Pyramidal?",NULL,"3100461.png",NULL
3100461,5005,NULL,4084,NULL,"<b>Axonal collateralization.</b><br><b>Aï¿½B:</b> Two pyramidal cells from a control and a pilocarpineï¿½treated rat showing extensive axonal branching. Axons spread widely throughout the stratum pyramidale and stratum moleculare. Axon collaterals project to stratum pyramidale and stratum radiatum of CA1.<br><b>C:</b> Scholl analysis of axonal collateralization showing numbers of axonal crossings with the concentric Scholl rings drawn round the soma in distances of 50 ï¿½m. <br><b>D</b><sub><b>1ï¿½3</b></sub><b>:</b> Axon collateral with multiple varicosities passes a spiny basal dendrite. A varicosity of the axon (open arrow) is located between two dendritic spines (filled arrows) suggesting an autaptic synaptic contact. For clarification the dendrite (D<sub>2</sub>) and the axon (D<sub>3</sub>) are illustrated separately.<br><b>E:</b> A main axon descending to the alveus closely passes a basal dendrite of the same cell also suggesting an autaptic site. Note that the axon is free of varicosities (see text). Scale bars=100 ï¿½m in B (applies to A,B); 5 ï¿½m in D<sub>3</sub> (applies to D<sub>1ï¿½3</sub>); 10 ï¿½m in E.","Fig. 7",NULL,NULL,NULL,NULL,15700275,0,"SUB CA1-Projecting Pyramidal?",NULL,"3100461.png",NULL
3100461,5005,NULL,4041,NULL,"<b>Axonal collateralization.</b><br><b>Aï¿½B:</b> Two pyramidal cells from a control and a pilocarpineï¿½treated rat showing extensive axonal branching. Axons spread widely throughout the stratum pyramidale and stratum moleculare. Axon collaterals project to stratum pyramidale and stratum radiatum of CA1.<br><b>C:</b> Scholl analysis of axonal collateralization showing numbers of axonal crossings with the concentric Scholl rings drawn round the soma in distances of 50 ï¿½m. <br><b>D</b><sub><b>1ï¿½3</b></sub><b>:</b> Axon collateral with multiple varicosities passes a spiny basal dendrite. A varicosity of the axon (open arrow) is located between two dendritic spines (filled arrows) suggesting an autaptic synaptic contact. For clarification the dendrite (D<sub>2</sub>) and the axon (D<sub>3</sub>) are illustrated separately.<br><b>E:</b> A main axon descending to the alveus closely passes a basal dendrite of the same cell also suggesting an autaptic site. Note that the axon is free of varicosities (see text). Scale bars=100 ï¿½m in B (applies to A,B); 5 ï¿½m in D<sub>3</sub> (applies to D<sub>1ï¿½3</sub>); 10 ï¿½m in E.","Fig. 7",NULL,NULL,NULL,NULL,15700275,0,"SUB CA1-Projecting Pyramidal?",NULL,"3100461.png",NULL
3100461,5005,NULL,4013,NULL,"<b>Axonal collateralization.</b><br><b>Aï¿½B:</b> Two pyramidal cells from a control and a pilocarpineï¿½treated rat showing extensive axonal branching. Axons spread widely throughout the stratum pyramidale and stratum moleculare. Axon collaterals project to stratum pyramidale and stratum radiatum of CA1.<br><b>C:</b> Scholl analysis of axonal collateralization showing numbers of axonal crossings with the concentric Scholl rings drawn round the soma in distances of 50 ï¿½m. <br><b>D</b><sub><b>1ï¿½3</b></sub><b>:</b> Axon collateral with multiple varicosities passes a spiny basal dendrite. A varicosity of the axon (open arrow) is located between two dendritic spines (filled arrows) suggesting an autaptic synaptic contact. For clarification the dendrite (D<sub>2</sub>) and the axon (D<sub>3</sub>) are illustrated separately.<br><b>E:</b> A main axon descending to the alveus closely passes a basal dendrite of the same cell also suggesting an autaptic site. Note that the axon is free of varicosities (see text). Scale bars=100 ï¿½m in B (applies to A,B); 5 ï¿½m in D<sub>3</sub> (applies to D<sub>1ï¿½3</sub>); 10 ï¿½m in E.","Fig. 7",NULL,NULL,NULL,NULL,15700275,0,"SUB CA1-Projecting Pyramidal?",NULL,"3100461.png",NULL
3100462,5005,NULL,4000,NULL,"<b>Retrograde staining of subicular pyramidal cells by extracellular application of a fluorescence tracer in CA1.</b><br><b>A</b><sub><b>1</b></sub><b>:</b> The average number of retrograde labeled subicular neurons per section (thickness 50 ï¿½m) was not different in control and pilocarpineï¿½treated rats.<br><b>A</b><sub><b>2</b></sub><b>:</b> Fraction of slices containing the same number of retrogradely stained neurons. No difference was found between control and pilocarpineï¿½treated rats.<br><b>B: Top:</b> Slice stained with fluorescein in CA1. <b>Middle:</b> Same slice at higher magnification showing a patchï¿½clamp electrode during recording of a retrogradely stained fluorescent subicular pyramidal cell. <b>Bottom:</b> Response of the same cell to a depolarizing current injection. The neuron was classified as a regularï¿½spiking cell.<br><b>C:</b> Proportion of retrogradely labeled burst- and regularï¿½spiking neurons in pilocarpineï¿½treated rats. Scale bars=200 ï¿½m in B, top; 20 ï¿½m in B, middle.","Fig. 8",NULL,NULL,NULL,NULL,15700275,0,"SUB Pyramidal Axons:CA1:????",NULL,"3100462.png",NULL
3100462,5005,NULL,4054,NULL,"<b>Retrograde staining of subicular pyramidal cells by extracellular application of a fluorescence tracer in CA1.</b><br><b>A</b><sub><b>1</b></sub><b>:</b> The average number of retrograde labeled subicular neurons per section (thickness 50 ï¿½m) was not different in control and pilocarpineï¿½treated rats.<br><b>A</b><sub><b>2</b></sub><b>:</b> Fraction of slices containing the same number of retrogradely stained neurons. No difference was found between control and pilocarpineï¿½treated rats.<br><b>B: Top:</b> Slice stained with fluorescein in CA1. <b>Middle:</b> Same slice at higher magnification showing a patchï¿½clamp electrode during recording of a retrogradely stained fluorescent subicular pyramidal cell. <b>Bottom:</b> Response of the same cell to a depolarizing current injection. The neuron was classified as a regularï¿½spiking cell.<br><b>C:</b> Proportion of retrogradely labeled burst- and regularï¿½spiking neurons in pilocarpineï¿½treated rats. Scale bars=200 ï¿½m in B, top; 20 ï¿½m in B, middle.","Fig. 8",NULL,NULL,NULL,NULL,15700275,0,"SUB Pyramidal Axons:CA1:????",NULL,"3100462.png",NULL
3100462,5005,NULL,4036,NULL,"<b>Retrograde staining of subicular pyramidal cells by extracellular application of a fluorescence tracer in CA1.</b><br><b>A</b><sub><b>1</b></sub><b>:</b> The average number of retrograde labeled subicular neurons per section (thickness 50 ï¿½m) was not different in control and pilocarpineï¿½treated rats.<br><b>A</b><sub><b>2</b></sub><b>:</b> Fraction of slices containing the same number of retrogradely stained neurons. No difference was found between control and pilocarpineï¿½treated rats.<br><b>B: Top:</b> Slice stained with fluorescein in CA1. <b>Middle:</b> Same slice at higher magnification showing a patchï¿½clamp electrode during recording of a retrogradely stained fluorescent subicular pyramidal cell. <b>Bottom:</b> Response of the same cell to a depolarizing current injection. The neuron was classified as a regularï¿½spiking cell.<br><b>C:</b> Proportion of retrogradely labeled burst- and regularï¿½spiking neurons in pilocarpineï¿½treated rats. Scale bars=200 ï¿½m in B, top; 20 ï¿½m in B, middle.","Fig. 8",NULL,NULL,NULL,NULL,15700275,0,"SUB Pyramidal Axons:CA1:????",NULL,"3100462.png",NULL
3100462,5005,NULL,4078,NULL,"<b>Retrograde staining of subicular pyramidal cells by extracellular application of a fluorescence tracer in CA1.</b><br><b>A</b><sub><b>1</b></sub><b>:</b> The average number of retrograde labeled subicular neurons per section (thickness 50 ï¿½m) was not different in control and pilocarpineï¿½treated rats.<br><b>A</b><sub><b>2</b></sub><b>:</b> Fraction of slices containing the same number of retrogradely stained neurons. No difference was found between control and pilocarpineï¿½treated rats.<br><b>B: Top:</b> Slice stained with fluorescein in CA1. <b>Middle:</b> Same slice at higher magnification showing a patchï¿½clamp electrode during recording of a retrogradely stained fluorescent subicular pyramidal cell. <b>Bottom:</b> Response of the same cell to a depolarizing current injection. The neuron was classified as a regularï¿½spiking cell.<br><b>C:</b> Proportion of retrogradely labeled burst- and regularï¿½spiking neurons in pilocarpineï¿½treated rats. Scale bars=200 ï¿½m in B, top; 20 ï¿½m in B, middle.","Fig. 8",NULL,NULL,NULL,NULL,15700275,0,"SUB Pyramidal Axons:CA1:????",NULL,"3100462.png",NULL
3100462,5005,NULL,4079,NULL,"<b>Retrograde staining of subicular pyramidal cells by extracellular application of a fluorescence tracer in CA1.</b><br><b>A</b><sub><b>1</b></sub><b>:</b> The average number of retrograde labeled subicular neurons per section (thickness 50 ï¿½m) was not different in control and pilocarpineï¿½treated rats.<br><b>A</b><sub><b>2</b></sub><b>:</b> Fraction of slices containing the same number of retrogradely stained neurons. No difference was found between control and pilocarpineï¿½treated rats.<br><b>B: Top:</b> Slice stained with fluorescein in CA1. <b>Middle:</b> Same slice at higher magnification showing a patchï¿½clamp electrode during recording of a retrogradely stained fluorescent subicular pyramidal cell. <b>Bottom:</b> Response of the same cell to a depolarizing current injection. The neuron was classified as a regularï¿½spiking cell.<br><b>C:</b> Proportion of retrogradely labeled burst- and regularï¿½spiking neurons in pilocarpineï¿½treated rats. Scale bars=200 ï¿½m in B, top; 20 ï¿½m in B, middle.","Fig. 8",NULL,NULL,NULL,NULL,15700275,0,"SUB Pyramidal Axons:CA1:????",NULL,"3100462.png",NULL
3100462,5005,NULL,4080,NULL,"<b>Retrograde staining of subicular pyramidal cells by extracellular application of a fluorescence tracer in CA1.</b><br><b>A</b><sub><b>1</b></sub><b>:</b> The average number of retrograde labeled subicular neurons per section (thickness 50 ï¿½m) was not different in control and pilocarpineï¿½treated rats.<br><b>A</b><sub><b>2</b></sub><b>:</b> Fraction of slices containing the same number of retrogradely stained neurons. No difference was found between control and pilocarpineï¿½treated rats.<br><b>B: Top:</b> Slice stained with fluorescein in CA1. <b>Middle:</b> Same slice at higher magnification showing a patchï¿½clamp electrode during recording of a retrogradely stained fluorescent subicular pyramidal cell. <b>Bottom:</b> Response of the same cell to a depolarizing current injection. The neuron was classified as a regularï¿½spiking cell.<br><b>C:</b> Proportion of retrogradely labeled burst- and regularï¿½spiking neurons in pilocarpineï¿½treated rats. Scale bars=200 ï¿½m in B, top; 20 ï¿½m in B, middle.","Fig. 8",NULL,NULL,NULL,NULL,15700275,0,"SUB Pyramidal Axons:CA1:????",NULL,"3100462.png",NULL
3100462,5005,NULL,4056,NULL,"<b>Retrograde staining of subicular pyramidal cells by extracellular application of a fluorescence tracer in CA1.</b><br><b>A</b><sub><b>1</b></sub><b>:</b> The average number of retrograde labeled subicular neurons per section (thickness 50 ï¿½m) was not different in control and pilocarpineï¿½treated rats.<br><b>A</b><sub><b>2</b></sub><b>:</b> Fraction of slices containing the same number of retrogradely stained neurons. No difference was found between control and pilocarpineï¿½treated rats.<br><b>B: Top:</b> Slice stained with fluorescein in CA1. <b>Middle:</b> Same slice at higher magnification showing a patchï¿½clamp electrode during recording of a retrogradely stained fluorescent subicular pyramidal cell. <b>Bottom:</b> Response of the same cell to a depolarizing current injection. The neuron was classified as a regularï¿½spiking cell.<br><b>C:</b> Proportion of retrogradely labeled burst- and regularï¿½spiking neurons in pilocarpineï¿½treated rats. Scale bars=200 ï¿½m in B, top; 20 ï¿½m in B, middle.","Fig. 8",NULL,NULL,NULL,NULL,15700275,0,"SUB Pyramidal Axons:CA1:????",NULL,"3100462.png",NULL
3100462,5005,NULL,4020,NULL,"<b>Retrograde staining of subicular pyramidal cells by extracellular application of a fluorescence tracer in CA1.</b><br><b>A</b><sub><b>1</b></sub><b>:</b> The average number of retrograde labeled subicular neurons per section (thickness 50 ï¿½m) was not different in control and pilocarpineï¿½treated rats.<br><b>A</b><sub><b>2</b></sub><b>:</b> Fraction of slices containing the same number of retrogradely stained neurons. No difference was found between control and pilocarpineï¿½treated rats.<br><b>B: Top:</b> Slice stained with fluorescein in CA1. <b>Middle:</b> Same slice at higher magnification showing a patchï¿½clamp electrode during recording of a retrogradely stained fluorescent subicular pyramidal cell. <b>Bottom:</b> Response of the same cell to a depolarizing current injection. The neuron was classified as a regularï¿½spiking cell.<br><b>C:</b> Proportion of retrogradely labeled burst- and regularï¿½spiking neurons in pilocarpineï¿½treated rats. Scale bars=200 ï¿½m in B, top; 20 ï¿½m in B, middle.","Fig. 8",NULL,NULL,NULL,NULL,15700275,0,"SUB Pyramidal Axons:CA1:????",NULL,"3100462.png",NULL
3100462,5005,NULL,4091,NULL,"<b>Retrograde staining of subicular pyramidal cells by extracellular application of a fluorescence tracer in CA1.</b><br><b>A</b><sub><b>1</b></sub><b>:</b> The average number of retrograde labeled subicular neurons per section (thickness 50 ï¿½m) was not different in control and pilocarpineï¿½treated rats.<br><b>A</b><sub><b>2</b></sub><b>:</b> Fraction of slices containing the same number of retrogradely stained neurons. No difference was found between control and pilocarpineï¿½treated rats.<br><b>B: Top:</b> Slice stained with fluorescein in CA1. <b>Middle:</b> Same slice at higher magnification showing a patchï¿½clamp electrode during recording of a retrogradely stained fluorescent subicular pyramidal cell. <b>Bottom:</b> Response of the same cell to a depolarizing current injection. The neuron was classified as a regularï¿½spiking cell.<br><b>C:</b> Proportion of retrogradely labeled burst- and regularï¿½spiking neurons in pilocarpineï¿½treated rats. Scale bars=200 ï¿½m in B, top; 20 ï¿½m in B, middle.","Fig. 8",NULL,NULL,NULL,NULL,15700275,0,"SUB Pyramidal Axons:CA1:????",NULL,"3100462.png",NULL
3100462,5005,NULL,4093,NULL,"<b>Retrograde staining of subicular pyramidal cells by extracellular application of a fluorescence tracer in CA1.</b><br><b>A</b><sub><b>1</b></sub><b>:</b> The average number of retrograde labeled subicular neurons per section (thickness 50 ï¿½m) was not different in control and pilocarpineï¿½treated rats.<br><b>A</b><sub><b>2</b></sub><b>:</b> Fraction of slices containing the same number of retrogradely stained neurons. No difference was found between control and pilocarpineï¿½treated rats.<br><b>B: Top:</b> Slice stained with fluorescein in CA1. <b>Middle:</b> Same slice at higher magnification showing a patchï¿½clamp electrode during recording of a retrogradely stained fluorescent subicular pyramidal cell. <b>Bottom:</b> Response of the same cell to a depolarizing current injection. The neuron was classified as a regularï¿½spiking cell.<br><b>C:</b> Proportion of retrogradely labeled burst- and regularï¿½spiking neurons in pilocarpineï¿½treated rats. Scale bars=200 ï¿½m in B, top; 20 ï¿½m in B, middle.","Fig. 8",NULL,NULL,NULL,NULL,15700275,0,"SUB Pyramidal Axons:CA1:????",NULL,"3100462.png",NULL
3100462,5005,NULL,4081,NULL,"<b>Retrograde staining of subicular pyramidal cells by extracellular application of a fluorescence tracer in CA1.</b><br><b>A</b><sub><b>1</b></sub><b>:</b> The average number of retrograde labeled subicular neurons per section (thickness 50 ï¿½m) was not different in control and pilocarpineï¿½treated rats.<br><b>A</b><sub><b>2</b></sub><b>:</b> Fraction of slices containing the same number of retrogradely stained neurons. No difference was found between control and pilocarpineï¿½treated rats.<br><b>B: Top:</b> Slice stained with fluorescein in CA1. <b>Middle:</b> Same slice at higher magnification showing a patchï¿½clamp electrode during recording of a retrogradely stained fluorescent subicular pyramidal cell. <b>Bottom:</b> Response of the same cell to a depolarizing current injection. The neuron was classified as a regularï¿½spiking cell.<br><b>C:</b> Proportion of retrogradely labeled burst- and regularï¿½spiking neurons in pilocarpineï¿½treated rats. Scale bars=200 ï¿½m in B, top; 20 ï¿½m in B, middle.","Fig. 8",NULL,NULL,NULL,NULL,15700275,0,"SUB Pyramidal Axons:CA1:????",NULL,"3100462.png",NULL
3100462,5005,NULL,4005,NULL,"<b>Retrograde staining of subicular pyramidal cells by extracellular application of a fluorescence tracer in CA1.</b><br><b>A</b><sub><b>1</b></sub><b>:</b> The average number of retrograde labeled subicular neurons per section (thickness 50 ï¿½m) was not different in control and pilocarpineï¿½treated rats.<br><b>A</b><sub><b>2</b></sub><b>:</b> Fraction of slices containing the same number of retrogradely stained neurons. No difference was found between control and pilocarpineï¿½treated rats.<br><b>B: Top:</b> Slice stained with fluorescein in CA1. <b>Middle:</b> Same slice at higher magnification showing a patchï¿½clamp electrode during recording of a retrogradely stained fluorescent subicular pyramidal cell. <b>Bottom:</b> Response of the same cell to a depolarizing current injection. The neuron was classified as a regularï¿½spiking cell.<br><b>C:</b> Proportion of retrogradely labeled burst- and regularï¿½spiking neurons in pilocarpineï¿½treated rats. Scale bars=200 ï¿½m in B, top; 20 ï¿½m in B, middle.","Fig. 8",NULL,NULL,NULL,NULL,15700275,0,"SUB Pyramidal Axons:CA1:????",NULL,"3100462.png",NULL
3100462,5005,NULL,4004,NULL,"<b>Retrograde staining of subicular pyramidal cells by extracellular application of a fluorescence tracer in CA1.</b><br><b>A</b><sub><b>1</b></sub><b>:</b> The average number of retrograde labeled subicular neurons per section (thickness 50 ï¿½m) was not different in control and pilocarpineï¿½treated rats.<br><b>A</b><sub><b>2</b></sub><b>:</b> Fraction of slices containing the same number of retrogradely stained neurons. No difference was found between control and pilocarpineï¿½treated rats.<br><b>B: Top:</b> Slice stained with fluorescein in CA1. <b>Middle:</b> Same slice at higher magnification showing a patchï¿½clamp electrode during recording of a retrogradely stained fluorescent subicular pyramidal cell. <b>Bottom:</b> Response of the same cell to a depolarizing current injection. The neuron was classified as a regularï¿½spiking cell.<br><b>C:</b> Proportion of retrogradely labeled burst- and regularï¿½spiking neurons in pilocarpineï¿½treated rats. Scale bars=200 ï¿½m in B, top; 20 ï¿½m in B, middle.","Fig. 8",NULL,NULL,NULL,NULL,15700275,0,"SUB Pyramidal Axons:CA1:????",NULL,"3100462.png",NULL
3100462,5005,NULL,4055,NULL,"<b>Retrograde staining of subicular pyramidal cells by extracellular application of a fluorescence tracer in CA1.</b><br><b>A</b><sub><b>1</b></sub><b>:</b> The average number of retrograde labeled subicular neurons per section (thickness 50 ï¿½m) was not different in control and pilocarpineï¿½treated rats.<br><b>A</b><sub><b>2</b></sub><b>:</b> Fraction of slices containing the same number of retrogradely stained neurons. No difference was found between control and pilocarpineï¿½treated rats.<br><b>B: Top:</b> Slice stained with fluorescein in CA1. <b>Middle:</b> Same slice at higher magnification showing a patchï¿½clamp electrode during recording of a retrogradely stained fluorescent subicular pyramidal cell. <b>Bottom:</b> Response of the same cell to a depolarizing current injection. The neuron was classified as a regularï¿½spiking cell.<br><b>C:</b> Proportion of retrogradely labeled burst- and regularï¿½spiking neurons in pilocarpineï¿½treated rats. Scale bars=200 ï¿½m in B, top; 20 ï¿½m in B, middle.","Fig. 8",NULL,NULL,NULL,NULL,15700275,0,"SUB Pyramidal Axons:CA1:????",NULL,"3100462.png",NULL
3100462,5005,NULL,4066,NULL,"<b>Retrograde staining of subicular pyramidal cells by extracellular application of a fluorescence tracer in CA1.</b><br><b>A</b><sub><b>1</b></sub><b>:</b> The average number of retrograde labeled subicular neurons per section (thickness 50 ï¿½m) was not different in control and pilocarpineï¿½treated rats.<br><b>A</b><sub><b>2</b></sub><b>:</b> Fraction of slices containing the same number of retrogradely stained neurons. No difference was found between control and pilocarpineï¿½treated rats.<br><b>B: Top:</b> Slice stained with fluorescein in CA1. <b>Middle:</b> Same slice at higher magnification showing a patchï¿½clamp electrode during recording of a retrogradely stained fluorescent subicular pyramidal cell. <b>Bottom:</b> Response of the same cell to a depolarizing current injection. The neuron was classified as a regularï¿½spiking cell.<br><b>C:</b> Proportion of retrogradely labeled burst- and regularï¿½spiking neurons in pilocarpineï¿½treated rats. Scale bars=200 ï¿½m in B, top; 20 ï¿½m in B, middle.","Fig. 8",NULL,NULL,NULL,NULL,15700275,0,"SUB Pyramidal Axons:CA1:????",NULL,"3100462.png",NULL
3100462,5005,NULL,4006,NULL,"<b>Retrograde staining of subicular pyramidal cells by extracellular application of a fluorescence tracer in CA1.</b><br><b>A</b><sub><b>1</b></sub><b>:</b> The average number of retrograde labeled subicular neurons per section (thickness 50 ï¿½m) was not different in control and pilocarpineï¿½treated rats.<br><b>A</b><sub><b>2</b></sub><b>:</b> Fraction of slices containing the same number of retrogradely stained neurons. No difference was found between control and pilocarpineï¿½treated rats.<br><b>B: Top:</b> Slice stained with fluorescein in CA1. <b>Middle:</b> Same slice at higher magnification showing a patchï¿½clamp electrode during recording of a retrogradely stained fluorescent subicular pyramidal cell. <b>Bottom:</b> Response of the same cell to a depolarizing current injection. The neuron was classified as a regularï¿½spiking cell.<br><b>C:</b> Proportion of retrogradely labeled burst- and regularï¿½spiking neurons in pilocarpineï¿½treated rats. Scale bars=200 ï¿½m in B, top; 20 ï¿½m in B, middle.","Fig. 8",NULL,NULL,NULL,NULL,15700275,0,"SUB Pyramidal Axons:CA1:????",NULL,"3100462.png",NULL
3100462,5005,NULL,4076,NULL,"<b>Retrograde staining of subicular pyramidal cells by extracellular application of a fluorescence tracer in CA1.</b><br><b>A</b><sub><b>1</b></sub><b>:</b> The average number of retrograde labeled subicular neurons per section (thickness 50 ï¿½m) was not different in control and pilocarpineï¿½treated rats.<br><b>A</b><sub><b>2</b></sub><b>:</b> Fraction of slices containing the same number of retrogradely stained neurons. No difference was found between control and pilocarpineï¿½treated rats.<br><b>B: Top:</b> Slice stained with fluorescein in CA1. <b>Middle:</b> Same slice at higher magnification showing a patchï¿½clamp electrode during recording of a retrogradely stained fluorescent subicular pyramidal cell. <b>Bottom:</b> Response of the same cell to a depolarizing current injection. The neuron was classified as a regularï¿½spiking cell.<br><b>C:</b> Proportion of retrogradely labeled burst- and regularï¿½spiking neurons in pilocarpineï¿½treated rats. Scale bars=200 ï¿½m in B, top; 20 ï¿½m in B, middle.","Fig. 8",NULL,NULL,NULL,NULL,15700275,0,"SUB Pyramidal Axons:CA1:????",NULL,"3100462.png",NULL
3100462,5005,NULL,4003,NULL,"<b>Retrograde staining of subicular pyramidal cells by extracellular application of a fluorescence tracer in CA1.</b><br><b>A</b><sub><b>1</b></sub><b>:</b> The average number of retrograde labeled subicular neurons per section (thickness 50 ï¿½m) was not different in control and pilocarpineï¿½treated rats.<br><b>A</b><sub><b>2</b></sub><b>:</b> Fraction of slices containing the same number of retrogradely stained neurons. No difference was found between control and pilocarpineï¿½treated rats.<br><b>B: Top:</b> Slice stained with fluorescein in CA1. <b>Middle:</b> Same slice at higher magnification showing a patchï¿½clamp electrode during recording of a retrogradely stained fluorescent subicular pyramidal cell. <b>Bottom:</b> Response of the same cell to a depolarizing current injection. The neuron was classified as a regularï¿½spiking cell.<br><b>C:</b> Proportion of retrogradely labeled burst- and regularï¿½spiking neurons in pilocarpineï¿½treated rats. Scale bars=200 ï¿½m in B, top; 20 ï¿½m in B, middle.","Fig. 8",NULL,NULL,NULL,NULL,15700275,0,"SUB Pyramidal Axons:CA1:????",NULL,"3100462.png",NULL
3100462,5005,NULL,4028,NULL,"<b>Retrograde staining of subicular pyramidal cells by extracellular application of a fluorescence tracer in CA1.</b><br><b>A</b><sub><b>1</b></sub><b>:</b> The average number of retrograde labeled subicular neurons per section (thickness 50 ï¿½m) was not different in control and pilocarpineï¿½treated rats.<br><b>A</b><sub><b>2</b></sub><b>:</b> Fraction of slices containing the same number of retrogradely stained neurons. No difference was found between control and pilocarpineï¿½treated rats.<br><b>B: Top:</b> Slice stained with fluorescein in CA1. <b>Middle:</b> Same slice at higher magnification showing a patchï¿½clamp electrode during recording of a retrogradely stained fluorescent subicular pyramidal cell. <b>Bottom:</b> Response of the same cell to a depolarizing current injection. The neuron was classified as a regularï¿½spiking cell.<br><b>C:</b> Proportion of retrogradely labeled burst- and regularï¿½spiking neurons in pilocarpineï¿½treated rats. Scale bars=200 ï¿½m in B, top; 20 ï¿½m in B, middle.","Fig. 8",NULL,NULL,NULL,NULL,15700275,0,"SUB Pyramidal Axons:CA1:????",NULL,"3100462.png",NULL
3100462,5005,NULL,4061,NULL,"<b>Retrograde staining of subicular pyramidal cells by extracellular application of a fluorescence tracer in CA1.</b><br><b>A</b><sub><b>1</b></sub><b>:</b> The average number of retrograde labeled subicular neurons per section (thickness 50 ï¿½m) was not different in control and pilocarpineï¿½treated rats.<br><b>A</b><sub><b>2</b></sub><b>:</b> Fraction of slices containing the same number of retrogradely stained neurons. No difference was found between control and pilocarpineï¿½treated rats.<br><b>B: Top:</b> Slice stained with fluorescein in CA1. <b>Middle:</b> Same slice at higher magnification showing a patchï¿½clamp electrode during recording of a retrogradely stained fluorescent subicular pyramidal cell. <b>Bottom:</b> Response of the same cell to a depolarizing current injection. The neuron was classified as a regularï¿½spiking cell.<br><b>C:</b> Proportion of retrogradely labeled burst- and regularï¿½spiking neurons in pilocarpineï¿½treated rats. Scale bars=200 ï¿½m in B, top; 20 ï¿½m in B, middle.","Fig. 8",NULL,NULL,NULL,NULL,15700275,0,"SUB Pyramidal Axons:CA1:????",NULL,"3100462.png",NULL
3100462,5005,NULL,4015,NULL,"<b>Retrograde staining of subicular pyramidal cells by extracellular application of a fluorescence tracer in CA1.</b><br><b>A</b><sub><b>1</b></sub><b>:</b> The average number of retrograde labeled subicular neurons per section (thickness 50 ï¿½m) was not different in control and pilocarpineï¿½treated rats.<br><b>A</b><sub><b>2</b></sub><b>:</b> Fraction of slices containing the same number of retrogradely stained neurons. No difference was found between control and pilocarpineï¿½treated rats.<br><b>B: Top:</b> Slice stained with fluorescein in CA1. <b>Middle:</b> Same slice at higher magnification showing a patchï¿½clamp electrode during recording of a retrogradely stained fluorescent subicular pyramidal cell. <b>Bottom:</b> Response of the same cell to a depolarizing current injection. The neuron was classified as a regularï¿½spiking cell.<br><b>C:</b> Proportion of retrogradely labeled burst- and regularï¿½spiking neurons in pilocarpineï¿½treated rats. Scale bars=200 ï¿½m in B, top; 20 ï¿½m in B, middle.","Fig. 8",NULL,NULL,NULL,NULL,15700275,0,"SUB Pyramidal Axons:CA1:????",NULL,"3100462.png",NULL
3100462,5005,NULL,4084,NULL,"<b>Retrograde staining of subicular pyramidal cells by extracellular application of a fluorescence tracer in CA1.</b><br><b>A</b><sub><b>1</b></sub><b>:</b> The average number of retrograde labeled subicular neurons per section (thickness 50 ï¿½m) was not different in control and pilocarpineï¿½treated rats.<br><b>A</b><sub><b>2</b></sub><b>:</b> Fraction of slices containing the same number of retrogradely stained neurons. No difference was found between control and pilocarpineï¿½treated rats.<br><b>B: Top:</b> Slice stained with fluorescein in CA1. <b>Middle:</b> Same slice at higher magnification showing a patchï¿½clamp electrode during recording of a retrogradely stained fluorescent subicular pyramidal cell. <b>Bottom:</b> Response of the same cell to a depolarizing current injection. The neuron was classified as a regularï¿½spiking cell.<br><b>C:</b> Proportion of retrogradely labeled burst- and regularï¿½spiking neurons in pilocarpineï¿½treated rats. Scale bars=200 ï¿½m in B, top; 20 ï¿½m in B, middle.","Fig. 8",NULL,NULL,NULL,NULL,15700275,0,"SUB Pyramidal Axons:CA1:????",NULL,"3100462.png",NULL
3100462,5005,NULL,4041,NULL,"<b>Retrograde staining of subicular pyramidal cells by extracellular application of a fluorescence tracer in CA1.</b><br><b>A</b><sub><b>1</b></sub><b>:</b> The average number of retrograde labeled subicular neurons per section (thickness 50 ï¿½m) was not different in control and pilocarpineï¿½treated rats.<br><b>A</b><sub><b>2</b></sub><b>:</b> Fraction of slices containing the same number of retrogradely stained neurons. No difference was found between control and pilocarpineï¿½treated rats.<br><b>B: Top:</b> Slice stained with fluorescein in CA1. <b>Middle:</b> Same slice at higher magnification showing a patchï¿½clamp electrode during recording of a retrogradely stained fluorescent subicular pyramidal cell. <b>Bottom:</b> Response of the same cell to a depolarizing current injection. The neuron was classified as a regularï¿½spiking cell.<br><b>C:</b> Proportion of retrogradely labeled burst- and regularï¿½spiking neurons in pilocarpineï¿½treated rats. Scale bars=200 ï¿½m in B, top; 20 ï¿½m in B, middle.","Fig. 8",NULL,NULL,NULL,NULL,15700275,0,"SUB Pyramidal Axons:CA1:????",NULL,"3100462.png",NULL
3100462,5005,NULL,4013,NULL,"<b>Retrograde staining of subicular pyramidal cells by extracellular application of a fluorescence tracer in CA1.</b><br><b>A</b><sub><b>1</b></sub><b>:</b> The average number of retrograde labeled subicular neurons per section (thickness 50 ï¿½m) was not different in control and pilocarpineï¿½treated rats.<br><b>A</b><sub><b>2</b></sub><b>:</b> Fraction of slices containing the same number of retrogradely stained neurons. No difference was found between control and pilocarpineï¿½treated rats.<br><b>B: Top:</b> Slice stained with fluorescein in CA1. <b>Middle:</b> Same slice at higher magnification showing a patchï¿½clamp electrode during recording of a retrogradely stained fluorescent subicular pyramidal cell. <b>Bottom:</b> Response of the same cell to a depolarizing current injection. The neuron was classified as a regularï¿½spiking cell.<br><b>C:</b> Proportion of retrogradely labeled burst- and regularï¿½spiking neurons in pilocarpineï¿½treated rats. Scale bars=200 ï¿½m in B, top; 20 ï¿½m in B, middle.","Fig. 8",NULL,NULL,NULL,NULL,15700275,0,"SUB Pyramidal Axons:CA1:????",NULL,"3100462.png",NULL
3100463,NULL,NULL,NULL,NULL,"<b>Summary diagram illustrating the proposed interactions between cortical neuronal subtypes, as revealed by the generation of Up states.</b><br> Note that scale bars for pyramidal (PYR) neurons apply to all other traces. The Up states are generated by a recurrent interaction between PYR neurons and FS interneurons, with less involvement of ST and SOM neurons. The FS interneurons also project to one another, regulating their response to the excitatory potentials initiated by PYR and ST neurons. Nearby NPY interneurons are also depolarized by activity in excitatory and inhibitory FS neurons, but this does not reach action potential threshold. SOM interneurons receive mild excitatory inputs, which occasionally bring the cell to discharge. In contrast, both 5HTR3a and VIP interneurons receive relatively little synaptic input, despite the strong action potential barrages in nearby PYR and FS neurons. The arrows with different thickness indicate the relative strength of the functional connections between pyramidal/stellate neurons, FS interneurons, and the other subtypes of interneurons recorded. These results reveal a remarkable specificity and heterogeneity in the interconnections of pyramidal cells and different subtypes of inhibitory interneurons in the cerebral cortex.","Fig. 10",NULL,NULL,NULL,NULL,22933799,0,"(SC??PC)??(FS-IN??FS-IN)??NPY+|SOM+|5HTR3A+|VIP+??(SC??PC)",NULL,"3100463.png",NULL
3100464,NULL,NULL,NULL,NULL,"<b>Hippocampal Outputs Preferentially Target Neurons in L5b.</b><br><b>(A)</b> Putative synaptic terminals labeled in deep layers following expression of synaptophysinï¿½eGFP in the dorsal subiculum (left) or CA1 (right).<br><b>(B)</b> Density of putative synaptic terminals plotted as a function of layer following injection of synaptophysinï¿½eGFP into the subiculum or CA1. Filled circles indicate the population mean (ï¿½ SEM).<br><b>(C)</b> Examples of responses of neurons in L5a and L5b following light stimulation to activate terminals of subicular neurons infected with AAVï¿½ChR2ï¿½mCherry.<br><b>(D)</b> Mean response amplitudes for neurons from L5a and L5b. Filled circles indicate the population mean (ï¿½ SEM).","Fig. 6",NULL,NULL,NULL,NULL,26606996,0,"Ma; SUB|CA1 Synaptophysin?MEC:Vb; CA1 Synaptophysin?MEC:Va; SUB Synaptophysin?MEC:Va",NULL,"3100464.png",NULL
3100465,NULL,NULL,NULL,NULL,"<b>VGLUT3+ axon terminals form synaptic contacts on the somata of calbindin+ cells in MEC<sub>layerII</sub>.</b><br><b>Left:</b> Low magnification electron micrograph (scale bar: 2 ï¿½m) of three VGLUT3+ boutons (red boxes) surrounding a calbindin+ neuron (outlined in yellow). Note that the VGLUT3 positivity is indicated by the strong, dark DABï¿½Nickel immunoreaction, while the calbindin positivity in the cell body is visualized by the lighter DAB precipitate.<br><b>Right:</b> High magnification of the three VGLUT3+ terminals (scale bar: 0.5 ï¿½m); arrows indicate the synaptic junctions.","Fig. S2",NULL,NULL,NULL,NULL,20512133,0,"VGLUT3+?CB+ MEC:II neurons",NULL,"3100465.png",NULL
3100466,NULL,NULL,NULL,NULL,"<b>Modular Organization of Inputs in the MEC.</b><br><b>(Aï¿½C)</b> Average number of synaptic input points exclusively from the deep layers at different distances from the cell's main axis (perisomatic line perpendicular to the pial surface) to L2Ss (black star) in (A), L2Ps (black triangle) in (B), and L3Ps (black triangle) in (C). Values are reported as meanï¿½SEM.<br><b>(D)</b> Histogram compares the average spatial width in which we find 70% of all input points for all L2Ss (n=7), L2Ps (n=11), and L3Ps (n=12). L2Ss received 70% of their deep layer inputs from a significantly smaller spatial distance than L2Ps and L3Ps (L2S versus L2P: p&lt;0.05; L2S versus L3P: p&lt;0.05; L2P versus L3P: p&gt;0.05; Kruskalï¿½Wallis test with Dunn's Multiple Comparison; values are reported as meanï¿½SEM).<br><b>(E)</b> Histogram compares the offset of the deep layer input clusters from the cell's main axis by comparing the average median of all L2Ss (n=7), L2Ps (n=11), and L3Ps (n=12). L2Ss display input cluster positioning on the main axis, which is significantly different from the medial offset observed for L3Ps (L2S versus L3P: p&lt;0.05, Mannï¿½Whitney U test; values are reported as meanï¿½SEM). The average median of the more superficial population of L2Ps is only slightly shifted to the medial side and not significantly different from stellate cells (n=11; L2S versus L2P: p&gt;0.05, Mannï¿½Whitney U test).<br><b>(F)</b> Scatter plot displays the relationship between the distance of an excitatory cell (L2S, L2P, and L3P) soma from the pial surface and the spatial offset of the input cluster from the main axis quantified as the median of the deep input distance. The vertical position of an excitatory cell body in relation to the pial surface determines the offset (Pearson's r=0.38, p&lt;0.05 ANOVA) of the input cluster from the main axis.","Fig. 4",NULL,NULL,NULL,NULL,21172609,0,"MEC:V-VI (Deep)?MEC L2S|L2P|L3P",NULL,"3100466.png",NULL
3100467,NULL,NULL,NULL,NULL,"<b>(A)</b> Average number of synaptic input points from the superficial and deep layers to L3Ps.<br><b>(B)</b> The medial offset seen in the deep inputs (L3P Deep) is significantly different (p&lt;0.05) from the superficial inputs (L3P Sup). The superficial inputs are more symmetrical around the cellï¿½s main axis (not significantly different from a zero offset value).","Fig. S3",NULL,NULL,NULL,NULL,21172609,0,"MEC:I-IV (Superficial) | MEC:V-VI (Deep)?MEC L3P",NULL,"3100467.png",NULL
3100468,2000,NULL,4000,NULL,"A pyramidal cell was impaled in the CA3 stratum pyramidale. The presence of a Schaffer collateral (Sch) in the CA1 stratum radiatum was checked by antidromically activating the collateral with a stimulating electrode (STIM). This fiber could then be orthodromically discharged by injecting a current pulse into the CA3 neuron through the CA3 intracellular electrode. CA1 pyramidal cells were then impaled in the CA1 stratum pyramidale.","Fig. 1",NULL,NULL,NULL,NULL,2319304,0,"CA3 Pyramidal?CA1 Pyramidal",NULL,"3100468.png",NULL
3100469,NULL,NULL,NULL,NULL,"<b>Firing of IS cells is tightly coupled to gamma oscillation.</b><br><b>Aï¿½C,</b> Light microscopic reconstruction of two intracellularly filled putative IS cells. The cell bodies and the dendritic arbors for both neurons were found in the stratum oriens (A). The main axon originating from the somata gave rise to several collaterals predominantly arborizing in strata oriens and radiatum. Long axon branches reaching the CA3c region as well as penetrating into the CA1 were often decorated by drumstickï¿½like boutons (B, arrows), whereas other varicose collaterals formed multiple appositions (arrows) with nonpyramidal cell bodies in the strata oriens or radiatum (C).<br><b>D,</b> Raw traces showing the firing activity of cell 2 during the oscillation (20.8 Hz). Arrows mark the second spike within an oscillation cycle.<br><b>E,</b> Results calculated from a 1ï¿½minï¿½long recording epoch showing that the neuron discharged on the ascending phase of the oscillation as indicated on the STH in conjunction with the Pï¿½P. Its spiking followed the oscillation with a high fidelity as demonstrated by the ISI together with the AC.","Fig. 6",NULL,NULL,NULL,NULL,15483131,0,"putative interneuron specific",NULL,"3100469.png",NULL
3100470,NULL,NULL,NULL,NULL,"VIPï¿½immunoreactive nonï¿½principal cells were characterized in the dentate gyrus on the basis of their dendritic and axonal branching patterns, neurochemical marker content and postsynaptic targets. The following cell types were identified:<br><b>(i)</b> most abundant were the VIPï¿½positive cells with a hilar projection. Neurons with different dendritic arborization participate in the formation of the hilar axon plexus: (a) cells with ascending dendrites spanning all layers; (b) cells with dendrites restricted to the stratum moleculare; and (c) cells with dendrites restricted to the hilarï¿½CA3c region. All these types are immunoreactive for CR, but do not contain CCK. Their major postsynaptic targets are nonï¿½principal cells of the hilus visualized by SPR immunocytochemistry.<br><b>(ii)</b> Basket cells were located predominantly in the stratum moleculare. They always contain CCK, but never CR. Their axon terminals form symmetrical synapses largely on granule cells.<br><b>(iii)</b> Cells projecting to the stratum moleculare contained CR in 75% of the cases, but never CCK. Typical postsynaptic elements of these cells, among others, are VIP- and SPRï¿½positive neurons. Colocalization studies revealed that VIP coexists with GABA in all cell types, but never with the calciumï¿½binding proteins PV and CB.","p1425",NULL,NULL,NULL,NULL,8758949,0,"predominantly target non-principal cells",NULL,NULL,NULL
3100471,NULL,NULL,NULL,NULL,"The present study of VIPï¿½immunoreactive interneurons revealed a new component in hippocampal networks, GABAergic interneurons, which are specialized to control other interneurons. They should be considered as a third component, in addition to principal cells and other GABAergic interneurons, since the predominant targets of all interneurons described earlier in any cortical areas were principal cells.<br>The postsynaptic targets of three distinct, VIPï¿½containing interneuron types were established. Two of them were shown to selectively innervate other GABAergic neurons in the hippocampus, whereas the third contacted pyramidal cell bodies and proximal dendrites. VIPï¿½positive cells, projecting to the O/A border, innervated the horizontal dendrites of mGluRlaï¿½immunoreactive (somatostatin and calbindinï¿½containing) interneurons, which are known to be responsible for dendritic inhibition of pyramidal cells. VIPï¿½containing cells projecting to stratum radiatum also innervated GABAergic interneurons selectively, in particular those which contain calbindin Dï¿½28k, SPR, VIP and occasionally parvalbumin.","p331",NULL,NULL,NULL,NULL,8783252,0,"selectively target other GABAergic neurons",NULL,NULL,NULL
3100472,NULL,NULL,NULL,NULL,"Spineï¿½free calretininï¿½immunoreactive (CRï¿½IR) interneurons form a subpopulation of GABAergic cells in the rat hippocampus. A characteristic feature of these cells--located in all areas and layers--is the frequent dendroï¿½dendritic and axoï¿½dendritic contacts they form with each other. In this study we examined in detail the connectivity of these neurons by reconstructing their dendritic and axonal arbor and by identifying their postsynaptic targets. Radially running dendrites of CRï¿½IR cells, located in different layers, intermingled into long braids. An average cell was in contact with dendrites of three to seven other CRï¿½IR cells. Reconstruction of the dendritic trees from six consecutive sections demonstrated that at least 15 cells may participate in a dendroï¿½dendritically connected cluster. Electron microscopical examination revealed that regularly spaced zonula adherentia connect the touching dendrites. The postsynaptic targets of CRï¿½IR neurons have been examined using postembedding immunogold staining for GABA. CRï¿½containing GABAï¿½immunoreactive axons of local origin formed multiple symmetrical synaptic contacts (two to five) exclusively on GABAergic dendrites (CRï¿½negative as well as CRï¿½positive). Two to 10 CRï¿½IR axons may converge onto a single CRï¿½IR neuron, often from cells belonging to the same dendroï¿½dendritically connected cluster. Using double immunocytochemistry, CRï¿½IR cells were shown to heavily innervate calbindin D28kï¿½containing interneurons and VIPï¿½containing basket cells but avoided the parvalbuminï¿½containing basket and axoï¿½axonic cells. The unique connectivity of CRï¿½IR cells may enable them to play a crucial role in the generation of synchronous, rhythmic hippocampal activity by controlling other interneurons terminating on different dendritic and somatic compartments of principal cells.","Abstract",NULL,NULL,NULL,NULL,8627375,0,"exclusively on GABAergic dendrites; avoid PV+ basket and axo-axonic cells",NULL,NULL,NULL
3100473,NULL,NULL,NULL,NULL,"<b>PYR/RAD INs positive for vasoactive intestinal polypeptide target Oï¿½LM INs.</b><br><b>(A)</b> Maximal projection of a twoï¿½photon zï¿½stack acquired in the CA1 region of the hippocampus of a VIPï¿½eGFP mouse, showing bipolarly oriented VIPï¿½positive INs with a cell body located at the PYR/RAD border and a dense axonal arborization in the O/A.<br><b>(B)</b> Immunofluorescence images of neurons positive for calretinin (top) and VIP (middle) as well as their superimposition (bottom). Scale bar: 20 ï¿½m.<br><b>(C)</b> Sample traces of uIPSCs (six consecutive traces with an average trace shown in red; <b>top)</b> evoked in O/LM IN <b>(D)</b> by photostimulation of the bipolarly oriented VIPï¿½positive cell (<b>D</b>, inset; scale bar: 20 ï¿½m) and the distribution histograms of uIPSC peak amplitude (left), rise time (middle), and decay time constant (right) from all VIPï¿½positive cells (n=4).<br><b>(D)</b> Neurolucida reconstruction of an Oï¿½LM IN from which the recording was obtained <b>(C)</b>. Inset shows a VIPï¿½positive IN, which was stimulated by uncaging.<br><b>(E)</b> Example of a firing pattern (top) of a VIPï¿½positive IN and a summary plot of firing frequency as a function of pulse duration (bottom left; data from individual cells are shown in black and the group average is shown in red) and interspike interval histogram (bottom right) showing irregularity in IN firing. INs were depolarized to -40 mV.<br><b>(F)</b> Reconstruction of a bipolarly oriented VIPï¿½positive cell, showing anatomical features of a putative type III ISI (soma and dendrites are shown in black and its axon is shown in red).","Fig. 3F",NULL,NULL,NULL,NULL,21060720,0,"putative interneuron specific / selectively target other GABAergic neurons",NULL,"3100473.png",NULL
3100474,NULL,NULL,NULL,NULL,NULL,NULL,NULL,NULL,NULL,NULL,NULL,NULL,NULL,NULL,NULL,NULL
3100475,NULL,NULL,NULL,NULL,NULL,NULL,NULL,NULL,NULL,NULL,NULL,NULL,NULL,NULL,NULL,NULL
3100476,NULL,NULL,NULL,NULL,NULL,NULL,NULL,NULL,NULL,NULL,NULL,NULL,NULL,NULL,NULL,NULL
3100477,NULL,NULL,NULL,NULL,NULL,NULL,NULL,NULL,NULL,NULL,NULL,NULL,NULL,NULL,NULL,NULL
3100478,NULL,NULL,NULL,NULL,NULL,NULL,NULL,NULL,NULL,NULL,NULL,NULL,NULL,NULL,NULL,NULL
3100479,NULL,NULL,NULL,NULL,NULL,NULL,NULL,NULL,NULL,NULL,NULL,NULL,NULL,NULL,NULL,NULL
3100480,NULL,NULL,NULL,NULL,NULL,NULL,NULL,NULL,NULL,NULL,NULL,NULL,NULL,NULL,NULL,NULL
3100481,NULL,NULL,NULL,NULL,NULL,NULL,NULL,NULL,NULL,NULL,NULL,NULL,NULL,NULL,NULL,NULL
